7 0.12598369955590288 0.3114201099808186 0.18776466217500315 0.31730805113509036
7 0.2501842688377437 0.31671335632737063 0.14409647540671972 0.330606892044481
0 0.29715419672723253 0.435513949265356 0.0631272347764936 0.10890344155801372
1 0.386848476683266 0.32847479098552546 0.1455226200205253 0.3071966655834313
3 0.46640625 0.36015625 0.0453125 0.3171875
4 0.5505251573032293 0.42430589366603877 0.10784081283893307 0.27529210064862325
5 0.6668086874556545 0.447431522317839 0.1015362706844554 0.26580800649282177
9 0.7909365338648583 0.46522476866439105 0.12970672247985354 0.27411143019392786
1 0.916654151351301 0.47835778854989347 0.1296521803253757 0.26473643019392784
0 0.7091183864223822 0.5614627946389733 0.025254530054229285 0.04418637662320535
5 0.23515625 0.753125 0.1296875 0.128125
5 0.3296875 0.7453125 0.103125 0.1125
0 0.37502466667300316 0.750811666797952 0.0521806444174139 0.10715002678536116
1 0.434375 0.74765625 0.109375 0.1171875
7 0.6203125 0.784375 0.196875 0.190625
6 0.7703125 0.77578125 0.18125 0.1734375
0 0.8144689617543472 0.7953253258885615 0.06301815046753809 0.09015344155801372
1 0.90703125 0.78203125 0.1859375 0.1859375