9 0.14140625 0.39921875 0.2078125 0.3609375
6 0.05703125 0.38125 0.1140625 0.396875
1 0.33515625 0.4109375 0.1671875 0.3375
0 0.7183280710271834 0.49761441390836786 0.0516636858759707 0.0958943026734543
1 0.8162315572274658 0.34806785256209577 0.1630683847375849 0.39244313335454456
2 0.9609375 0.38515625 0.078125 0.3671875
7 0.6469594058474939 0.33519677725177643 0.17389679058178373 0.38632040268936263
3 0.5128162309285719 0.32347912193668477 0.17515928165332983 0.369151084022908
2 0.46171875 0.31640625 0.0859375 0.3859375
5 0.33671875 0.83671875 0.1640625 0.3265625
3 0.17578125 0.8171875 0.1859375 0.365625
3 0.0515625 0.78984375 0.103125 0.4203125
3 0.05390625 0.8 0.1078125 0.4
0 0.23203125 0.9796875 0.0890625 0.040625
4 0.61796875 0.67734375 0.1796875 0.1953125
1 0.790625 0.671875 0.15 0.184375
0 0.8595394521146158 0.6459990119350939 0.057968232953871456 0.09909202800763595
1 0.93515625 0.678125 0.1296875 0.196875