9 0.27734375 0.22578125 0.1234375 0.3671875
6 0.1265625 0.21015625 0.225 0.3984375
5 0.5578125 0.3453125 0.140625 0.128125
7 0.43203125 0.34609375 0.1578125 0.1265625
1 0.7046875 0.35078125 0.153125 0.1171875
1 0.85078125 0.34765625 0.1640625 0.1234375
1 0.02578125 0.75078125 0.0515625 0.2703125
9 0.0234375 0.7578125 0.046875 0.25625
8 0.021875 0.753125 0.04375 0.25
3 0.02578125 0.7640625 0.0515625 0.2625
5 0.04609375 0.765625 0.0921875 0.24375
4 0.14063073086617717 0.7758484703785602 0.10639371865896904 0.27515573295387147
0 0.07398513697609879 0.8925780487060491 0.014880853919208192 0.02837046185055314
6 0.40703125 0.5765625 0.1359375 0.334375
1 0.5703125 0.5890625 0.225 0.359375
1 0.78203125 0.6015625 0.2203125 0.384375
1 0.93046875 0.60546875 0.1390625 0.3921875
0 0.6488798368969564 0.7268241838506712 0.07496655925034226 0.10750458279171564