1 0.04765625 0.32109375 0.0953125 0.1765625
1 0.0484375 0.303125 0.096875 0.2125
1 0.07421875 0.28515625 0.1484375 0.2484375
4 0.4734375 0.3625 0.046875 0.09375
7 0.49375 0.35390625 0.0875 0.1109375
1 0.55234375 0.346875 0.1046875 0.125
1 0.63125 0.3359375 0.1125 0.146875
7 0.06432872483003446 0.6364553593959916 0.11373911094166686 0.19068248746358768
8 0.1384026576756942 0.6069747963847256 0.10098453780340293 0.1793812746106062
0 0.18080705680201364 0.6635143013992906 0.035793336056041625 0.06193771034569897
1 0.2035191646095484 0.5933692859598844 0.10072996466513899 0.16844377461060622
1 0.2670004363610414 0.5829342396416657 0.10752547853284736 0.192063131037097
2 0.48203125 0.81015625 0.0640625 0.2796875
4 0.4890625 0.78046875 0.078125 0.3078125
1 0.4984375 0.765625 0.096875 0.303125
6 0.5573818617041661 0.7387810743605441 0.15869054787138914 0.3106600183424
0 0.6283645492994785 0.8421130113492781 0.04037173328249999 0.057386602665567034
8 0.6681381769586453 0.7097946048436451 0.14877003400368077 0.286949733702664