6 0.09921875 0.35703125 0.1984375 0.4359375
1 0.27890625 0.3890625 0.2359375 0.4
1 0.46328125 0.41796875 0.2421875 0.3421875
1 0.59609375 0.44453125 0.1265625 0.2890625
0 0.321875 0.578125 0.040625 0.021875
2 0.69296875 0.36875 0.0671875 0.25
4 0.7015625 0.3953125 0.084375 0.3
9 0.69921875 0.4203125 0.0796875 0.3
0 0.67890625 0.51015625 0.0390625 0.0765625
1 0.75390625 0.4442838695295461 0.1609375 0.28843630698520056
2 0.8671875 0.46328125 0.1375 0.2515625
2 0.21796875 0.671875 0.1453125 0.165625
8 0.33984375 0.6734375 0.1828125 0.16875
8 0.4921875 0.67109375 0.16875 0.1640625
1 0.58828125 0.66796875 0.1421875 0.1578125
0 0.50546875 0.6841458002477054 0.0359375 0.05958407825883114
3 0.71015625 0.6515625 0.1015625 0.125
2 0.79296875 0.659375 0.1265625 0.140625
10 0.86328125 0.67265625 0.1453125 0.1671875
0 0.88515625 0.7281134479847691 0.0359375 0.05802157825883114
1 0.946875 0.68125 0.10625 0.184375