3 0.034375 0.1328125 0.06875 0.265625
9 0.034375 0.11640625 0.06875 0.2328125
10 0.08984375 0.1 0.1390625 0.2
0 0.16567745863108918 0.16143955327276743 0.023673849336070064 0.040761355386194256
1 0.209375 0.0890625 0.15625 0.178125
1 0.3328125 0.078125 0.1625 0.15625
1 0.49296875 0.39609375 0.0671875 0.2453125
1 0.496875 0.38671875 0.075 0.2640625
8 0.49375 0.3828125 0.06875 0.271875
3 0.49375 0.371875 0.06875 0.29375
1 0.51796875 0.3671875 0.1171875 0.28125
6 0.5866581000234412 0.350510622751 0.12815331283893308 0.2741738190854489
0 0.6423263170423456 0.45083787567786615 0.02697156615858276 0.07046703610435365
5 0.6703154825369985 0.3400594569617595 0.13742831888905727 0.25704086123992675
2 0.06171875 0.759375 0.1234375 0.48125
10 0.1265625 0.759375 0.253125 0.48125
10 0.3140625 0.7359375 0.290625 0.434375
0 0.42578125 0.846875 0.0671875 0.16875
3 0.5171875 0.8046875 0.115625 0.390625
1 0.5328125 0.7828125 0.146875 0.434375
4 0.6940115368899205 0.7367395351223949 0.20562484874689488 0.4308692466803503
0 0.7938246636479411 0.9037321132830302 0.04723861436318479 0.06277271077238851
1 0.8640625 0.71953125 0.225 0.4015625