6 0.2109375 0.36640625 0.15625 0.3453125
3 0.065625 0.36015625 0.13125 0.3578125
2 0.31640625 0.22421875 0.0546875 0.4484375
9 0.33515625 0.2296875 0.0921875 0.459375
10 0.47109375 0.24232002860441196 0.1671875 0.47225790268936263
0 0.5515625 0.4046649399268215 0.0609375 0.1147715720082724
1 0.6671875 0.23456952124445865 0.175 0.4676613093570898
1 0.8671875 0.23692981055064172 0.1859375 0.447476078691908
2 0.01484375 0.85078125 0.0296875 0.2734375
8 0.11484375 0.8414842346037755 0.071875 0.25396134134309045
6 0.22265625 0.8355422225891399 0.071875 0.23677384134309049
0 0.26875 0.9498496232495492 0.01875 0.045530676002545435
0 0.87578125 0.8009848619112313 0.06875 0.08204997867599957
4 0.95390625 0.69140625 0.0921875 0.3046875
7 0.7984375 0.6859375 0.184375 0.29375
10 0.61640625 0.684375 0.1984375 0.290625
2 0.4578125 0.671875 0.109375 0.265625