1 0.23403919994440942 0.29555079011137425 0.16839416261277798 0.388427216626121
1 0.41640625 0.3015625 0.1859375 0.41875
6 0.06953125 0.28515625 0.1390625 0.4140625
3 0.04375 0.2765625 0.0875 0.415625
0 0.1221905505337495 0.4360263200674076 0.05588893692972228 0.11905907220870696
6 0.56328125 0.109375 0.1078125 0.21875
8 0.928125 0.10703125 0.14375 0.2140625
0 0.8043679241088537 0.13209279899016887 0.061920731382639004 0.1097204336450254
9 0.7171875 0.10625 0.196875 0.2125
1 0.0171875 0.6390625 0.034375 0.11875
1 0.01796875 0.6375 0.0359375 0.115625
4 0.028125 0.6390625 0.05625 0.11875
8 0.11640625 0.63359375 0.0578125 0.1078125
10 0.2046875 0.634375 0.06875 0.109375
6 0.29765625 0.63671875 0.0609375 0.1140625
6 0.38515625 0.6328125 0.0578125 0.10625
0 0.33359375 0.590625 0.0140625 0.021875
1 0.8324948837399997 0.8840138472929666 0.08626872758291686 0.21609769867214013
2 0.9394533985576384 0.8865161576960128 0.06715505167111128 0.20036361436318478
0 0.77578125 0.96484375 0.0296875 0.0703125
4 0.73984375 0.8796875 0.0765625 0.240625