4 0.08222473964767332 0.2714385234984629 0.12162565254479193 0.26185021397248337
2 0.20035714380798586 0.2685268330244426 0.08848584422416686 0.2466418762235354
1 0.28266115074184006 0.2596726773968125 0.12445971181534735 0.249459341377145
0 0.33255008833715244 0.3669693114248962 0.048802482332569494 0.08444941106992569
1 0.3809349965815275 0.2701414406436564 0.11642900626826407 0.23981152286549073
6 0.5779535073151039 0.38202633783376594 0.089793771085903 0.23575893992586625
6 0.6869836684092705 0.36706851514576044 0.07246080072118062 0.22890873920022692
0 0.7340203629384371 0.46253727176918247 0.016352351823611146 0.031795637023308385
1 0.7856211901607636 0.3619122783926044 0.08514263867708358 0.23715774881887358
1 0.8835865646857982 0.3520412597882829 0.09273693313000031 0.22805556733052795
2 0.0203125 0.91171875 0.040625 0.1765625
1 0.02578125 0.9078125 0.0515625 0.184375
1 0.04921875 0.91015625 0.0984375 0.1796875
1 0.14140625 0.9078125 0.0953125 0.184375
7 0.02421875 0.91328125 0.0484375 0.1734375
9 0.6078125 0.95859375 0.15625 0.0828125
4 0.721875 0.95703125 0.128125 0.0859375
4 0.825 0.9578125 0.11875 0.084375