4 0.0359375 0.25390625 0.071875 0.3234375
2 0.0890625 0.26343262337349926 0.103125 0.30648755357072244
1 0.19375 0.26213495048317204 0.1484375 0.31040348620028224
0 0.24453125 0.4005213404990581 0.059375 0.10572389448011296
1 0.315625 0.2845747865212986 0.1390625 0.29773984496658024
8 0.85078125 0.0640625 0.0890625 0.128125
1 0.93203125 0.06796875 0.1015625 0.1359375
2 0.47578125 0.03046875 0.0390625 0.0609375
9 0.51796875 0.0328125 0.0703125 0.065625
8 0.02265625 0.56796875 0.0453125 0.1765625
1 0.02265625 0.57421875 0.0453125 0.1890625
7 0.025 0.58359375 0.05 0.2078125
8 0.0765625 0.58828125 0.084375 0.2171875
9 0.153125 0.5890625 0.096875 0.21875
3 0.45546875 0.578125 0.0921875 0.196875
5 0.575 0.58359375 0.128125 0.2078125
7 0.69921875 0.590625 0.1359375 0.221875
0 0.75078125 0.6603775815706043 0.0421875 0.08354888555165907
1 0.82734375 0.60859375 0.1296875 0.2578125
1 0.94765625 0.5953125 0.1046875 0.23125