4 0.13125 0.384375 0.18125 0.309375
8 0.27734375 0.39296875 0.1578125 0.2921875
7 0.41015625 0.396875 0.1515625 0.284375
1 0.50625 0.403125 0.0875 0.271875
0 0.453125 0.52421875 0.05625 0.0296875
0 0.5792734939131403 0.4679390172666098 0.05107269867918127 0.0924783914905479
7 0.6615598299252307 0.37934921593874993 0.14244422803945261 0.291434041958086
9 0.7806098219287305 0.3542588332288009 0.15625218936981647 0.2696408551898026
4 0.58671875 0.35390625 0.0734375 0.3109375
5 0.58828125 0.33671875 0.0765625 0.2859375
3 0.26484375 0.84375 0.1453125 0.3125
9 0.43515625 0.846875 0.1390625 0.30625
4 0.51328125 0.85625 0.0734375 0.2875
9 0.7640625 0.63203125 0.184375 0.1859375
7 0.921875 0.63046875 0.15625 0.1828125
0 0.9745689072645032 0.5726083365484506 0.035102253341817755 0.06269998789975162