2 0.24036160939599158 0.2592466932111911 0.08501882383181876 0.2910704275949012
3 0.33266276966254826 0.2548041120254937 0.13234846489804558 0.3069681383672898
1 0.44296875 0.2453125 0.1140625 0.31875
0 0.4859375 0.35390625 0.028125 0.1015625
1 0.52109375 0.425 0.0421875 0.2375
1 0.5811109783588947 0.4300500726014905 0.09735368778015681 0.2317772408266178
1 0.6762643539857153 0.43496431069763375 0.0834275801000249 0.2363829275949012
4 0.7684518539857152 0.43442797951193635 0.0755696159934022 0.23477497579950324
10 0.8502330513992906 0.4425444856602564 0.07819451082055266 0.21760565651766245
8 0.9385597655059132 0.44046838037225805 0.06854672618081654 0.20817611436318478
3 0.9859375 0.446875 0.028125 0.215625
3 0.02734375 0.934375 0.0546875 0.13125
4 0.03125 0.94140625 0.0625 0.1171875
4 0.10234375 0.94453125 0.0984375 0.1109375
1 0.1953125 0.94609375 0.10625 0.1078125
1 0.29296875 0.953125 0.1078125 0.09375
5 0.6734375 0.90234375 0.115625 0.1953125
2 0.84140625 0.90703125 0.0546875 0.1859375
1 0.9421875 0.91171875 0.115625 0.1765625