2 0.078125 0.07265625 0.078125 0.1453125
3 0.1703125 0.0765625 0.125 0.153125
1 0.28828125 0.07890625 0.1234375 0.1578125
0 0.3484375 0.03828125 0.05 0.0765625
1 0.41015625 0.071875 0.1140625 0.14375
1 0.5203125 0.07109375 0.128125 0.1421875
5 0.73359375 0.17890625 0.0890625 0.3578125
8 0.74140625 0.1609375 0.1046875 0.321875
0 0.7845907069617596 0.24883256325591266 0.05368860226293641 0.09749316534054504
10 0.87421875 0.1640625 0.1609375 0.328125
1 0.96484375 0.13046875 0.0703125 0.2609375
7 0.0890625 0.83828125 0.178125 0.3234375
10 0.29609375 0.834375 0.1515625 0.33125
1 0.4984375 0.82890625 0.1875 0.3421875
1 0.63828125 0.82734375 0.1015625 0.3453125
4 0.7328125 0.75 0.0875 0.4
7 0.72109375 0.75078125 0.0640625 0.3515625
0 0.7356537580932276 0.9002768845878674 0.052062469749379045 0.08653748400699968
6 0.8090452854169824 0.7572257712444587 0.16645326443793956 0.4128465400222717
5 0.94609375 0.70859375 0.1078125 0.3578125