3 0.25625 0.1203125 0.24375 0.240625
10 0.44453125 0.12421875 0.2203125 0.2484375
9 0.58046875 0.1203125 0.0984375 0.240625
3 0.975 0.31484375 0.05 0.1671875
5 0.13691469748008228 0.6647581026018666 0.1315301109788372 0.27956132535009015
10 0.27890625 0.63828125 0.1203125 0.2390625
0 0.34497959857543903 0.7341877132400043 0.02443771034569906 0.034647720003181705
1 0.4203125 0.63828125 0.140625 0.2390625
6 0.7361478193459792 0.7243689125955033 0.12138222116625172 0.2528897373488174
10 0.8324999821198183 0.7412104199156857 0.1166037929530063 0.24971019334818118
0 0.8702607434025895 0.8391752052435042 0.04749477711788863 0.07552725867281787
1 0.9274033051602142 0.7541638585694136 0.1064104390337981 0.22147610534690845
5 0.98515625 0.75234375 0.0296875 0.2171875