7 0.16953125 0.34296875 0.1828125 0.3328125
5 0.35390625 0.334375 0.1640625 0.35
0 0.453125 0.4859375 0.034375 0.046875
1 0.52265625 0.31875 0.1546875 0.38125
3 0.80625 0.1078125 0.209375 0.215625
7 0.06328125 0.746875 0.1265625 0.475
7 0.1109375 0.7234375 0.221875 0.428125
0 0.17566038943958287 0.8578656781686282 0.06980596656499997 0.11367276217486477
1 0.2890625 0.70234375 0.228125 0.3859375
1 0.45625 0.69921875 0.246875 0.3796875
2 0.63828125 0.6640625 0.0765625 0.309375
10 0.73828125 0.66171875 0.1765625 0.3046875
5 0.871875 0.63046875 0.15 0.2421875
0 0.9428134814795481 0.716469516238645 0.047894598973819494 0.11172843262956
1 0.9609375 0.63203125 0.078125 0.2453125