7 0.14685473575845226 0.3264635478118184 0.15083735479701907 0.4133635841125637
5 0.622454699457707 0.14923849336070064 0.10626013212077386 0.2709215540583344
1 0.7435666301758663 0.14681799618937097 0.09225217427525152 0.2802147408266178
0 0.803109280937992 0.2526367250139362 0.026817030054229286 0.04390453610435365
1 0.8732814012531052 0.1428849959929792 0.10619649960721649 0.25998405405833436
1 0.96875 0.14921875 0.0625 0.2859375
7 0.0390625 0.68046875 0.078125 0.2609375
8 0.12890625 0.69140625 0.1078125 0.2828125
0 0.1860081393492484 0.7909906978865733 0.042632927594901206 0.07680793969514958
1 0.2484375 0.67890625 0.121875 0.2578125
7 0.48848824473544267 0.7181293939264346 0.11586239109776422 0.3100385962128122
1 0.6149825670423456 0.7305844630118837 0.10319876463433104 0.28184087334017516
0 0.6783178383159761 0.8559571677341481 0.02049430718159222 0.03136817466803503
1 0.7493212056060271 0.7376162338927308 0.11570785499341092 0.28347609621281206
1 0.8751160911446465 0.7360042577986401 0.10942149355709248 0.2771897347764936