7 0.053125 0.10625 0.10625 0.2125
1 0.11953125 0.12578125 0.2265625 0.2515625
1 0.325 0.14453125 0.259375 0.2890625
2 0.53671875 0.16171875 0.0640625 0.3234375
0 0.17883964931299 0.2356128027632388 0.03463106426490725 0.06307274431795715
5 0.86953125 0.1015625 0.2140625 0.203125
10 0.10703125 0.63828125 0.2140625 0.4765625
5 0.30278430001263523 0.6608191286550957 0.23594012932123726 0.4335876160698987
0 0.366916310833188 0.876997507713933 0.04212531551854841 0.052271612012708954
1 0.4765625 0.71171875 0.184375 0.4921875
5 0.6359375 0.58125 0.134375 0.3625
1 0.72265625 0.6015625 0.2796875 0.403125
0 0.7979329786215921 0.7471366838506711 0.0970976235152495 0.17035913879807013
1 0.89921875 0.621875 0.2015625 0.44375