3 0.08515625 0.19453125 0.1703125 0.3890625
4 0.26953125 0.21015625 0.1796875 0.4203125
1 0.415625 0.240625 0.10625 0.415625
7 0.55546875 0.28203125 0.1734375 0.4265625
7 0.95625 0.35703125 0.0875 0.4046875
4 0.7101898759548202 0.28799527474536 0.20667145472627002 0.44140789202736236
0 0.7520399265993213 0.45178560208463237 0.06851473734881744 0.11484429734245402
10 0.8683927272835932 0.32343443010022266 0.20767033338636126 0.3929885733609078
5 0.240625 0.9515625 0.134375 0.096875
2 0.4109375 0.9625 0.084375 0.075
3 0.51484375 0.7 0.0921875 0.28125
2 0.5140625 0.70859375 0.090625 0.2984375
6 0.61328125 0.72265625 0.1640625 0.3265625
0 0.6733876679265034 0.8461174047580867 0.06366360534690844 0.10072725334181776
1 0.77578125 0.728125 0.1765625 0.3375
3 0.9203125 0.7390625 0.159375 0.359375