7 0.33236629075010365 0.319173429941139 0.15018837005972258 0.3454045013526354
7 0.49949923936333285 0.31957177725177655 0.11228832655673635 0.3277806493475449
0 0.5585631552071522 0.4329161145767314 0.03590243882958326 0.06602498933799979
1 0.62421875 0.328125 0.1109375 0.39375
3 0.7538977582650344 0.18477115794082088 0.10654485999173638 0.21524428668045398
9 0.8518085814032983 0.17269732459423057 0.09571646276527801 0.21980451734563572
0 0.886545297683958 0.25742631325591264 0.029397865691319504 0.055014764003817974
1 0.9385636989944788 0.17012576058245843 0.0858686840799308 0.1993829293443632
1 0.9890625 0.1625 0.021875 0.221875
7 0.30234375 0.74375 0.1546875 0.15
5 0.446875 0.740625 0.125 0.14375
0 0.4875 0.69140625 0.04375 0.0453125
7 0.55390625 0.740625 0.1203125 0.14375
9 0.64375 0.74140625 0.071875 0.1453125
4 0.7390625 0.9328125 0.11875 0.134375
1 0.9078125 0.93046875 0.184375 0.1390625