7 0.14453125 0.1265625 0.1765625 0.253125
7 0.2734375 0.10703125 0.14375 0.2140625
0 0.34624116923358395 0.15380759859256993 0.03848184740221221 0.05712282218833344
1 0.35625 0.11171875 0.125 0.2234375
8 0.4546875 0.31328125 0.071875 0.2421875
2 0.5131911156628616 0.28516408852458375 0.12292285145940199 0.24182643692972228
0 0.5780542309219813 0.3772619759673962 0.08165119480442443 0.11435474715020852
1 0.5971433758091312 0.2629091884483337 0.14468875730360065 0.23608558320625014
2 0.7199535844132734 0.22984472815159776 0.11952511606989855 0.22612870174736122
3 0.0390625 0.61171875 0.078125 0.1453125
9 0.0375 0.609375 0.075 0.140625
8 0.03125 0.6046875 0.0625 0.13125
0 0.070763882301953 0.5791888050895837 0.030423885551659247 0.04287848423243048
1 0.10703125 0.609375 0.1609375 0.140625
1 0.23046875 0.61015625 0.1671875 0.1421875
4 0.68671875 0.69296875 0.1765625 0.3078125
4 0.8625 0.66875 0.175 0.259375
10 0.78046875 0.6734375 0.1609375 0.26875
8 0.940625 0.64609375 0.11875 0.2140625
2 0.434375 0.68984375 0.03125 0.1515625
9 0.446875 0.68046875 0.05625 0.1828125