3 0.0484375 0.1921875 0.096875 0.334375
9 0.04140625 0.21875 0.0828125 0.28125
7 0.0734375 0.23671875 0.146875 0.2453125
7 0.215625 0.246875 0.165625 0.225
1 0.6953125 0.20234375 0.1875 0.3140625
1 0.94296875 0.2296875 0.1140625 0.259375
5 0.8328125 0.21875 0.159375 0.28125
5 0.5421875 0.1859375 0.171875 0.346875
0 0.86875 0.33359375 0.05 0.0515625
2 0.18783054805854277 0.7890625 0.16377488271799762 0.378125
1 0.3078125 0.8015625 0.184375 0.3875
4 0.4375 0.50625 0.075 0.29375
7 0.50234375 0.50546875 0.1484375 0.2921875
0 0.5713623054184961 0.63203125 0.05873974801081765 0.0796875
1 0.678125 0.5046875 0.153125 0.290625
1 0.84296875 0.5109375 0.1515625 0.303125