0 0.26860552830502293 0.34156286962774196 0.05084709765100204 0.08309430113146803
5 0.3 0.2421875 0.0375 0.296875
6 0.22758206004176512 0.22025095100983122 0.15390521615168673 0.29615790339440445
3 0.10303068942950944 0.18125156264254136 0.20275189311129083 0.31050220452587257
5 0.37890625 0.09296875 0.1203125 0.1859375
2 0.5625 0.09609375 0.103125 0.1921875
7 0.696875 0.11015625 0.190625 0.2203125
0 0.7568700579301941 0.22890378834384872 0.06554609514371953 0.10505111436318479
1 0.88984375 0.1375 0.2046875 0.275
7 0.05390625 0.93828125 0.1078125 0.1234375
5 0.03125 0.93984375 0.0625 0.1203125
1 0.1609375 0.94609375 0.14375 0.1078125
1 0.25859375 0.94765625 0.1203125 0.1046875
0 0.8366712181967507 0.8688202612164856 0.04579588479802066 0.07056703005422929
9 0.6725141268139548 0.7303884994108248 0.17849603919208262 0.2822408491396784
1 0.91484375 0.76796875 0.1703125 0.2890625
1 0.7972329819868044 0.7482986829576544 0.15831993151195078 0.28681017447164336