0 0.45114870806808777 0.3129043680776328 0.0556692920114541 0.08501134667409058
5 0.4921875 0.18046875 0.175 0.3046875
6 0.36490157805536116 0.21816348539940603 0.17066013470717997 0.30038290268936263
3 0.23698566339113372 0.2346413660486796 0.21931581070972522 0.3196965240292714
3 0.54921875 0.15234375 0.0609375 0.3046875
0 0.880019142743451 0.5007316320814509 0.07781701201463562 0.10870338534372692
3 0.792091334062679 0.39581631806967865 0.19609648671227067 0.3381738040260897
5 0.67421875 0.43125 0.1890625 0.359375
1 0.915625 0.35703125 0.16875 0.3390625
1 0.975 0.321875 0.05 0.371875
0 0.20088507873167885 0.9266219700827234 0.05706816000954511 0.07096702800763595
1 0.2265625 0.834375 0.196875 0.209375
3 0.3546875 0.8203125 0.18125 0.18125
7 0.10078125 0.8515625 0.1828125 0.24375
9 0.04609375 0.86484375 0.0921875 0.2703125
2 0.0375 0.86484375 0.075 0.2703125
4 0.87890625 0.8265625 0.2140625 0.19375