6 0.06171875 0.13984375 0.1234375 0.2796875
1 0.12890625 0.13984375 0.2546875 0.2796875
1 0.30078125 0.146875 0.1765625 0.265625
6 0.43046875 0.1015625 0.0828125 0.203125
1 0.47265625 0.10625 0.1671875 0.2125
4 0.61953125 0.109375 0.2234375 0.21875
8 0.81875 0.1125 0.2125 0.225
2 0.95234375 0.11328125 0.0953125 0.2265625
0 0.6797451903369023 0.09265304908836472 0.07707278896022593 0.11918633723582168
3 0.025 0.5375 0.05 0.209375
1 0.02421875 0.56171875 0.0484375 0.2171875
3 0.04609375 0.58359375 0.0921875 0.2140625
0 0.07223665340527141 0.6842820128858154 0.019568206168510117 0.04698408430895533
7 0.1325780896882792 0.6050166937021704 0.10206488068039529 0.20838519262201594
2 0.2362212869283357 0.6341042300029157 0.0675535129856435 0.20037270472226432
7 0.46328125 0.49140625 0.1484375 0.4234375
1 0.61328125 0.50390625 0.2734375 0.4484375
0 0.6752076948011292 0.684668353146699 0.08025233603812651 0.1223295179539809
10 0.8390625 0.52890625 0.290625 0.4984375