6 0.071875 0.31171875 0.14375 0.4609375
1 0.2406822066512823 0.31151088972392327 0.22852008590601258 0.5018573599917363
0 0.3448742984962966 0.48709015834128433 0.08608591567683313 0.1144274823325695
1 0.44921875 0.28828125 0.2203125 0.4890625
1 0.60234375 0.31796875 0.0859375 0.2828125
1 0.6810140384671668 0.30557393351124984 0.1267062186589692 0.27620143692972227
1 0.7711305731069029 0.2941077970183678 0.1223824315119506 0.28859233415618063
1 0.9859375 0.2609375 0.028125 0.246875
5 0.9412528564929978 0.26984941337527746 0.11472304420664745 0.24000936379145835
4 0.862809607746639 0.2826052929343053 0.11108121865896914 0.2758377610179167
9 0.04375 0.73984375 0.0875 0.2421875
7 0.1578125 0.73984375 0.15625 0.2421875
0 0.2416787538274307 0.8353276365897913 0.03302310015828454 0.061664851823611144
6 0.3265625 0.74140625 0.14375 0.2453125
3 0.48046875 0.740625 0.1578125 0.24375
4 0.63203125 0.7125 0.1453125 0.1875
7 0.76171875 0.703125 0.1578125 0.16875
0 0.8406354278840411 0.7305316870266315 0.050528848904643375 0.0730023953265972
4 0.91328125 0.70703125 0.1484375 0.1765625