6 0.1109375 0.125 0.221875 0.25
4 0.246875 0.11484375 0.196875 0.2296875
0 0.2769645593228917 0.19646670779665856 0.05684996369925486 0.10410684740221221
1 0.403125 0.13671875 0.23125 0.2734375
2 0.49921875 0.1546875 0.0390625 0.309375
10 0.8375 0.29609375 0.203125 0.3453125
6 0.9359375 0.31796875 0.128125 0.3015625
5 0.1625 0.56171875 0.209375 0.1859375
1 0.30703125 0.56328125 0.1984375 0.1890625
0 0.3461049238824681 0.5532758153451406 0.06303633118569749 0.09327844155801372
1 0.43203125 0.56484375 0.1734375 0.1921875
9 0.5640625 0.8515625 0.090625 0.296875
5 0.6046875 0.865625 0.1625 0.26875
9 0.71875 0.8796875 0.165625 0.240625
3 0.85859375 0.8953125 0.1671875 0.209375