6 0.3288425536678815 0.25535828693492624 0.27035670611576423 0.4092421810047068
4 0.459375 0.184375 0.2125 0.36875
0 0.5565668569545135 0.3021439634787015 0.06177526101791671 0.10416139448011279
1 0.621875 0.16640625 0.25625 0.3328125
2 0.7328125 0.1421875 0.09375 0.284375
7 0.8234375 0.40390625 0.0875 0.1515625
2 0.8125 0.3859375 0.065625 0.1875
10 0.85234375 0.36484375 0.1453125 0.2296875
3 0.0640625 0.62421875 0.128125 0.2890625
3 0.18125 0.6015625 0.2125 0.24375
5 0.3390625 0.565625 0.1875 0.171875
0 0.43921439637343695 0.6006729667251124 0.03721036569131932 0.05531479139585791
1 0.4859375 0.56953125 0.21875 0.1796875
1 0.65 0.5734375 0.21875 0.1875
2 0.8078125 0.64921875 0.05625 0.2859375
9 0.86796875 0.634375 0.1765625 0.309375
5 0.9625 0.6140625 0.075 0.26875