2 0.2015625 0.0640625 0.1125 0.128125
8 0.28515625 0.065625 0.1390625 0.13125
0 0.34765625 0.01484375 0.0390625 0.0296875
8 0.3859375 0.0671875 0.14375 0.134375
5 0.4859375 0.06640625 0.165625 0.1328125
5 0.66171875 0.29296875 0.0640625 0.2140625
5 0.66953125 0.271875 0.0796875 0.1875
0 0.7209890407383603 0.33456549742621056 0.052580654678545 0.08900031551854841
1 0.7411828147278607 0.2578355128656167 0.11473630402608972 0.19546091567683313
1 0.8151197540579064 0.23577630793019413 0.13395901869827115 0.2366314849563052
3 0.05703125 0.6734375 0.1140625 0.29375
9 0.15390625 0.65703125 0.1546875 0.2765625
8 0.278125 0.62734375 0.13125 0.2171875
0 0.3570714440642698 0.7181281551854848 0.030178396005727137 0.04305131802583091
1 0.39140625 0.62578125 0.1640625 0.2140625
1 0.51484375 0.6140625 0.1703125 0.190625
4 0.87890625 0.60078125 0.1796875 0.1640625
10 0.94453125 0.58984375 0.1109375 0.1421875
2 0.6453125 0.5625 0.03125 0.0875
9 0.65859375 0.565625 0.0578125 0.09375