9 0.3796872191876946 0.22427083049832638 0.16167225204506402 0.2946408551898026
0 0.4499876958307296 0.3325105773750684 0.07367684389007838 0.11603406615858276
1 0.50703125 0.22890625 0.1640625 0.3484375
4 0.271320789720808 0.21582655054229294 0.14503032132453625 0.3132908612399268
4 0.63046875 0.34140625 0.0828125 0.3265625
6 0.62734375 0.3421875 0.0765625 0.30625
4 0.6729180451310844 0.32965322208707004 0.12192779044572397 0.27097609621281205
0 0.7331531999873647 0.4347088816297946 0.04124477711788863 0.07522725897699054
4 0.8155374541439999 0.31563669476331524 0.13796196740532807 0.28512949980360824
7 0.29453125 0.825 0.1953125 0.35
6 0.4448552296125358 0.8205236617822198 0.18022367524374444 0.3416158491396784
0 0.5138061549227875 0.9482901134794218 0.06192098997087001 0.0878454336450254
1 0.53984375 0.8171875 0.0984375 0.35625
3 0.63046875 0.87265625 0.0828125 0.2546875
8 0.63984375 0.88359375 0.1015625 0.2328125
6 0.74375 0.88125 0.146875 0.2375
1 0.89921875 0.8671875 0.1765625 0.265625