4 0.0375 0.30703125 0.075 0.2453125
7 0.05625 0.325 0.1125 0.209375
6 0.17265625 0.340625 0.1421875 0.178125
1 0.30546875 0.34921875 0.1609375 0.1609375
2 0.46875 0.36484375 0.115625 0.1296875
3 0.67890625 0.34140625 0.1203125 0.1765625
3 0.76171875 0.35234375 0.1671875 0.1546875
3 0.9453125 0.38515625 0.109375 0.0890625
9 0.8640625 0.37421875 0.1625 0.1109375
6 0.4234375 0.63046875 0.246875 0.4015625
9 0.5453125 0.65078125 0.146875 0.3984375
0 0.6 0.81328125 0.0375 0.1296875
3 0.665625 0.55625 0.09375 0.253125
4 0.66484375 0.57265625 0.0921875 0.2859375
1 0.665625 0.58828125 0.09375 0.3171875
0 0.6630837237563997 0.7039479711893392 0.06150110226293641 0.09793866801906326
1 0.7605586874556545 0.5991320117744181 0.1987657946885605 0.3284364659077429
1 0.8970774495559029 0.6311205771162633 0.19574987899751584 0.3471319188298422