6 0.05703125 0.35 0.1140625 0.41875
8 0.35859375 0.303125 0.1609375 0.440625
0 0.26328125 0.50859375 0.0703125 0.1015625
9 0.1625 0.36015625 0.225 0.3984375
1 0.7640898287409379 0.19748747625173663 0.17544294319798634 0.35857883225631965
1 0.9080034829012504 0.20786454464034793 0.17104638392743077 0.370969729482778
2 0.6305324463321185 0.19594054720579904 0.11748497283326423 0.350983231382639
0 0.6875663091736464 0.3315702291015283 0.041099085106111134 0.08840918977951392
5 0.49453125 0.2 0.1109375 0.384375
2 0.1109375 0.93984375 0.128125 0.1203125
5 0.2421875 0.9375 0.159375 0.125
8 0.37578125 0.934375 0.1265625 0.13125
4 0.51640625 0.88203125 0.1546875 0.2359375
8 0.6515625 0.87890625 0.146875 0.2421875
7 0.7828125 0.87109375 0.140625 0.2578125
1 0.92109375 0.86484375 0.1578125 0.2703125