6 0.053125 0.19609375 0.10625 0.3921875
8 0.3 0.16640625 0.159375 0.3328125
0 0.182511107904444 0.3248952907383604 0.06508209897381949 0.11166475334181776
9 0.0984375 0.203125 0.196875 0.40625
8 0.94140625 0.09375 0.1171875 0.1875
2 0.83828125 0.0890625 0.0984375 0.178125
8 0.21328125 0.91484375 0.0703125 0.1703125
1 0.3390625 0.9171875 0.08125 0.165625
9 0.37734375 0.92109375 0.0234375 0.1578125
7 0.2671875 0.9203125 0.071875 0.159375
0 0.29765625 0.9859375 0.0265625 0.028125
3 0.4375 0.821875 0.096875 0.35625
1 0.4390625 0.821875 0.1 0.35625
9 0.60234375 0.825 0.1453125 0.35
1 0.7953125 0.80703125 0.190625 0.3859375