3 0.1 0.11015625 0.16875 0.2203125
6 0.24609375 0.1203125 0.1609375 0.240625
1 0.38515625 0.13046875 0.1671875 0.2609375
1 0.47890625 0.140625 0.0796875 0.28125
0 0.28126282588856155 0.21173355273292155 0.03363070616851012 0.0480208377489479
1 0.6171875 0.29296875 0.196875 0.5421875
1 0.74765625 0.32890625 0.2859375 0.5015625
10 0.8828125 0.33828125 0.234375 0.4828125
0 0.96875 0.5484375 0.0625 0.0625
3 0.06015625 0.88515625 0.1203125 0.2296875
3 0.10234375 0.89765625 0.2046875 0.2046875
6 0.24609375 0.91015625 0.2359375 0.1796875
1 0.40703125 0.92265625 0.2234375 0.1546875
6 0.63125 0.69765625 0.134375 0.2359375
1 0.746875 0.71015625 0.15625 0.2609375
0 0.7792269930968458 0.8180653982864179 0.022447744317957152 0.03357639183263199
1 0.86328125 0.715625 0.1546875 0.271875
1 0.98515625 0.74296875 0.0296875 0.2578125