4 0.36171875 0.1798450186413519 0.1703125 0.3478658491396784
4 0.4546875 0.165625 0.05 0.31875
6 0.60625 0.18580867233034398 0.09375 0.2317954215447771
3 0.7078125 0.16881154899016884 0.1078125 0.2365647347764937
0 0.771875 0.2551575942679045 0.021875 0.047002265027114645
1 0.8125 0.15570249493183447 0.1015625 0.23184087334017517
2 0.9421875 0.14791674512822617 0.08125 0.27234769867214015
5 0.065625 0.6859375 0.13125 0.271875
7 0.175 0.6765625 0.171875 0.253125
0 0.2609375 0.7435388382177803 0.0734375 0.10198974687674198
1 0.31953125 0.66015625 0.1859375 0.2203125
2 0.4359375 0.63671875 0.0875 0.1734375
1 0.91875 0.63359375 0.1625 0.1671875
6 0.77890625 0.62734375 0.1609375 0.1546875
4 0.65625 0.63515625 0.14375 0.1703125
3 0.53046875 0.63046875 0.1015625 0.1609375
0 0.86640625 0.59921875 0.0609375 0.0984375