7 0.18552008319545746 0.26276175845246563 0.12990923701106122 0.28415940729444455
9 0.3051467905817836 0.27101262917777824 0.11948993425111762 0.31359233415618065
0 0.34861219277253425 0.389945120344063 0.04993754464226861 0.0870648953265972
1 0.42585475689656355 0.2964691836986811 0.13955697240056467 0.30000261284152785
1 0.5399036201270884 0.2983427678548617 0.11258536931630943 0.2759468637914585
2 0.759375 0.065625 0.06875 0.13125
8 0.85703125 0.065625 0.1015625 0.13125
8 0.96875 0.06484375 0.0625 0.1296875
5 0.0296875 0.540625 0.059375 0.14375
8 0.14296875 0.54140625 0.1015625 0.1453125
0 0.18916900892515845 0.5765157871378128 0.024010244317957154 0.033358013867708355
7 0.2703125 0.5421875 0.121875 0.146875
1 0.42734375 0.54375 0.1421875 0.15
5 0.7078125 0.5796875 0.05625 0.221875
10 0.721875 0.58828125 0.084375 0.2390625
9 0.796875 0.584375 0.096875 0.23125
9 0.6953125 0.50234375 0.03125 0.0671875
2 0.6875 0.50390625 0.015625 0.0703125
2 0.909375 0.5765625 0.0625 0.215625
0 0.9186576858726754 0.6787758034740632 0.023156856330665932 0.07394664627652787
4 0.96484375 0.5875 0.0703125 0.2375