7 0.3918986920328408 0.3264625421718059 0.19273396330647136 0.366936846124028
9 0.5394094962875668 0.30489927953836854 0.1819964512062228 0.4010572729857641
0 0.6125 0.4390625 0.053125 0.1125
1 0.61328125 0.303125 0.0515625 0.3875
8 0.68359375 0.2578125 0.0890625 0.409375
2 0.721200372652804 0.2267541361116324 0.09752145725634698 0.38190592306201393
0 0.7963236133812261 0.3839503466927088 0.039398843285945874 0.05872168977951375
1 0.8796875 0.19375 0.2 0.3875
3 0.975 0.1875 0.05 0.375
7 0.7046875 0.8796875 0.13125 0.240625
3 0.809375 0.87578125 0.153125 0.2484375
0 0.8634418939264347 0.9599484958190281 0.05043633723582168 0.07616376291777786
1 0.9089856772021179 0.8664900897588547 0.1326771863754999 0.24836737765916678
1 0.9671875 0.859375 0.065625 0.28125