6 0.14682959355857678 0.31458117134838537 0.2097465144363892 0.4199135659621911
10 0.3375 0.3203125 0.178125 0.41875
0 0.421875 0.48828125 0.05625 0.0828125
5 0.55234375 0.09140625 0.1828125 0.1828125
2 0.715625 0.08203125 0.109375 0.1640625
6 0.82578125 0.0921875 0.1484375 0.184375
0 0.8947969277147575 0.1387651225546082 0.05032861474138883 0.08153180113146821
1 0.9546875 0.09140625 0.090625 0.1828125
6 0.05390625 0.75703125 0.1078125 0.4546875
5 0.17840755508958378 0.7677930506404888 0.17758863107763928 0.4478476684215192
0 0.275 0.95390625 0.075 0.0921875
1 0.37578125 0.78046875 0.1484375 0.4390625
8 0.49765625 0.75546875 0.0953125 0.4515625
7 0.496875 0.7546875 0.09375 0.45
0 0.4953125 0.92890625 0.090625 0.1421875
1 0.63125 0.76171875 0.23125 0.4640625
1 0.871875 0.75234375 0.2375 0.4453125