6 0.05703125 0.265625 0.1140625 0.43125
10 0.13164100465274348 0.247430205928333 0.20062608757465306 0.43412434612402784
0 0.23700391793111172 0.40834756250159676 0.06024912860909737 0.10603310087368065
2 0.31328125 0.215625 0.0921875 0.428125
1 0.384375 0.38515625 0.05 0.2296875
1 0.465625 0.38515625 0.09375 0.2296875
4 0.56484375 0.38046875 0.0953125 0.2390625
8 0.6631618019554517 0.3768072749825343 0.07540396276527801 0.22038654160312507
10 0.7524243237069448 0.3833280722852426 0.08804943313000013 0.22692748233256949
6 0.8453203385245838 0.3780392006099994 0.08201763867708359 0.23615701196784739
6 0.9328203385245837 0.3760026155038882 0.07536759517409734 0.21882404160312507
0 0.8944137615865977 0.47226067287458273 0.014789851823611144 0.03157730832062491
6 0.05859375 0.72734375 0.1171875 0.4546875
8 0.05390625 0.70390625 0.1078125 0.4078125
1 0.078125 0.6984375 0.15625 0.396875
2 0.26015625 0.68125 0.1984375 0.3625
0 0.01953125 0.85859375 0.0390625 0.1203125
0 0.9473582300514588 0.8596541829425689 0.03593880642076393 0.06798758700597211
0 0.8083846893982642 0.7659613471708677 0.09978702013597243 0.2615570554708334
3 0.8929233435585768 0.7710287472471176 0.11243249050069473 0.26809799620027785
1 0.96953125 0.7796875 0.0609375 0.25