1 0.07890625 0.31875 0.1578125 0.421875
1 0.14609375 0.34375 0.2921875 0.371875
1 0.32421875 0.365625 0.2890625 0.328125
3 0.08828125 0.28203125 0.1765625 0.4953125
4 0.6046875 0.10390625 0.234375 0.2078125
7 0.5296875 0.1015625 0.121875 0.203125
10 0.7625 0.13515625 0.23125 0.2703125
0 0.6524008691367772 0.18751609719477075 0.07229664065150558 0.10196247579950324
8 0.90546875 0.13125 0.1890625 0.2625
6 0.06484375 0.821875 0.1296875 0.253125
8 0.17516624654143892 0.8640286002198329 0.13254963828925295 0.2616556383672897
0 0.190625 0.9625 0.053125 0.075
1 0.27890625 0.878125 0.1671875 0.24375
1 0.3765625 0.8921875 0.175 0.215625
3 0.5515625 0.67265625 0.165625 0.2859375
2 0.7218006551642939 0.6958103862259905 0.1361855589778255 0.32103972872636943
10 0.8344742699550839 0.7225041755517978 0.17859131378714893 0.3275351684215192
0 0.8647123853788461 0.8723587298065241 0.055689494009550346 0.07374657220870695
1 0.93671875 0.76015625 0.1265625 0.3296875