6 0.13359375 0.13046875 0.1296875 0.2609375
5 0.2625 0.11953125 0.11875 0.2390625
0 0.29876669370217035 0.22611498432933974 0.03470225292686635 0.05705008700597212
1 0.375 0.12890625 0.134375 0.2578125
1 0.50859375 0.1359375 0.1265625 0.271875
5 0.6359375 0.10234375 0.09375 0.2046875
3 0.6390625 0.1046875 0.1 0.209375
6 0.63359375 0.10703125 0.0890625 0.2140625
0 0.60546875 0.196875 0.0328125 0.1125
1 0.68984375 0.11640625 0.1734375 0.2328125
1 0.85859375 0.11953125 0.1546875 0.2390625
5 0.053125 0.79375 0.10625 0.3875
3 0.17890625 0.8 0.1984375 0.4
6 0.35234375 0.7828125 0.1671875 0.365625
0 0.4139195159108774 0.9001889171749996 0.05209883118569749 0.09338763050895835
1 0.50078125 0.78046875 0.1765625 0.3609375
2 0.621875 0.80703125 0.065625 0.3859375
10 0.63828125 0.815625 0.0984375 0.36875
8 0.7203125 0.83828125 0.125 0.3234375
4 0.87578125 0.8421875 0.2015625 0.315625