3 0.075 0.11953125 0.15 0.2390625
8 0.0796875 0.1234375 0.159375 0.246875
6 0.178125 0.12734375 0.253125 0.2546875
0 0.23309183947531684 0.13918374856782273 0.0740647347764936 0.10866702267663583
1 0.29921875 0.1171875 0.1203125 0.234375
1 0.4296875 0.10703125 0.128125 0.2140625
2 0.53046875 0.109375 0.0734375 0.21875
5 0.5939788216195319 0.1226262412874112 0.11854196350286302 0.23417610001590833
10 0.6628469962875668 0.14213876261141162 0.1186146863754999 0.24667610001590834
6 0.7481214209556019 0.16146037993318493 0.11859650565734085 0.24355110001590835
9 0.8169441438282388 0.1731604012571853 0.11384537314378348 0.23255905601527208
1 0.8904998184962739 0.19261837858054937 0.11385446350286302 0.2341215560152719
0 0.830861718963812 0.282380859922049 0.01580680718159222 0.03143181333545435
2 0.27245327956325 0.4996881806174568 0.0796521803253758 0.26340906667727226
10 0.32890625 0.515625 0.0609375 0.284375
4 0.496875 0.60625 0.275 0.521875
5 0.6924026860809124 0.6388859459341394 0.25898619808296497 0.4732942387014528
0 0.7302759116840238 0.8368961845958214 0.08036927693097126 0.11811474801081764
1 0.86796875 0.703125 0.2640625 0.484375
1 0.95234375 0.74140625 0.0953125 0.4734375