2 0.13515625 0.11015625 0.1046875 0.2203125
1 0.23203125 0.11796875 0.1734375 0.2359375
6 0.34375 0.10078125 0.140625 0.2015625
0 0.4202481504574996 0.1507781067409984 0.033939895326597205 0.049010244317957155
1 0.46171875 0.0875 0.1546875 0.175
1 0.57421875 0.33828125 0.0703125 0.2765625
2 0.55859375 0.30625 0.0390625 0.228125
2 0.5894163777560759 0.28520942816862827 0.073841462765278 0.21995003571381488
10 0.6507357374634719 0.267739510149565 0.13100065254479176 0.2599943831160271
1 0.7378181633752774 0.25060082873782114 0.13081881458888917 0.2521818831160273
4 0.8227204934473955 0.22647180763450284 0.11817334422416685 0.24571369480442443
8 0.9077488036678816 0.26403426299223404 0.05879573138263901 0.11035684740221222
0 0.8868355852030204 0.3237501822291133 0.016170513867708357 0.023710235389503252
7 0.3140625 0.8703125 0.2 0.259375
3 0.44453125 0.8546875 0.1828125 0.290625
0 0.51015625 0.9484375 0.0578125 0.103125
1 0.503125 0.821875 0.071875 0.309375
8 0.90859375 0.69140625 0.1703125 0.2640625
10 0.959375 0.67421875 0.08125 0.2296875