2 0.1015625 0.071875 0.071875 0.14375
1 0.19296875 0.0921875 0.1359375 0.184375
6 0.31015625 0.09453125 0.1015625 0.1890625
0 0.35244240140743005 0.161371476709542 0.027653527735416718 0.04764788981258548
3 0.7 0.1609375 0.146875 0.321875
4 0.8453125 0.165625 0.1625 0.33125
0 0.891430859804305 0.2625869842313894 0.06813436379145835 0.10972199247815269
1 0.95078125 0.16171875 0.0984375 0.3234375
4 0.21089198746347182 0.734913242940371 0.11792007750666693 0.30322795157021043
7 0.33799934812079824 0.7413641682506225 0.11432229882131972 0.28282452335696495
5 0.7513169657119787 0.6380105330568904 0.15810997283326422 0.35280205423577743
10 0.9006077976839579 0.6641147288211131 0.15654747283326423 0.3527565901291547
0 0.9501148755718745 0.7844666812492532 0.039609320288472104 0.09171613855894449