6 0.22734375 0.065625 0.1234375 0.13125
4 0.3359375 0.06640625 0.121875 0.1328125
0 0.39647117926482134 0.07073428791377676 0.03986247867599957 0.06920453333863605
1 0.43203125 0.0671875 0.1265625 0.134375
1 0.5265625 0.06953125 0.121875 0.1390625
5 0.953125 0.303125 0.09375 0.23125
7 0.1773399186028211 0.7265046719446389 0.15031127204008907 0.2970215453532717
7 0.3040115066040938 0.7156569839274579 0.1819067173774524 0.3270726720241807
0 0.37937403859009444 0.8178910985837311 0.03686474801081765 0.08010567067154532
6 0.4363518392743663 0.6875581612428678 0.15359990404199805 0.3111204080203628
5 0.5682830919398665 0.6946155885582777 0.15834194804263432 0.31586245202099905
7 0.72421875 0.66328125 0.0890625 0.3890625
7 0.7625 0.6359375 0.165625 0.378125
0 0.8661104225811858 0.7801194732654577 0.030105670671545327 0.036282945337363516
1 0.92578125 0.63046875 0.1484375 0.3828125