6 0.18984375 0.0671875 0.1484375 0.134375
4 0.2953125 0.06796875 0.146875 0.1359375
0 0.36640625 0.01953125 0.0453125 0.0390625
1 0.3609375 0.06875 0.096875 0.1375
1 0.4625 0.09765625 0.10625 0.1953125
4 0.5390625 0.08671875 0.1375 0.1734375
5 0.63046875 0.071875 0.1359375 0.14375
1 0.7171875 0.06875 0.14375 0.1375
2 0.81640625 0.0546875 0.1078125 0.109375
0 0.8679916432606852 0.08118143925050383 0.03341248400699968 0.051944308004454244
7 0.89296875 0.05703125 0.1359375 0.1140625
2 0.0375 0.82109375 0.075 0.3578125
3 0.0515625 0.78984375 0.103125 0.3953125
6 0.05078125 0.74375 0.1015625 0.4
0 0.009375 0.88828125 0.01875 0.0515625
1 0.0859375 0.696875 0.171875 0.409375
1 0.26484375 0.68359375 0.2640625 0.3890625
7 0.7637586765993213 0.6551291112746845 0.1351397106938169 0.20154541335136286
9 0.8521399239338212 0.6455081159293669 0.11815220536281679 0.21853291868236296
0 0.9022848272597306 0.6996047225891399 0.04767497867599957 0.06929544000636341
1 0.9360518472708665 0.6171916645846857 0.12434766136218052 0.2139181440165448
1 0.9890625 0.5921875 0.021875 0.178125