2 0.27578125 0.3426813619272978 0.05625 0.3034522529268662
3 0.3875 0.35609390125310514 0.1109375 0.32408291549465285
7 0.52109375 0.3701604255517978 0.11875 0.31162836729005094
0 0.58203125 0.5073059015476927 0.03125 0.0533068071815924
1 0.6671875 0.3911854769778535 0.121875 0.3132090480082102
1 0.7609375 0.4 0.0375 0.3
6 0.83359375 0.3515625 0.1078125 0.3125
8 0.94375 0.33515625 0.1125 0.3203125
0 0.98203125 0.44765625 0.0359375 0.0828125
8 0.34296875 0.85703125 0.0953125 0.2859375
8 0.478125 0.8609375 0.084375 0.278125
0 0.52265625 0.99140625 0.0171875 0.0171875
1 0.59140625 0.87265625 0.1015625 0.2546875
1 0.72421875 0.8671875 0.1015625 0.265625
6 0.8953125 0.85859375 0.209375 0.2828125