5 0.3 0.15390625 0.184375 0.3078125
4 0.4515625 0.14453125 0.134375 0.2890625
0 0.50234375 0.2421875 0.0328125 0.08125
5 0.55390625 0.178125 0.0703125 0.353125
3 0.57734375 0.165625 0.1171875 0.33125
0 0.6409769181249301 0.3083077747453601 0.05854115824437507 0.09909202800763595
1 0.7265625 0.16875 0.171875 0.3375
3 0.88828125 0.16796875 0.1453125 0.3359375
1 0.11686923052961759 0.798315156747269 0.09044708130638916 0.19474997334499947
2 0.21051012775607597 0.8040935367599957 0.08445165444465293 0.20561474801081764
5 0.03984375 0.7890625 0.0796875 0.184375
6 0.025 0.78359375 0.05 0.2109375
0 0.06975653476618007 0.875131648074451 0.03248649810013902 0.05348862667090888
7 0.7340210161488191 0.7867305773790434 0.13790657560680586 0.35463405068427195
3 0.897556839287083 0.7776930267345423 0.14855313487736127 0.34226132001909004
0 0.97265625 0.9234375 0.0546875 0.09375