5 0.2046875 0.13125 0.215625 0.2625
4 0.36328125 0.11015625 0.1859375 0.2203125
0 0.4250768899188674 0.16171875 0.049401110677908554 0.0828125
1 0.446875 0.096875 0.10625 0.19375
6 0.55 0.1234375 0.1 0.246875
4 0.54453125 0.10625 0.0890625 0.2125
9 0.62734375 0.08828125 0.1671875 0.1765625
0 0.7072086845958214 0.1296875 0.03988066000954511 0.0703125
2 0.78671875 0.0765625 0.1671875 0.153125
4 0.38111944661045716 0.6484375 0.20567148138127056 0.353125
7 0.24149332527054837 0.696875 0.21533738271799763 0.378125
10 0.4703125 0.61953125 0.059375 0.3953125
0 0.4765625 0.7734375 0.046875 0.1
1 0.54609375 0.64765625 0.0921875 0.4390625
2 0.56015625 0.603125 0.1203125 0.39375
2 0.724932533935412 0.54453125 0.1420271520528157 0.3890625
0 0.8033831559118678 0.71796875 0.09878404002227174 0.1640625
1 0.88046875 0.54375 0.2390625 0.428125
1 0.97109375 0.51640625 0.0578125 0.3734375