9 0.06015625 0.25078125 0.1203125 0.5015625
1 0.09765625 0.25546875 0.1953125 0.5109375
1 0.33125 0.25078125 0.259375 0.5015625
1 0.4953125 0.2296875 0.06875 0.459375
0 0.18254173000291568 0.4326541272676849 0.08533857806243947 0.16660679201145392
0 0.71640625 0.0140625 0.0296875 0.028125
5 0.7859375 0.053125 0.103125 0.10625
1 0.58671875 0.05234375 0.1109375 0.1046875
3 0.5578125 0.06171875 0.05625 0.1234375
8 0.6828125 0.05390625 0.0875 0.1078125
9 0.21328125 0.609375 0.1515625 0.18125
7 0.3765625 0.6078125 0.128125 0.178125
0 0.44375 0.5359375 0.028125 0.034375
4 0.60234375 0.65625 0.1453125 0.275
10 0.821875 0.65859375 0.159375 0.2796875
0 0.9135246061717612 0.7657387999284124 0.060138590162687855 0.13194089067472686