9 0.06640625 0.12734375 0.1328125 0.2546875
1 0.16953125 0.1296875 0.2984375 0.259375
1 0.371875 0.12734375 0.30625 0.2546875
1 0.53828125 0.1203125 0.2234375 0.240625
0 0.21597710863070416 0.08588794781523248 0.09553573320977708 0.1437896947351895
3 0.7502330906593548 0.29613098865207266 0.19852186787083292 0.3221726442797027
4 0.8765401303150686 0.3302654303920374 0.18413198565684769 0.312306570958725
7 0.95234375 0.34296875 0.0953125 0.2921875
6 0.08828125 0.62890625 0.1609375 0.2796875
9 0.2183134572642434 0.6599802122432028 0.15535222122887743 0.29257442431676955
10 0.344866033580446 0.6870834039831676 0.1421428930985762 0.2718254146981228
0 0.35889627332882695 0.8228944184111379 0.054017866604888456 0.07211310217691817
2 0.4936110684268362 0.7282590194069297 0.12010420199158389 0.2663740228654907
1 0.68828125 0.56328125 0.0765625 0.1484375
1 0.68828125 0.559375 0.0765625 0.140625
1 0.7265625 0.5578125 0.146875 0.1375
3 0.825 0.56796875 0.1375 0.1578125
7 0.91484375 0.58203125 0.1328125 0.1859375
4 0.97421875 0.5953125 0.0515625 0.2125