7 0.35160790644142315 0.3395281305748785 0.15385757750666684 0.304273626022532
3 0.43828125 0.36171875 0.0609375 0.2921875
7 0.6894352147620483 0.45190376161197554 0.11421188962701408 0.2109949874635877
7 0.77734375 0.453125 0.1328125 0.23125
0 0.790625 0.553125 0.03125 0.03125
1 0.86015625 0.47109375 0.1109375 0.1953125
1 0.940625 0.47578125 0.11875 0.1859375
2 0.034375 0.65703125 0.06875 0.1765625
1 0.0421875 0.67265625 0.084375 0.2078125
1 0.146875 0.678125 0.153125 0.21875
1 0.25859375 0.69765625 0.1546875 0.2578125
7 0.05390625 0.67578125 0.1078125 0.2140625
0 0.06018020659392302 0.7476876230530312 0.053271776785486225 0.07493781551854858
6 0.7078125 0.8390625 0.1625 0.321875
8 0.84921875 0.85546875 0.1328125 0.2890625
0 0.86640625 0.9796875 0.0296875 0.040625
10 0.94609375 0.86328125 0.1078125 0.2734375