7 0.290625 0.07578125 0.096875 0.1515625
6 0.6484375 0.22890625 0.15 0.2015625
4 0.75625 0.23828125 0.15 0.1828125
1 0.85390625 0.24296875 0.1546875 0.1734375
1 0.93671875 0.25 0.1265625 0.159375
2 0.03515625 0.590625 0.0703125 0.334375
8 0.05625 0.6015625 0.1125 0.3375
8 0.1749075337666625 0.6410952370159888 0.16598056576579942 0.3306419877033598
1 0.26953125 0.675 0.1390625 0.31875
0 0.189709856269957 0.782592390606785 0.034720433645025396 0.059574987899751616
2 0.43203125 0.53671875 0.1859375 0.4140625
7 0.57578125 0.559375 0.3234375 0.459375
0 0.6339133324622437 0.7578822403356386 0.11806017447164337 0.15068177693097126
1 0.8171875 0.60390625 0.365625 0.5484375
1 0.946875 0.63671875 0.10625 0.6015625