2 0.2804944584346975 0.1686216932111911 0.10499761397040128 0.32247496369925466
10 0.4062257114597596 0.17648366930528187 0.13475783684303816 0.3351476805217676
10 0.5453700246914761 0.1616121273471959 0.11587148145684392 0.3116010962128121
0 0.6109581423743105 0.3018507870863122 0.03488406010845857 0.08769998789975161
1 0.67734375 0.1578125 0.0828125 0.3
8 0.9703125 0.4921875 0.059375 0.153125
2 0.391423388956465 0.8318796964326449 0.014589740826617792 0.09070681323171659
4 0.42423588895646497 0.831688798891973 0.030260192622015937 0.0986102168225127
6 0.46718645823830574 0.8345638140172834 0.027107921544777015 0.09390453610435348
1 0.5117086178792262 0.8358672387835144 0.033367011903856714 0.09550339754067191
1 0.5531239582383057 0.8340638442679044 0.0396897347764936 0.10803975897699036
0 0.4841557896203949 0.8719638200674076 0.009529536104353475 0.026617042154477667