3 0.11249085505465235 0.19845239727882066 0.21664982465687538 0.38210561736154425
2 0.26328963563986074 0.22950130792491255 0.15800087005972258 0.34549540802036277
0 0.27793075104683973 0.37226097258913987 0.06493662860909737 0.10541475334181775
1 0.384375 0.25703125 0.215625 0.3640625
1 0.5296875 0.25390625 0.203125 0.3703125
2 0.33185910410472186 0.7971989799490933 0.11508471181534734 0.24658519334818116
3 0.40413349439732593 0.81275979793923 0.13052787385944456 0.23895450668363552
1 0.5045510684855203 0.8272121019255488 0.13844947663298618 0.24373291335136288
0 0.5356900060808328 0.9322899532543218 0.05825021751493065 0.08659202800763595
1 0.607057819435451 0.8525746339115496 0.13946646276527802 0.22031359468490824
1 0.6640625 0.8765625 0.071875 0.246875
7 0.8 0.59609375 0.2 0.3140625
4 0.9 0.6171875 0.2 0.35625
0 0.95625 0.73828125 0.0875 0.1390625