3 0.06875 0.09140625 0.1375 0.1828125
3 0.0609375 0.09765625 0.121875 0.1953125
3 0.14453125 0.10390625 0.2234375 0.2078125
0 0.24921875 0.05546875 0.0828125 0.1109375
7 0.31640625 0.10234375 0.2421875 0.2046875
1 0.4515625 0.1109375 0.234375 0.221875
3 0.62890625 0.14140625 0.1203125 0.2828125
1 0.6265625 0.1125 0.115625 0.225
4 0.70859375 0.10703125 0.2140625 0.2140625
0 0.8111411119112313 0.11812925117835035 0.0491829346753633 0.0643443011314682
1 0.87890625 0.1078125 0.2328125 0.215625
6 0.21642005259391245 0.6488581181738138 0.11658970536281679 0.21785109621281204
10 0.2972160665977304 0.6202649646812134 0.12307606269890776 0.23819995764913066
0 0.3543376759230036 0.6793036213952675 0.025581802673454133 0.05014544574527378
1 0.38809560526736664 0.5978627238545956 0.11015789202736244 0.2021897347764936
2 0.4782757099379574 0.5684337782075175 0.10074652936027154 0.19901019262201594
6 0.771875 0.55546875 0.3125 0.3328125
10 0.91328125 0.51171875 0.1734375 0.2453125