3 0.046875 0.2828125 0.09375 0.265625
3 0.05115380235620175 0.28618858643473805 0.10057629301741562 0.3043358105039836
3 0.14700209050564866 0.29745504387744315 0.11652857548481972 0.32354045157021033
0 0.20442703247069938 0.40744615782578125 0.0501011858759707 0.09672188730530315
7 0.2859554963498473 0.29965873838802454 0.13511493425111762 0.31471102084968255
1 0.38203125 0.29765625 0.0953125 0.3390625
6 0.5125 0.06640625 0.11875 0.1328125
7 0.62890625 0.065625 0.1015625 0.13125
1 0.734375 0.0578125 0.103125 0.115625
1 0.83984375 0.06015625 0.1046875 0.1203125
0 0.6765625 0.0171875 0.05 0.034375
3 0.025 0.61875 0.05 0.26875
1 0.0296875 0.62578125 0.059375 0.2546875
2 0.1296843567409983 0.638727250066507 0.03517738960884884 0.22590928213245362
6 0.19048548904624668 0.6447666499082224 0.07610239853730275 0.24427884890464338
0 0.2258990633165457 0.7632067613492781 0.011455697240056396 0.03000574874635866
9 0.2754508242735943 0.6532263560972863 0.08854785145940199 0.24151756175762476
1 0.44921875 0.5421875 0.0390625 0.125
1 0.44921875 0.54296875 0.0390625 0.1265625
1 0.76796875 0.540625 0.0765625 0.121875
9 0.51640625 0.54296875 0.0765625 0.1265625
4 0.60625 0.54140625 0.06875 0.1234375
10 0.68515625 0.540625 0.0703125 0.121875
0 0.7239974184293956 0.5929540973217977 0.0112920560063543 0.020630748746358663