5 0.1421875 0.0796875 0.134375 0.159375
9 0.28125 0.0796875 0.134375 0.159375
6 0.3984375 0.08046875 0.1125 0.1609375
1 0.52265625 0.0796875 0.1140625 0.159375
0 0.4664912138758527 0.07353885609728632 0.03891822402541774 0.08234113855894432
3 0.87890625 0.35625 0.1890625 0.225
1 0.20647351136079045 0.7419635618241317 0.14802403733537278 0.33851223370266403
2 0.08845021428288975 0.7422711018741441 0.09794221671852173 0.33236988229073816
2 0.3793752232113435 0.7510022780423256 0.09122856655636599 0.30562552586424746
1 0.49440988798399593 0.7585981662055584 0.13387971671852164 0.33341555674305995
0 0.559375 0.8875 0.040625 0.09375
1 0.96015625 0.58671875 0.0796875 0.2359375
6 0.85859375 0.5734375 0.0859375 0.209375
5 0.765625 0.58046875 0.09375 0.2234375
0 0.9168088137136969 0.6844369036691461 0.041497753246410876 0.051182066772189574