5 0.21695704382819453 0.26387056069763376 0.1823444902574721 0.33227721057599685
9 0.3541258072208751 0.2888564042781672 0.1807819902574721 0.33226812021691715
6 0.4700371793798537 0.30458996770627556 0.1604967637964224 0.33371244554888213
1 0.55546875 0.32890625 0.0890625 0.3328125
0 0.513720769882207 0.43481782319066564 0.05150004464226861 0.08622839149054773
6 0.66015625 0.42265625 0.1203125 0.4265625
4 0.8199689955324778 0.4453791150505557 0.18387180843869108 0.4197772105759968
0 0.8681548997518235 0.6544950398167867 0.0719761858759707 0.09572156615858277
4 0.9453125 0.47890625 0.109375 0.4265625
6 0.06015625 0.8734375 0.1203125 0.228125
10 0.0671875 0.87734375 0.134375 0.2359375
0 0.07665714650541249 0.8340643651487516 0.09275233603812652 0.1224022408266178
1 0.225 0.8765625 0.240625 0.234375
1 0.4390625 0.871875 0.246875 0.225
2 0.6671875 0.9015625 0.134375 0.196875
3 0.65078125 0.8796875 0.1015625 0.240625
9 0.88203125 0.934375 0.1859375 0.13125
4 0.75703125 0.91484375 0.1453125 0.1703125