5 0.109375 0.2625 0.21875 0.484375
7 0.24337202339272448 0.28431464938731565 0.2710430373965426 0.4687158267027257
1 0.43359375 0.34453125 0.2515625 0.4453125
1 0.5265625 0.36953125 0.065625 0.4265625
0 0.3043566187539505 0.4904651993952699 0.10781359468490823 0.13561133068109027
0 0.9007765380728603 0.4057549394095874 0.05410679201145392 0.08499316534054505
5 0.9578125 0.3140625 0.084375 0.303125
6 0.8704339627227702 0.28198108473899663 0.16595445337363443 0.2987658586887262
3 0.7495760227164068 0.23370612205599742 0.21461012937617988 0.3180794800286352
3 0.14921875 0.746875 0.1265625 0.115625
10 0.2484375 0.74453125 0.121875 0.1109375
1 0.34296875 0.74921875 0.1171875 0.1203125
1 0.434375 0.74453125 0.121875 0.1109375
0 0.265625 0.7015625 0.025 0.025
4 0.91328125 0.76953125 0.1734375 0.1609375