2 0.03984375 0.12890625 0.0796875 0.2578125
6 0.05 0.12890625 0.1 0.2578125
4 0.090625 0.10078125 0.159375 0.2015625
0 0.1688832244357501 0.14967989665690914 0.05917617694751698 0.07846134328594587
1 0.22578125 0.09453125 0.1890625 0.1890625
6 0.3671875 0.090625 0.190625 0.18125
1 0.02734375 0.884375 0.0546875 0.23125
2 0.03046875 0.87890625 0.0609375 0.2140625
4 0.046875 0.8671875 0.09375 0.253125
0 0.08511219643257277 0.9515009510098311 0.048265950486467445 0.0799602107723885
1 0.13348724107484156 0.8658361617822198 0.14358990746575645 0.260184041958086
1 0.23151168385067109 0.8453105592246958 0.14183649269310408 0.2492374515990063
2 0.5578125 0.5375 0.05625 0.15625
3 0.61484375 0.53828125 0.1640625 0.1578125
1 0.73046875 0.540625 0.1640625 0.1625
0 0.80078125 0.50859375 0.0609375 0.0984375
1 0.8515625 0.53359375 0.15 0.1484375
1 0.93828125 0.5328125 0.1234375 0.146875