2 0.2578125 0.15 0.103125 0.3
6 0.38046875 0.1609375 0.1453125 0.321875
4 0.5203125 0.146875 0.096875 0.29375
5 0.61328125 0.20234375 0.0890625 0.4046875
3 0.7011327914671066 0.20610728604390705 0.16330099336070064 0.4081226773551808
6 0.871875 0.18203125 0.1375 0.3640625
0 0.946204917832344 0.3019214147437692 0.04426815046753827 0.08957157733927232
1 0.9734375 0.175 0.053125 0.35
3 0.05078125 0.8859375 0.0921875 0.228125
3 0.19765625 0.8953125 0.1078125 0.209375
1 0.353125 0.89296875 0.125 0.2140625
1 0.50078125 0.8953125 0.1296875 0.209375
2 0.6125 0.8390625 0.0875 0.321875
8 0.7671875 0.846875 0.14375 0.30625
7 0.915625 0.84921875 0.1625 0.3015625