7 0.1765625 0.10859375 0.1875 0.2171875
7 0.35390625 0.1 0.1609375 0.2
0 0.4232664406436564 0.16025416042648732 0.05256449400955017 0.07372839149054791
1 0.4984375 0.09921875 0.15 0.1984375
1 0.6421875 0.0890625 0.15625 0.178125
4 0.8546875 0.35390625 0.125 0.3109375
6 0.97734375 0.3484375 0.0453125 0.321875
3 0.26015625 0.8546875 0.1140625 0.290625
4 0.40859375 0.85234375 0.1171875 0.2953125
3 0.546875 0.85390625 0.115625 0.2921875
0 0.61171875 0.98203125 0.0203125 0.0359375
1 0.68984375 0.8515625 0.1203125 0.296875
3 0.79375 0.88828125 0.0875 0.2234375
1 0.9359375 0.88125 0.128125 0.2375