0 0.31328125 0.46015625 0.0703125 0.0390625
1 0.3953125 0.30859375 0.1875 0.3421875
1 0.53828125 0.29140625 0.1421875 0.3765625
9 0.2140625 0.30703125 0.203125 0.3453125
3 0.06875 0.3078125 0.1375 0.34375
7 0.66953125 0.28203125 0.1203125 0.3953125
8 0.6703125 0.2890625 0.121875 0.38125
1 0.8453125 0.2921875 0.228125 0.375
1 0.05 0.765625 0.1 0.353125
1 0.4364685900699968 0.7611687645149694 0.13810217337681613 0.32422241316955064
2 0.15853449407222392 0.7694824035361322 0.1048715027052709 0.2873301669304743
2 0.25143960940481486 0.7667187678801817 0.08775672803945263 0.29308006175762474
10 0.3373498374044967 0.7668755437444291 0.12751011871417967 0.3535916644231918
4 0.5356964307367695 0.7648369852855097 0.11332034937936157 0.34224498746358767
0 0.5965168467536323 0.8907833713371716 0.025654528007635947 0.05697742570596276
8 0.60078125 0.834375 0.0171875 0.159375
2 0.740625 0.7796875 0.121875 0.440625
9 0.909375 0.7703125 0.18125 0.459375