0 0.3244421265512575 0.2562038342530899 0.08098923871722903 0.10025587955902786
1 0.32734375 0.14453125 0.1046875 0.2890625
9 0.2125 0.1671875 0.25625 0.334375
3 0.08203125 0.18359375 0.1640625 0.3671875
0 0.9035673368969563 0.2879253065176732 0.09972251834239998 0.1537809230620141
1 0.92890625 0.16953125 0.1421875 0.3390625
5 0.790625 0.18359375 0.25625 0.3671875
5 0.60234375 0.234375 0.2984375 0.46875
6 0.0375 0.73359375 0.075 0.2671875
9 0.05390625 0.715625 0.1078125 0.253125
0 0.10331493580159971 0.7912853894395828 0.040699207838416386 0.05715918977951375
1 0.15546875 0.709375 0.1484375 0.240625
2 0.28671875 0.6875 0.1234375 0.196875
4 0.6859375 0.6484375 0.10625 0.11875
9 0.78046875 0.65546875 0.1328125 0.1328125
0 0.8497784103330638 0.6611984991469786 0.02310253087881229 0.042696646276527875
1 0.89296875 0.65859375 0.1390625 0.1390625
1 0.97109375 0.64375 0.0578125 0.109375