3 0.25051109468150123 0.41390576929504724 0.15743939311129082 0.3111022266868172
3 0.4003890742275301 0.43482570194145725 0.15619514185764966 0.3220215453532719
1 0.52890625 0.4625 0.1609375 0.29375
0 0.57734375 0.58671875 0.0546875 0.0453125
6 0.68515625 0.2546875 0.1109375 0.378125
1 0.7723921063599837 0.2754223352562308 0.18853628041659398 0.35988517202418074
0 0.8234498041692703 0.41862689524986746 0.06692673871722885 0.0991829346753633
9 0.91484375 0.29140625 0.1703125 0.3828125
0 0.22126752705138167 0.7964257259309576 0.052091348904643196 0.07245680267345414
8 0.071875 0.7125 0.14375 0.20625
1 0.17109375 0.71328125 0.1578125 0.2078125
1 0.29375 0.71796875 0.16875 0.2171875
1 0.40703125 0.71953125 0.1421875 0.2203125
7 0.859375 0.74375 0.20625 0.26875
9 0.959375 0.74765625 0.08125 0.2765625