8 0.05625 0.2375 0.1125 0.403125
2 0.28515625 0.2359375 0.0484375 0.40625
0 0.33828125 0.4109375 0.0359375 0.05625
1 0.4375 0.24921875 0.14375 0.3796875
3 0.58828125 0.21953125 0.0984375 0.4390625
8 0.578125 0.2015625 0.078125 0.403125
0 0.55390625 0.37421875 0.0296875 0.1296875
1 0.59921875 0.2109375 0.1203125 0.421875
2 0.7921875 0.21953125 0.134375 0.4390625
4 0.3730845386384363 0.6675769466341062 0.07959763817089822 0.2558531851165428
7 0.4629737404338344 0.6785268595181304 0.0765089996072165 0.2619940577118811
2 0.003125 0.59765625 0.00625 0.1296875
9 0.009375 0.60078125 0.01875 0.1390625
6 0.55625 0.57890625 0.034375 0.2421875
6 0.6468270865484506 0.5879043487183572 0.07010446350286301 0.23521330290255768
1 0.7523594690620079 0.6025248986256899 0.07638173458010193 0.2401190577118811
2 0.8836321949597071 0.6110144996214818 0.029397650271146603 0.21973214664195542
0 0.6888105743500063 0.6885690368301248 0.019040891490547905 0.050654764427970275