8 0.04140625 0.49140625 0.0828125 0.4078125
2 0.25172612487277296 0.48979769034819476 0.06133438111767688 0.4151535277354167
0 0.296875 0.665625 0.0375 0.06875
1 0.40382433821228414 0.5003747804882991 0.15404767077339052 0.38764808320625016
2 0.6560143207890891 0.48826121266836875 0.09225699890369157 0.40650587955902784
6 0.8819022089935238 0.463180638961424 0.0911061827542902 0.2394274823325695
8 0.9859375 0.475 0.028125 0.25625
1 0.10703125 0.92734375 0.0859375 0.1453125
9 0.20078125 0.9328125 0.0796875 0.134375
8 0.29921875 0.93046875 0.0734375 0.1390625
3 0.390625 0.93125 0.090625 0.1375
5 0.490625 0.9359375 0.08125 0.128125
4 0.58671875 0.93125 0.0890625 0.1375
0 0.8716541897562301 0.9511560304882991 0.03041667549789597 0.06627961664125
0 0.83828125 0.8390625 0.0390625 0.25625
3 0.84765625 0.85546875 0.0578125 0.2609375
1 0.93515625 0.87890625 0.1015625 0.2421875