1 0.1109375 0.0984375 0.13125 0.196875
3 0.03828125 0.0921875 0.0765625 0.184375
3 0.24921875 0.1078125 0.1703125 0.215625
0 0.1569792881527423 0.160704442457755 0.056187544642268605 0.08784722958158006
6 0.04140625 0.09375 0.0828125 0.1875
3 0.6078125 0.3828125 0.078125 0.35625
6 0.603125 0.40390625 0.06875 0.3390625
6 0.72734375 0.42578125 0.1140625 0.3265625
1 0.86484375 0.43359375 0.1328125 0.3109375
0 0.771875 0.56484375 0.028125 0.0484375
4 0.0640625 0.71328125 0.128125 0.2484375
8 0.2078125 0.70234375 0.1875 0.2265625
0 0.27953435227677154 0.7271503540758347 0.07540119480442442 0.11506449400955035
1 0.3953125 0.709375 0.203125 0.240625
3 0.61484375 0.71015625 0.0921875 0.2421875
9 0.70625 0.734375 0.15625 0.290625
7 0.8671875 0.753125 0.153125 0.328125
7 0.96953125 0.75234375 0.0609375 0.3265625
0 0.7720024959461055 0.8451215932760616 0.050183006492821744 0.10169147477225664