1 0.253125 0.07890625 0.10625 0.1578125
3 0.1171875 0.084375 0.13125 0.16875
3 0.39375 0.075 0.146875 0.15
0 0.31015625 0.0203125 0.0484375 0.040625
6 0.03515625 0.0875 0.0703125 0.175
3 0.90234375 0.21328125 0.1484375 0.2734375
3 0.65390625 0.1875 0.0890625 0.325
3 0.75234375 0.20078125 0.1171875 0.2984375
4 0.4297271467218156 0.7203125 0.1444794427116342 0.33125
7 0.2846600947246791 0.74140625 0.15102034404836137 0.35625
10 0.56796875 0.7234375 0.0828125 0.378125
0 0.5118685794079966 0.8640625 0.04640338001272663 0.09375
3 0.65 0.65390625 0.08125 0.3609375
1 0.65546875 0.6390625 0.0921875 0.34375
9 0.798014617401315 0.63203125 0.13041694271163423 0.33125
0 0.8753412807526779 0.76484375 0.051272693348181166 0.109375
1 0.94375 0.640625 0.1125 0.334375