6 0.03984375 0.1875 0.0796875 0.35
9 0.12662285061268436 0.15634473806490606 0.14733172270845252 0.30948518268618097
0 0.2072541379296851 0.27761175807604205 0.051109061346272 0.09589430267345414
1 0.2828125 0.15703125 0.1875 0.3140625
2 0.45390625 0.13046875 0.1453125 0.2609375
8 0.6546875 0.08203125 0.071875 0.1640625
3 0.653125 0.07734375 0.06875 0.1546875
3 0.71875 0.07109375 0.13125 0.1421875
6 0.65859375 0.08515625 0.0796875 0.1703125
1 0.79765625 0.0734375 0.1234375 0.146875
0 0.76015625 0.02265625 0.0390625 0.0453125
2 0.02890625 0.853125 0.0578125 0.29375
5 0.08359375 0.83984375 0.1671875 0.3203125
9 0.24157514127150287 0.8192083647358149 0.19784080004772503 0.35381698535963507
0 0.33125 0.9515625 0.053125 0.096875
1 0.39807058927436634 0.7999327480903595 0.18381466271481592 0.3567783533577263
1 0.53828125 0.784375 0.1609375 0.35
2 0.64921875 0.64921875 0.0609375 0.2859375
10 0.65625 0.64140625 0.075 0.2984375
6 0.66953125 0.62734375 0.1015625 0.2859375
0 0.7234143925843675 0.7356793440881323 0.05256247334499946 0.08653748400699968
1 0.7715620859325485 0.6268497840944957 0.16126695337363445 0.2987113146880899
1 0.896743899268003 0.6126792907781312 0.17107830537872531 0.33632040268936264