6 0.33984375 0.30859375 0.1203125 0.3421875
8 0.57890625 0.1359375 0.1421875 0.271875
1 0.72109375 0.1140625 0.1421875 0.228125
1 0.8765625 0.1203125 0.1375 0.240625
0 0.787861009958949 0.2072086902209323 0.0677056504675381 0.0910174565847754
4 0.03203125 0.63046875 0.0640625 0.3015625
2 0.10703125 0.634375 0.0734375 0.309375
0 0.1340411183702054 0.7547392565974105 0.04901928298109546 0.10140938730530316
1 0.22265625 0.6515625 0.1390625 0.34375
1 0.36640625 0.6515625 0.1265625 0.34375
3 0.496875 0.596875 0.134375 0.234375
2 0.63671875 0.58828125 0.1109375 0.2171875
0 0.676192256933887 0.6627336130239013 0.03786361436318479 0.06359113855894431
1 0.7609375 0.5953125 0.14375 0.23125
2 0.92578125 0.59296875 0.1171875 0.2265625