2 0.05078125 0.4484375 0.1015625 0.315625
5 0.153254726683266 0.42064173825501044 0.1658623910977642 0.31414873119538156
4 0.2917541453011768 0.3871653116911178 0.14705784894328672 0.3042281619159093
0 0.37934907319066563 0.5077027837152993 0.06767837939029935 0.08632995658477541
1 0.41999731996921186 0.37058086843417765 0.15967602361132158 0.32490437476889084
0 0.6782001845287883 0.39396689264907253 0.05834883118569749 0.0938696719450391
0 0.5875075277165382 0.26865099241164564 0.17070442720211787 0.3408476235152495
1 0.7282643379231927 0.25008651200768695 0.1802066922292324 0.36299540815498565
1 0.8761205758229444 0.22000787008353026 0.19103510792027692 0.3445636569013444
3 0.546875 0.2953125 0.09375 0.35625
3 0.55078125 0.3265625 0.1015625 0.353125
6 0.06875 0.88984375 0.1375 0.2203125
1 0.0703125 0.88984375 0.140625 0.2203125
0 0.06333773292978187 0.8545741205457487 0.09304199375348396 0.14955738229073817
1 0.1421875 0.88984375 0.284375 0.2203125
1 0.353125 0.88984375 0.2875 0.2203125
7 0.5453125 0.87734375 0.090625 0.1953125
5 0.546875 0.8671875 0.09375 0.175
1 0.63359375 0.8578125 0.1546875 0.15625
2 0.775 0.859375 0.134375 0.159375
0 0.5931348381195845 0.8880458500917776 0.059974963699254855 0.10485263605166181