2 0.1078125 0.0703125 0.16875 0.140625
7 0.23984375 0.07421875 0.1453125 0.1484375
0 0.27890625 0.04453125 0.0578125 0.0890625
1 0.365625 0.07109375 0.146875 0.1421875
1 0.4609375 0.07265625 0.096875 0.1453125
3 0.5765625 0.07890625 0.134375 0.1578125
8 0.8265625 0.10078125 0.121875 0.2015625
0 0.8599088695295463 0.15538556345152726 0.0457761083130606 0.08074216014423605
1 0.9328125 0.1109375 0.134375 0.221875
1 0.7 0.08125 0.153125 0.1625
3 0.19848451443793946 0.6215606497919095 0.19005439090137255 0.44342661094166685
10 0.3947918878763105 0.6537152670987496 0.17899871623333752 0.4228595378034029
7 0.665281649878363 0.5093658550546524 0.18177828258831213 0.36355727298576407
9 0.8146003938282389 0.5230802500969093 0.16947827048806374 0.39764133225631965
0 0.8568793182998821 0.6721165089306245 0.0678238251355733 0.11093880642076392
1 0.93203125 0.5578125 0.1359375 0.384375