2 0.1671875 0.3671875 0.2 0.084375
7 0.29921875 0.3515625 0.1796875 0.115625
1 0.41796875 0.334375 0.1796875 0.15
1 0.51953125 0.32265625 0.1390625 0.1734375
2 0.6265625 0.253125 0.075 0.3125
8 0.6671875 0.225 0.15625 0.334375
9 0.771875 0.20654528007636017 0.2046875 0.34769425469445314
0 0.8859375 0.3180287674251776 0.0484375 0.07243862133990878
1 0.91875 0.16484375 0.1625 0.3296875
1 0.0515625 0.7546875 0.103125 0.35625
1 0.0484375 0.7234375 0.096875 0.365625
1 0.11484375 0.7185441987189523 0.19375 0.3585044853596351
7 0.21171875 0.6946714413987698 0.1828125 0.339627216024817
9 0.31875 0.6802918627466327 0.1859375 0.3318510786919079
1 0.4109375 0.654802061425814 0.175 0.3145363093570898
0 0.50234375 0.7699281694382225 0.040625 0.0582852146721816
5 0.50703125 0.64140625 0.1640625 0.2984375
6 0.6609375 0.771875 0.14375 0.30625
5 0.7921875 0.7433367554105419 0.1625 0.3018908586887262
1 0.9203125 0.7140625 0.159375 0.296875
0 0.87734375 0.8388588880887686 0.034375 0.05977498933799978