5 0.13359375 0.1265625 0.2609375 0.253125
5 0.2734375 0.14375 0.2125 0.2875
0 0.29626232015611687 0.2621958434118145 0.07871033175849824 0.10712270401018138
1 0.4078125 0.16796875 0.23125 0.3359375
1 0.5328125 0.1796875 0.2125 0.359375
6 0.69921875 0.28203125 0.1203125 0.1546875
8 0.778125 0.3140625 0.178125 0.090625
8 0.36704359002638265 0.5602691693984516 0.15442463828925296 0.2626283640197265
4 0.4555604530030742 0.5769305054105419 0.1518998390148923 0.2797795013526354
0 0.4737970431142748 0.7037566347469509 0.0457688569862416 0.058321577339272325
1 0.55625 0.62109375 0.165625 0.2859375
3 0.6109375 0.6421875 0.05625 0.284375
1 0.68515625 0.5734375 0.0921875 0.334375
2 0.7979091549098399 0.6028271973663166 0.11176591233587008 0.2933692866804538
1 0.8792583586307042 0.6233129673774525 0.17497524046617113 0.31440904002227177
6 0.9578125 0.6421875 0.084375 0.30625