3 0.07890625 0.30859375 0.1578125 0.2015625
4 0.21015625 0.32734375 0.1890625 0.1640625
2 0.36328125 0.34375 0.1453125 0.13125
1 0.47109375 0.36328125 0.1921875 0.0921875
3 0.6640625 0.2046875 0.15 0.409375
8 0.65546875 0.2046875 0.1328125 0.409375
6 0.74296875 0.21484375 0.2515625 0.3890625
0 0.8015625 0.378125 0.075 0.0625
1 0.90234375 0.22109375 0.1953125 0.3765625
8 0.36211381087432315 0.7270671985996395 0.19180131087432314 0.3381010786919079
8 0.46804621103647887 0.752402458585322 0.17154335795222372 0.3409897213558171
0 0.4840548149315129 0.9084979172501857 0.066080741882325 0.1163704346753633
1 0.53984375 0.815625 0.0984375 0.3375
2 0.6390625 0.76171875 0.1 0.3953125
8 0.7337042130650737 0.7737882046069573 0.18453428165332983 0.3692601720241807
6 0.8749428676914563 0.8073081345878673 0.1684456314911742 0.3425158586887262
0 0.9109375 0.95546875 0.065625 0.0890625
1 0.95859375 0.828125 0.0828125 0.34375