6 0.121875 0.30942797951193635 0.14375 0.29458631303532473
9 0.2453125 0.33046875 0.109375 0.3234375
0 0.29375 0.40703125 0.0125 0.0984375
6 0.490625 0.22219159992524523 0.1984375 0.4152169756031114
4 0.65703125 0.194660976683266 0.128125 0.33980790944452866
0 0.715625 0.3294763382177803 0.05 0.10810339149054773
1 0.8078125 0.19847125703208288 0.1546875 0.36496244554888213
2 0.96015625 0.1734375 0.0796875 0.29375
5 0.0390625 0.6890625 0.078125 0.2
2 0.2 0.6875 0.034375 0.196875
1 0.27578125 0.68359375 0.0484375 0.1890625
0 0.23203125 0.7482854255517978 0.03125 0.0517443071815924
8 0.42734375 0.890625 0.0859375 0.21875
5 0.55625 0.89453125 0.090625 0.2109375
1 0.69296875 0.89140625 0.1046875 0.2171875
1 0.83203125 0.88984375 0.0953125 0.2203125