6 0.04140625 0.18828125 0.0828125 0.1609375
9 0.12265625 0.19765625 0.1484375 0.1421875
1 0.24296875 0.19375 0.1546875 0.15
1 0.3578125 0.196875 0.15 0.14375
6 0.87421875 0.184375 0.1640625 0.16875
9 0.96953125 0.171875 0.0609375 0.19375
3 0.03984375 0.621875 0.0796875 0.365625
8 0.0375 0.66171875 0.075 0.3546875
6 0.09457676253652814 0.6599815572274658 0.13870535619201405 0.3226034772718286
0 0.15339133092513943 0.8027633465947286 0.060540069338541794 0.11819662094116268
1 0.24951883567479208 0.6682189768713821 0.16759407560680586 0.35590690097293454
1 0.4048791361116324 0.6944251465152984 0.1834736487450698 0.36711713636243815
2 0.8450475815907295 0.6166560714309253 0.043682490500694636 0.2662795649348082
10 0.9427583829775003 0.6172952252465289 0.10487456363895867 0.27828073295387146