2 0.0328125 0.11328125 0.065625 0.2265625
10 0.0984375 0.1015625 0.196875 0.203125
9 0.2515625 0.10703125 0.203125 0.2140625
0 0.3435581879131708 0.12945811177026006 0.04799488229073816 0.09350595909205772
7 0.38515625 0.1046875 0.1078125 0.209375
5 0.4921875 0.315625 0.10625 0.16875
4 0.61640625 0.29921875 0.1140625 0.2015625
1 0.7359375 0.28515625 0.13125 0.2296875
1 0.859375 0.2796875 0.11875 0.240625
1 0.128125 0.615625 0.25625 0.43125
1 0.328125 0.603125 0.221875 0.40625
1 0.0734375 0.63671875 0.146875 0.4734375
0 0.0234375 0.7875 0.046875 0.15
7 0.07734375 0.66484375 0.1546875 0.5296875
2 0.7483523026529317 0.593854266230829 0.15783184969606615 0.38083612602253203
5 0.96875 0.58203125 0.0625 0.3640625
10 0.8750511949727997 0.5928493588672662 0.17350231380268877 0.38285326708875883