2 0.04140625 0.38984375 0.0828125 0.2203125
10 0.06953125 0.40390625 0.1390625 0.1921875
9 0.18203125 0.40390625 0.2328125 0.1921875
1 0.7120545500555906 0.13179927140354222 0.0980777433504862 0.18702838001272665
7 0.7858193583762156 0.14671629408017814 0.10781641926229177 0.20276246801399936
3 0.8629091884483338 0.17026342942390488 0.11246755167111129 0.20125451201463562
8 0.6483732565526046 0.11387542739495168 0.10814372758291686 0.21682496801399936
3 0.271875 0.6265625 0.19375 0.253125
1 0.64375 0.896875 0.234375 0.20625
1 0.81640625 0.90078125 0.2578125 0.1984375
9 0.48046875 0.8734375 0.2234375 0.253125
3 0.43046875 0.85234375 0.1234375 0.2953125