0 0.13167137094445786 0.20010088387358388 0.040126168019063255 0.06207410266556686
5 0.20703125 0.13125 0.1234375 0.228125
1 0.04765625 0.096875 0.0953125 0.19375
3 0.0390625 0.09140625 0.078125 0.1828125
8 0.1140625 0.1109375 0.125 0.221875
0 0.6 0.47109375 0.065625 0.0359375
1 0.73125 0.31953125 0.24375 0.3390625
1 0.89296875 0.34453125 0.2140625 0.2890625
5 0.540625 0.30078125 0.25625 0.3765625
6 0.38203125 0.27265625 0.2265625 0.4328125
6 0.06484375 0.734375 0.1296875 0.475
8 0.0953125 0.7625 0.190625 0.459375
1 0.20234375 0.79375 0.1328125 0.4125
0 0.11953125 0.94609375 0.0703125 0.1078125
5 0.49609375 0.8875 0.1234375 0.225
7 0.60078125 0.9 0.1265625 0.2
7 0.71328125 0.9078125 0.1546875 0.184375
2 0.86015625 0.92734375 0.1421875 0.1453125