6 0.03125 0.08125 0.0625 0.1625
1 0.0484375 0.08984375 0.096875 0.1796875
4 0.15234375 0.11484375 0.1703125 0.2296875
8 0.3125 0.1296875 0.1625 0.259375
2 0.46171875 0.1515625 0.1546875 0.303125
0 0.202147586728179 0.19291161769145634 0.060484061346272176 0.09634889448011279
1 0.74140625 0.07265625 0.0984375 0.1453125
1 0.81875 0.07734375 0.10625 0.1546875
6 0.6671875 0.053125 0.075 0.10625
5 0.65390625 0.0515625 0.0484375 0.103125
0 0.6887390673933609 0.11579001014297444 0.036446577339272326 0.04437729139585791
0 0.3855055267345423 0.8592263644450455 0.041479522676635835 0.07414661201270896
7 0.4510936167249973 0.7900729898504351 0.11835220003181668 0.2363932418823252
9 0.5453976000556793 0.7721917889569305 0.12908970536281678 0.21939665665497757
4 0.35162032805536103 0.7664661201270884 0.12165901336727121 0.2520727889602258
5 0.25847885538667936 0.7499995945595431 0.12609197469763486 0.23027960957707694
1 0.6953125 0.8859375 0.13125 0.228125
3 0.8015625 0.9015625 0.125 0.196875
10 0.90390625 0.9109375 0.1296875 0.178125
4 0.971875 0.91875 0.05625 0.1625