6 0.165625 0.1484375 0.128125 0.296875
1 0.31328125 0.15390625 0.1921875 0.3078125
4 0.49921875 0.1734375 0.1828125 0.346875
0 0.584087378755424 0.29537347739548564 0.06642858656782166 0.1139547036472223
1 0.678125 0.25625 0.078125 0.346875
1 0.7734375 0.271875 0.134375 0.315625
2 0.6640625 0.2671875 0.05 0.284375
2 0.659375 0.26875 0.040625 0.290625
10 0.6875 0.2640625 0.096875 0.33125
4 0.87265625 0.27109375 0.1078125 0.3171875
0 0.9234375 0.40546875 0.025 0.0484375
8 0.9578125 0.35390625 0.065625 0.1515625
0 0.3231672369227921 0.7686122620647564 0.03817461179556503 0.06489895459715278
1 0.49449411069925675 0.6817447756481243 0.13411213828925278 0.2638469072944446
1 0.38045889255042215 0.685180859804305 0.11412702050323809 0.2727491286090974
7 0.26800353256895554 0.6666873925737149 0.10415181977759858 0.2553434230620139
3 0.16530511850380503 0.6589132197960413 0.11919646641955417 0.283795731382639
3 0.05487604999215079 0.6536646349742706 0.10453376569391466 0.2662809230620139
5 0.67578125 0.790625 0.0734375 0.31875
10 0.6828125 0.7890625 0.0875 0.328125
0 0.7346875794810634 0.9303680328663191 0.06437501324684387 0.09985583605604162
1 0.8120809147829409 0.7956462343293398 0.1438889315731638 0.3202787452503474