6 0.06015625 0.15234375 0.1203125 0.2671875
2 0.18125 0.12734375 0.11875 0.2546875
0 0.2432453014003606 0.2212196241842781 0.05886701734563573 0.09163412094116268
1 0.26796875 0.12734375 0.1640625 0.2546875
1 0.38046875 0.1125 0.1484375 0.225
6 0.5515625 0.06953125 0.084375 0.1390625
3 0.64765625 0.065625 0.1515625 0.13125
1 0.76953125 0.0703125 0.1609375 0.140625
2 0.9171875 0.0625 0.10625 0.125
0 0.7296875 0.00859375 0.021875 0.0171875
3 0.078125 0.675 0.15625 0.51875
4 0.06640625 0.62734375 0.1328125 0.4953125
0 0.1255230940881323 0.7773917577073425 0.08899086935072642 0.12965231818121908
1 0.1817169080601336 0.5721645154179802 0.2726600813971789 0.4749762751605083
1 0.37109375 0.5421875 0.2765625 0.446875
8 0.804855510741542 0.6709899788933863 0.19785898138127056 0.35650691882984215
8 0.92421875 0.62578125 0.1515625 0.3109375