6 0.1048964111224997 0.2724132356568478 0.10828760714144484 0.20990576805616729
2 0.22075323620357762 0.26316969962933107 0.07243192775829588 0.21333830290255767
0 0.2567804651002593 0.34885422848527164 0.04028980925276535 0.07167659255827133
1 0.2894350523562017 0.26947675253188874 0.10845124837514693 0.2192807680561673
1 0.3817998303593789 0.26253976096940923 0.09732283360249454 0.20796132213985138
3 0.55546875 0.05859375 0.1171875 0.1171875
2 0.66171875 0.05390625 0.0796875 0.1078125
4 0.74140625 0.04765625 0.0890625 0.0953125
0 0.78671875 0.0140625 0.0265625 0.028125
1 0.8375 0.05625 0.125 0.1125
2 0.94375 0.05859375 0.09375 0.1171875
5 0.30625 0.54453125 0.109375 0.1109375
2 0.44375 0.546875 0.06875 0.115625
0 0.47421875 0.56953125 0.0109375 0.0328125
4 0.884375 0.57578125 0.128125 0.1734375
10 0.95625 0.57109375 0.0875 0.1640625