5 0.35234375 0.19921875 0.1453125 0.3984375
6 0.18579246668041213 0.20577454861554784 0.15117267273646204 0.36413632001909
1 0.45390625 0.21328125 0.0515625 0.3734375
0 0.41926889324430483 0.34129223591664026 0.05451766693047429 0.10216248400699968
5 0.5171875 0.1734375 0.075 0.346875
2 0.4921875 0.1703125 0.025 0.340625
7 0.56875 0.1671875 0.140625 0.334375
0 0.6527549946562307 0.3341978985916853 0.051347202823851565 0.10056362133990895
1 0.76484375 0.1734375 0.1484375 0.346875
1 0.928125 0.1765625 0.14375 0.353125
3 0.08046875 0.6359375 0.1515625 0.2125
2 0.225 0.63984375 0.11875 0.2203125
6 0.353125 0.640625 0.13125 0.221875
0 0.41268993580159974 0.7047189365850037 0.05526181301126591 0.07405566534054522
1 0.61171875 0.8421875 0.1921875 0.315625
2 0.82578125 0.84609375 0.1328125 0.3078125
6 0.52734375 0.84765625 0.0953125 0.3046875
10 0.5359375 0.85546875 0.1125 0.2890625