5 0.04453125 0.11796875 0.0890625 0.2359375
5 0.23359375 0.134375 0.1765625 0.26875
6 0.04375 0.09609375 0.0875 0.1921875
1 0.10859375 0.134375 0.1765625 0.26875
0 0.02578125 0.19375 0.0515625 0.0875
2 0.94609375 0.29140625 0.1078125 0.2671875
0 0.7759396227323151 0.3432302868899204 0.055469297342454024 0.06750566256778665
5 0.6385567067154523 0.2198023981298472 0.1752203653723619 0.2884999394987579
1 0.7473959047183157 0.24026436817381375 0.14520560136854394 0.2602022226762452
1 0.8486044160566337 0.27639679001317835 0.16103059603754383 0.27748062626704134
3 0.04609375 0.59921875 0.0921875 0.1609375
5 0.04609375 0.60703125 0.0921875 0.1765625
0 0.0125 0.66015625 0.025 0.0953125
1 0.05859375 0.62578125 0.1171875 0.2140625
1 0.15546875 0.628125 0.1765625 0.21875
1 0.45390625 0.8578125 0.1078125 0.284375
1 0.65 0.92109375 0.190625 0.1578125
2 0.4375 0.896875 0.075 0.20625
2 0.4703125 0.90703125 0.134375 0.1859375
10 0.553125 0.903125 0.184375 0.19375
4 0.7453125 0.9328125 0.16875 0.134375