5 0.03828125 0.19453125 0.0765625 0.3609375
2 0.11015625 0.190625 0.053125 0.34375
7 0.2453125 0.18046875 0.140625 0.34375
0 0.33828125 0.34375 0.0515625 0.090625
1 0.44140625 0.18046875 0.1515625 0.3609375
1 0.55 0.18203125 0.0375 0.3640625
2 0.5921875 0.10703125 0.046875 0.2140625
8 0.59921875 0.1 0.0609375 0.2
4 0.68984375 0.1140625 0.1390625 0.228125
0 0.76875 0.1796875 0.0625 0.08125
1 0.87265625 0.1015625 0.1671875 0.203125
2 0.028125 0.82578125 0.05625 0.3484375
5 0.04296875 0.8078125 0.0859375 0.321875
8 0.153125 0.8171875 0.1265625 0.353125
1 0.29921875 0.809375 0.140625 0.33125
1 0.43671875 0.80625 0.1421875 0.33125
0 0.228125 0.9453125 0.05 0.084375
0 0.58671875 0.8921875 0.0359375 0.06875
8 0.60078125 0.77421875 0.0640625 0.3359375
1 0.5984375 0.76875 0.059375 0.303125
1 0.63359375 0.7578125 0.1296875 0.290625
1 0.74609375 0.746875 0.10625 0.2796875