0 0.4972497804882991 0.3616303080653552 0.04382404160312507 0.07055793969514959
9 0.32856990282913234 0.23134388612779463 0.16897343123013914 0.27907039734428024
1 0.5760995194703824 0.25803260939321504 0.16290526918604192 0.28684653590796183
1 0.454660277354167 0.24389336222188537 0.14724390159486128 0.2851931323171657
1 0.83359375 0.34453125 0.1578125 0.1484375
1 0.7296875 0.3375 0.121875 0.1625
7 0.7 0.32578125 0.0625 0.1859375
3 0.7046875 0.309375 0.071875 0.21875
3 0.70078125 0.30390625 0.0640625 0.2296875
8 0.25 0.57890625 0.190625 0.3203125
1 0.39375 0.5625 0.1875 0.2875
1 0.54921875 0.57421875 0.1828125 0.3109375
1 0.63828125 0.6109375 0.0609375 0.384375
0 0.4481953378589935 0.6859758022116227 0.07878092306201409 0.0957579275949012
1 0.8442312704203129 0.758578030937992 0.08383340539458359 0.17858860831306062
7 0.7222283306407989 0.7202200337666624 0.07856402393569457 0.1535613372358217
2 0.7876175945085073 0.7432802838648583 0.05981402393569457 0.15345225292686618
2 0.9195222111497573 0.7706416937021704 0.06911628875333342 0.15038179508134383
0 0.8031166143601393 0.8049172206331419 0.022966027735416717 0.04700226502711473