2 0.41915470126513943 0.2284597173462263 0.13779309070654372 0.29844247840045346
0 0.19549847792014 0.32217254492837333 0.04300566000954511 0.07178571996293322
9 0.05859375 0.19296875 0.1171875 0.2859375
1 0.27950185526736665 0.216936918704838 0.1642828653723619 0.2931200613400781
1 0.15860809993636654 0.20397810563547933 0.148621502705271 0.28944942431676957
8 0.63984375 0.29296875 0.1203125 0.4734375
7 0.6390625 0.30546875 0.11875 0.4484375
0 0.60546875 0.4859375 0.0515625 0.0875
1 0.71328125 0.30859375 0.2671875 0.4421875
1 0.9015625 0.31875 0.196875 0.421875
5 0.115625 0.6203125 0.178125 0.18125
10 0.24375 0.62890625 0.15625 0.1984375
0 0.2899933652530492 0.7053049926587878 0.07307496801399935 0.10563493030721922
1 0.38828125 0.6375 0.1734375 0.215625
2 0.6328125 0.6703125 0.10625 0.28125
9 0.65234375 0.67890625 0.1453125 0.2984375
1 0.66328125 0.6796875 0.1671875 0.3
1 0.834375 0.6828125 0.30625 0.30625
0 0.60625 0.71328125 0.053125 0.1953125