5 0.18203125 0.3921875 0.1203125 0.09375
7 0.28828125 0.4015625 0.1234375 0.075
7 0.40078125 0.40546875 0.1515625 0.0671875
2 0.73515625 0.1890625 0.0515625 0.271875
10 0.74453125 0.215625 0.0703125 0.290625
3 0.7484375 0.2421875 0.078125 0.29375
3 0.7453125 0.271875 0.071875 0.2875
9 0.74453125 0.29921875 0.0703125 0.2703125
0 0.71484375 0.40390625 0.0109375 0.0421875
4 0.34510410264025443 0.7263473139190876 0.13304071161023057 0.27571813836728987
1 0.4601016200634495 0.743643377347196 0.13756452050323809 0.2710579094445286
0 0.5018129157096131 0.8465047569338869 0.05968751324684387 0.09876475292686634
1 0.5831298922959681 0.7546439889799061 0.13449408420556885 0.2726022287263694
1 0.675 0.75546875 0.06875 0.2609375
7 0.75390625 0.7640625 0.0890625 0.359375
3 0.79296875 0.79140625 0.1671875 0.3484375
0 0.82109375 0.95234375 0.0671875 0.0953125
1 0.91640625 0.8234375 0.1671875 0.353125