5 0.021875 0.453125 0.04375 0.13125
7 0.05703125 0.45078125 0.0890625 0.1359375
7 0.171875 0.44453125 0.115625 0.1484375
1 0.37646818942950944 0.24112340710683763 0.08752404671392995 0.21609769867214013
1 0.4630960112162641 0.23749389217791883 0.07943876207419383 0.206677246876742
3 0.5489198509497074 0.23308767242853984 0.07484219028743926 0.20977497579950316
6 0.626885726576528 0.22716440447455896 0.06841033386094857 0.2034886143631846
10 0.7109424778301692 0.21573602508425962 0.06652958511458973 0.19254202400410508
1 0.7811867816702351 0.21298320892567676 0.06965458511458991 0.19256020472226432
5 0.8606924252437445 0.2062696006126163 0.06161476458147632 0.18470225292686626
0 0.822567951107992 0.29244344994868643 0.010102425705962936 0.025054542154477843
9 0.21640625 0.6640625 0.1046875 0.290625
3 0.09140625 0.665625 0.1828125 0.29375
2 0.2953125 0.62578125 0.053125 0.2140625
2 0.94375 0.621875 0.1125 0.20625
8 0.603125 0.6125 0.159375 0.1875
4 0.425 0.628125 0.171875 0.21875
1 0.7765625 0.61796875 0.190625 0.1984375
0 0.6835234861434395 0.6741848502198329 0.059205166930474284 0.10188975292686617