5 0.1734375 0.11796875 0.171875 0.2359375
7 0.29453125 0.1078125 0.1296875 0.215625
4 0.42734375 0.1359375 0.1359375 0.271875
4 0.48359375 0.11015625 0.2171875 0.2203125
0 0.596597123478195 0.150152452580965 0.08877417211208342 0.12237496974937905
1 0.66875 0.11171875 0.2625 0.2234375
1 0.8578125 0.1203125 0.259375 0.240625
6 0.25923932779100733 0.6545813982280431 0.16425087005972258 0.3446590359079618
5 0.33359375 0.62265625 0.0515625 0.2921875
4 0.41015625 0.57421875 0.1015625 0.3359375
6 0.5112726468452087 0.558583096998379 0.1823462534184724 0.31664312021691715
4 0.6262975815907295 0.5321291604264873 0.14706206363895866 0.27738063231716553
0 0.7020080560395143 0.6293581635497453 0.0486570119678472 0.0768352107723885
4 0.76484375 0.503125 0.1640625 0.2875