5 0.07109375 0.1359375 0.1421875 0.271875
7 0.20078125 0.1484375 0.1390625 0.296875
0 0.2478901376799188 0.26973786660267984 0.06318177693097127 0.1175511143631848
1 0.35390625 0.16484375 0.1734375 0.3296875
5 0.7140625 0.2859375 0.109375 0.3875
4 0.75703125 0.29375 0.1953125 0.371875
0 0.80546875 0.4546875 0.0890625 0.05
1 0.90625 0.30859375 0.1875 0.3421875
5 0.3359375 0.55078125 0.128125 0.1421875
7 0.44453125 0.5515625 0.1328125 0.14375
0 0.49173961074894734 0.549757164709086 0.06464428298109545 0.10037270472226431
1 0.56796875 0.56171875 0.1421875 0.1640625
7 0.71015625 0.9109375 0.1015625 0.178125
2 0.86484375 0.92734375 0.0921875 0.1453125
10 0.9578125 0.93359375 0.084375 0.1328125