3 0.08671875 0.34765625 0.1734375 0.3765625
1 0.25329334392904873 0.31567680728836567 0.15879648138127056 0.35492495202099905
9 0.41291379193191224 0.2927285612667303 0.15865103071290693 0.34242495202099904
0 0.4989501945815039 0.4174916565881855 0.06068405601527207 0.11319089067472703
1 0.5484375 0.28359375 0.121875 0.3484375
5 0.7218802592695939 0.3034404366247746 0.15843285471036167 0.32367495202099905
10 0.8509410506047301 0.28865922660727544 0.13354194271163422 0.332759050684272
0 0.9306456372533674 0.42052629726291235 0.06678860534690845 0.10076361600890867
1 0.96015625 0.2765625 0.0796875 0.325
3 0.0796875 0.909375 0.159375 0.18125
8 0.23671875 0.90078125 0.1984375 0.1984375
1 0.46328125 0.865625 0.2390625 0.26875
2 0.65 0.8140625 0.08125 0.3625
2 0.6890586686028211 0.7757876039545021 0.1545271520528157 0.39080790802036275
8 0.8326086739338212 0.7913024212683212 0.13901124005408844 0.40000109468490824
1 0.953125 0.76015625 0.09375 0.3578125
0 0.9076893952498676 0.9177552859245944 0.07776246801399936 0.10401588534372692