3 0.09375 0.15078125 0.1875 0.3015625
1 0.228125 0.11796875 0.215625 0.2359375
9 0.38203125 0.09453125 0.2140625 0.1890625
0 0.4912821618494023 0.12439853872986414 0.0784098079967011 0.11936977711788863
1 0.4875 0.0921875 0.125 0.184375
4 0.57890625 0.1390625 0.0578125 0.240625
9 0.640625 0.128125 0.14375 0.25625
0 0.7219601973470683 0.2312706643566848 0.026272994985435005 0.044477425705962935
1 0.75078125 0.12578125 0.1515625 0.2515625
1 0.85625 0.10703125 0.121875 0.2140625
6 0.0765625 0.7421875 0.153125 0.515625
1 0.07890625 0.72421875 0.1578125 0.5109375
0 0.09034779915470548 0.9095116731321735 0.10275659012915472 0.15130173871722902
1 0.1546875 0.70859375 0.309375 0.4796875
1 0.35703125 0.6921875 0.3234375 0.446875
5 0.6015625 0.6984375 0.103125 0.38125
2 0.6078125 0.65625 0.115625 0.34375
7 0.73125 0.63828125 0.2125 0.3390625
0 0.8608983283841652 0.7774637027573446 0.07184155925034226 0.10825042069139794
1 0.9046875 0.6265625 0.190625 0.315625