4 0.20859375 0.17578125 0.1859375 0.3515625
2 0.4015625 0.2015625 0.125 0.3578125
0 0.40625 0.34765625 0.0640625 0.10625
1 0.4828125 0.2390625 0.134375 0.390625
6 0.934375 0.12890625 0.13125 0.2578125
2 0.0390625 0.7453125 0.078125 0.2125
2 0.46015625 0.8015625 0.1796875 0.325
1 0.2421875 0.7765625 0.215625 0.275
1 0.08359375 0.76484375 0.1671875 0.2515625
5 0.05234375 0.7515625 0.1046875 0.225
0 0.11640625 0.84609375 0.0828125 0.11875
1 0.94921875 0.721875 0.1015625 0.165625
2 0.80390625 0.69765625 0.1015625 0.1171875
2 0.69375 0.70390625 0.128125 0.1296875
4 0.8765625 0.7046875 0.11875 0.13125
0 0.9 0.75 0.05 0.065625