4 0.04921875 0.0984375 0.0984375 0.196875
2 0.04765625 0.0890625 0.0953125 0.178125
0 0.08241976260291928 0.0888401594127691 0.06715405925034226 0.1069954346753633
1 0.14453125 0.09765625 0.2046875 0.1953125
1 0.29453125 0.09609375 0.2109375 0.1921875
5 0.575 0.3375 0.25 0.284375
9 0.7296875 0.3265625 0.2625 0.30625
1 0.8953125 0.29609375 0.209375 0.3671875
2 0.08046875 0.88203125 0.1609375 0.2359375
9 0.2453125 0.85859375 0.271875 0.2828125
0 0.68828125 0.49453125 0.0421875 0.0296875
5 0.740625 0.53515625 0.1375 0.1109375
1 0.54296875 0.53515625 0.1453125 0.1109375
3 0.4890625 0.5453125 0.078125 0.13125
8 0.6375 0.5359375 0.125 0.1125