4 0.03359375 0.3390625 0.0671875 0.30625
7 0.05234375 0.359375 0.1046875 0.296875
0 0.0875 0.496875 0.0375 0.059375
1 0.18984375 0.378125 0.1546875 0.2921875
2 0.365625 0.396875 0.0875 0.2859375
2 0.8171875 0.390625 0.1078125 0.2859375
2 0.9046875 0.39296875 0.1015625 0.2796875
8 0.96015625 0.39609375 0.0796875 0.3015625
8 0.49375 0.73125 0.16875 0.184375
2 0.65546875 0.73125 0.1578125 0.184375
0 0.6890625 0.71171875 0.059375 0.1234375
1 0.80390625 0.73515625 0.2015625 0.1921875
1 0.9296875 0.7390625 0.140625 0.2