9 0.23125 0.14921875 0.271875 0.2984375
10 0.38046875 0.1421875 0.1578125 0.284375
9 0.8744090796908685 0.20326395292539462 0.12903810904180588 0.2427796095770768
3 0.95546875 0.21015625 0.0890625 0.2390625
0 0.98828125 0.290625 0.0234375 0.0625
8 0.12175685837621568 0.7482139886392096 0.13696101823611145 0.31476370373287815
7 0.220994445382188 0.7808707556853381 0.13150979882131963 0.2818693831160273
0 0.2729589485163199 0.8979803892084025 0.04556837955902786 0.07888865909060953
1 0.349900695382188 0.7786206887219351 0.14724390159486128 0.2868296185055305
1 0.42890625 0.8203125 0.0609375 0.290625
4 0.52109375 0.81171875 0.1234375 0.3765625
4 0.6125 0.81484375 0.190625 0.3703125
0 0.6765625 0.97578125 0.08125 0.0484375
1 0.8015625 0.82109375 0.2375 0.3578125
1 0.93984375 0.82109375 0.1203125 0.3578125