9 0.24609375 0.26328125 0.1671875 0.5265625
2 0.5515625 0.13671875 0.059375 0.2734375
9 0.65859375 0.14921875 0.1234375 0.2984375
5 0.797162741068251 0.16238044586034678 0.10652628408896199 0.2867388934267362
1 0.9295621838440805 0.18040113440558966 0.12220583116686257 0.29022756933854177
0 0.8425042889569305 0.2973178371028814 0.030587526785361162 0.05225348423243048
4 0.01328125 0.60859375 0.0265625 0.0796875
7 0.0125 0.60703125 0.025 0.0765625
9 0.01328125 0.6046875 0.0265625 0.071875
5 0.0125 0.59921875 0.025 0.0609375
3 0.15546875 0.63671875 0.1140625 0.1359375
1 0.25 0.63671875 0.1125 0.1359375
6 0.30859375 0.6390625 0.0421875 0.140625
6 0.4328125 0.66796875 0.165625 0.1984375
10 0.58203125 0.6578125 0.1453125 0.178125
0 0.6448871749156269 0.6408321009705898 0.05870461850553053 0.1419342332825
1 0.7421875 0.6640625 0.178125 0.190625
1 0.89375 0.65859375 0.15625 0.1796875