2 0.2421875 0.10703125 0.153125 0.2140625
1 0.3390625 0.11953125 0.203125 0.2390625
1 0.47421875 0.134375 0.1953125 0.26875
0 0.5013391234487425 0.23129344681027728 0.0535174565847754 0.06838763050895835
1 0.56875 0.13671875 0.1 0.2734375
8 0.11796875 0.6890625 0.2359375 0.378125
3 0.26875 0.7 0.328125 0.4
0 0.32241014139543117 0.8617102582650343 0.10087584138279589 0.1397547906531944
1 0.4640625 0.746875 0.309375 0.49375
8 0.66015625 0.77890625 0.0828125 0.3234375
4 0.67421875 0.81640625 0.1109375 0.3203125
0 0.6802082695295344 0.9527684033072912 0.03739235141192587 0.05083645459715278
1 0.78671875 0.8375 0.1890625 0.325
1 0.915625 0.85625 0.16875 0.2875