2 0.1046875 0.2609375 0.115625 0.178125
1 0.2015625 0.26875 0.16875 0.1625
1 0.33828125 0.27265625 0.1578125 0.1546875
1 0.47734375 0.28828125 0.1546875 0.1234375
6 0.6609375 0.0640625 0.10625 0.128125
1 0.73515625 0.0765625 0.1203125 0.153125
0 0.7628597952737299 0.11181544177628418 0.04157042934436319 0.08219555737069442
1 0.82265625 0.08046875 0.1296875 0.1609375
1 0.91640625 0.09375 0.1265625 0.1875
3 0.1539382339274579 0.742164090521354 0.19475216271481594 0.3591243461240278
2 0.3138672172581399 0.7579676624253469 0.14911239871099796 0.32994468597979176
3 0.40688142059200344 0.7518975407501036 0.14738626670908897 0.31584581838861114
0 0.44457122990932235 0.8689571009705898 0.06037497334499946 0.08731946846486113
1 0.51796875 0.753125 0.1421875 0.315625
5 0.7296387626114116 0.6797011113229164 0.21548283338636115 0.39553462480937507
6 0.9 0.69921875 0.2 0.4015625
0 0.9492501865850038 0.8690681633752775 0.06217383068109026 0.10766833605604162