4 0.153125 0.09375 0.14375 0.1875
7 0.3234375 0.0921875 0.140625 0.184375
0 0.393247279732187 0.04287009859256994 0.05650587955902786 0.07939786569131932
1 0.46328125 0.08828125 0.0734375 0.1765625
2 0.7515625 0.034375 0.040625 0.06875
8 0.80625 0.03359375 0.05 0.0671875
5 0.86015625 0.0328125 0.0484375 0.065625
0 0.88515625 0.00625 0.0140625 0.0125
1 0.92734375 0.03515625 0.0546875 0.0703125
2 0.9890625 0.03203125 0.021875 0.0640625
6 0.05234375 0.496875 0.1046875 0.39375
3 0.1404522008943399 0.5169959699834725 0.1955021764804865 0.4152652433504862
5 0.31303571571197875 0.5241395888089241 0.1988453820275698 0.42471297853284734
0 0.371117706593923 0.6818261086605562 0.06032186379145834 0.10915810087368065
10 0.44453125 0.54375 0.1109375 0.415625
8 0.553125 0.615625 0.10625 0.45
4 0.6321669222089927 0.6388346023922921 0.2050966884483337 0.49200958130638917
0 0.7031301195879508 0.8140177467689588 0.06395601006798621 0.13110583605604162
1 0.8164873708222217 0.6454697281515978 0.21428985049243093 0.48441528685347246
1 0.94453125 0.6703125 0.1109375 0.525