4 0.053125 0.2 0.10625 0.4
10 0.05546875 0.23203125 0.1109375 0.4390625
0 0.028125 0.440625 0.05625 0.128125
1 0.16640625 0.2887310714114964 0.2265625 0.4370112933640895
1 0.35390625 0.3078125 0.2390625 0.403125
2 0.6125 0.40078125 0.0875 0.2171875
8 0.70859375 0.41171875 0.1265625 0.1953125
6 0.815625 0.4265625 0.121875 0.165625
1 0.91875 0.44296875 0.13125 0.1328125
3 0.09140625 0.82993513737268 0.171875 0.31606244668999894
3 0.2375 0.85234375 0.171875 0.2953125
1 0.36171875 0.8796875 0.1765625 0.240625
2 0.5171875 0.90546875 0.103125 0.1890625
5 0.61796875 0.62109375 0.0984375 0.2234375
10 0.6125 0.63828125 0.0875 0.2578125
0 0.58828125 0.7484375 0.0390625 0.109375
1 0.653125 0.65703125 0.16875 0.2953125