1 0.46914244808296496 0.15439143968260466 0.14201582493918147 0.24233558320625015
1 0.5802799359827165 0.19134853865642426 0.15322603571156995 0.2894651563445141
8 0.3472947191602039 0.15624226757052123 0.11562604176169415 0.27140483415618066
6 0.22143165592848718 0.13925217648048652 0.14054422852997775 0.2579242156150695
0 0.37832252624360024 0.25304518559854217 0.04724770472226432 0.06515352773541672
3 0.74921875 0.36875 0.0390625 0.1875
1 0.7953963967551051 0.3779146329775004 0.0790340359079618 0.15806837955902786
6 0.8767145744482022 0.3915244977188893 0.07286584913967839 0.17198540919430555
0 0.8989622791704666 0.4560961439954171 0.02363748789975162 0.03492051386770836
7 0.9462958214231401 0.40173660552642404 0.08070562021691714 0.17685474715020852
9 0.990625 0.4171875 0.01875 0.18125
4 0.40703125 0.728125 0.1171875 0.1375
1 0.5234375 0.7265625 0.121875 0.134375
0 0.5734375 0.68984375 0.053125 0.0609375
1 0.646875 0.72734375 0.11875 0.1359375
0 0.98671875 0.71640625 0.0265625 0.0671875
2 0.88125 0.7234375 0.096875 0.128125
3 0.77109375 0.73515625 0.0828125 0.1515625
6 0.95703125 0.72265625 0.0859375 0.1265625