3 0.040625 0.075 0.08125 0.15
3 0.025 0.075 0.05 0.15
1 0.0921875 0.08359375 0.134375 0.1671875
0 0.13668030504029308 0.13494123363615698 0.04747496369925486 0.10448892319868044
1 0.215625 0.1015625 0.128125 0.203125
1 0.33515625 0.103125 0.1296875 0.20625
8 0.86484375 0.07265625 0.1015625 0.1453125
8 0.978125 0.0765625 0.04375 0.153125
7 0.35601663320092836 0.6985621497752085 0.129906710379605 0.30997805674305995
9 0.46953125 0.7140625 0.0390625 0.315625
6 0.8927586299794745 0.5104005717202476 0.0794521924256241 0.23039820533113406
3 0.9734375 0.5171875 0.053125 0.234375