3 0.15859375 0.07734375 0.1890625 0.1546875
3 0.3 0.0734375 0.125 0.146875
1 0.39375 0.078125 0.159375 0.15625
0 0.42793880792491257 0.12273321650437205 0.05590564934754472 0.10659722958157988
1 0.51484375 0.1015625 0.1578125 0.203125
1 0.6078125 0.10859375 0.103125 0.2171875
3 0.0765625 0.68046875 0.153125 0.3296875
3 0.32246151460059397 0.7195511636018145 0.1728044373806341 0.3543303798517325
9 0.20389332793604842 0.6997793222246693 0.17087831070972523 0.32302581614940157
0 0.36477518925050384 0.8445164472670783 0.08535679201145392 0.08732143992586625
1 0.4510041379296851 0.75530266904411 0.16446467870781625 0.3087450613400781
1 0.5759314125955033 0.7659177652305785 0.16384651336727102 0.25562006134007814
3 0.8280660772597306 0.6867361744015875 0.10249084269572606 0.21755457694917482
7 0.9270666512571853 0.708950969499597 0.10739651869827113 0.23646826805616747
0 0.959460433243186 0.8132490890997104 0.036664753341817756 0.06375496515360961
1 0.98515625 0.7203125 0.0296875 0.215625