2 0.09921875 0.1390625 0.1265625 0.278125
5 0.35234375 0.13828125 0.0953125 0.2765625
10 0.22578125 0.14296875 0.1421875 0.2859375
6 0.560224263407042 0.18743575655260453 0.09342492536599849 0.24273432028847228
8 0.6860691480744512 0.19583209764263926 0.07173173870145284 0.2578501740119446
0 0.730156050087496 0.29292595640010466 0.03530224801081765 0.08048758700597229
1 0.7930185820734966 0.19129202763850744 0.11066696936663475 0.24782186379145835
1 0.8962526700747693 0.20306728865642426 0.11250218936981646 0.271295731382639
7 0.303125 0.63671875 0.0625 0.0734375
2 0.37265625 0.6375 0.0421875 0.075
0 0.39453125 0.6109375 0.0109375 0.021875
7 0.5421875 0.71484375 0.14375 0.2296875
4 0.7359375 0.7171875 0.11875 0.234375
8 0.9171875 0.709375 0.10625 0.21875
0 0.97890625 0.79765625 0.0421875 0.0953125