2 0.253125 0.16171875 0.2125 0.3234375
2 0.6234375 0.27734375 0.071875 0.3484375
5 0.5152801933844273 0.21498503608367797 0.2254315974524129 0.37278516136218054
10 0.3703125 0.184375 0.228125 0.36875
0 0.5379215413001763 0.372343550087496 0.08172620435383635 0.10403406667727229
7 0.8734375 0.2328125 0.253125 0.465625
2 0.7765625 0.21796875 0.234375 0.4359375
10 0.96328125 0.27890625 0.0734375 0.4484375
2 0.053125 0.7125 0.10625 0.165625
4 0.13828125 0.734375 0.1921875 0.209375
1 0.26953125 0.7375 0.1796875 0.215625
0 0.29541412668687156 0.8141765140833599 0.08388890507947586 0.12123974801081765
9 0.40078125 0.771875 0.2140625 0.284375
5 0.5359375 0.77109375 0.20625 0.2828125
1 0.78671875 0.7 0.1640625 0.140625
1 0.88828125 0.6984375 0.1703125 0.1375
10 0.7125 0.7 0.10625 0.140625
7 0.70390625 0.70390625 0.0890625 0.1484375
0 0.69609375 0.65078125 0.0609375 0.0421875