6 0.07421875 0.0828125 0.1234375 0.165625
4 0.2328125 0.08203125 0.109375 0.1640625
0 0.29375 0.01796875 0.05 0.0359375
4 0.38359375 0.08203125 0.1453125 0.1640625
8 0.55 0.0828125 0.115625 0.165625
6 0.8921875 0.04921875 0.059375 0.0984375
3 0.771875 0.034375 0.065625 0.06875
0 0.9200287445847571 0.06953125 0.02441942496187508 0.0421875
1 0.83125 0.03671875 0.078125 0.0734375
1 0.95390625 0.0453125 0.0609375 0.090625
3 0.19140625 0.4859375 0.0828125 0.1125
1 0.2984375 0.4859375 0.084375 0.1125
7 0.403125 0.48515625 0.08125 0.1109375
0 0.4493740185204517 0.52890625 0.01631598423243048 0.0296875
1 0.51015625 0.490625 0.0921875 0.121875
1 0.64609375 0.61484375 0.0546875 0.3015625
4 0.64296875 0.62578125 0.0484375 0.3046875
6 0.64453125 0.62734375 0.0515625 0.2859375
6 0.6973205560395143 0.6359375 0.10036890159486145 0.284375
7 0.7913069453821879 0.64609375 0.1018586664125003 0.28125
8 0.8930330995425004 0.653125 0.089213196047778 0.275
0 0.8396197716545839 0.775 0.011592116641249994 0.028125