6 0.05234375 0.37578125 0.1046875 0.3484375
4 0.0484375 0.3921875 0.096875 0.315625
4 0.05859375 0.4109375 0.1171875 0.278125
8 0.12109375 0.43515625 0.2015625 0.2296875
5 0.5963858843358023 0.3597328200588609 0.1605811134861197 0.2580317706874536
1 0.7055706677218971 0.3813089227402694 0.15263222116625172 0.2532533640197263
1 0.8311389690546805 0.4022946794239049 0.15772889812585583 0.26737040802036277
1 0.93359375 0.42421875 0.1328125 0.2515625
0 0.7503412616119756 0.49741572807922363 0.07129598997087001 0.08829997867599956
1 0.034375 0.71328125 0.06875 0.2640625
1 0.0359375 0.73515625 0.071875 0.2734375
4 0.0328125 0.7609375 0.065625 0.265625
2 0.028125 0.7828125 0.05625 0.2625
9 0.0296875 0.80546875 0.059375 0.2515625
7 0.05703125 0.83046875 0.1140625 0.2453125
0 0.07983018481065596 0.9252327400938594 0.03596624373179384 0.055087489337999784
6 0.13907114099971984 0.8407946527689043 0.11784804420664763 0.23879087468172672
2 0.509375 0.62109375 0.090625 0.1421875
5 0.6046875 0.62265625 0.15 0.1453125
3 0.7390625 0.621875 0.146875 0.14375
0 0.7803446618494023 0.6655572007479054 0.03440374373179385 0.05506930800445424
1 0.875 0.6328125 0.146875 0.165625
7 0.965625 0.64921875 0.06875 0.1984375