7 0.1703125 0.3546875 0.178125 0.35
4 0.3578125 0.20859375 0.196875 0.4171875
1 0.4921875 0.17578125 0.234375 0.3515625
6 0.6375 0.17265625 0.196875 0.3453125
0 0.72421875 0.253125 0.0765625 0.109375
1 0.7921875 0.146875 0.215625 0.29375
10 0.0546875 0.9 0.109375 0.2
9 0.053125 0.8875 0.10625 0.225
1 0.17421875 0.8609375 0.1703125 0.278125
4 0.4546875 0.7375 0.1328125 0.2625
3 0.55703125 0.709375 0.1515625 0.275
0 0.6328125 0.8078125 0.06875 0.1015625
1 0.68359375 0.68828125 0.1875 0.303125
2 0.84296875 0.68046875 0.1609375 0.3015625