7 0.14140625 0.33671875 0.1703125 0.1453125
3 0.303125 0.34140625 0.146875 0.1359375
1 0.4703125 0.3421875 0.175 0.134375
2 0.872003827669656 0.29742395163671737 0.030978330989305646 0.2227388180258309
3 0.9548072373105765 0.29345185398571527 0.07466469847574828 0.2130743130112661
9 0.09765625 0.52109375 0.1015625 0.2234375
3 0.18984375 0.51875 0.0796875 0.21875
0 0.2272640202916719 0.5885871945770884 0.034720433645025396 0.06037521034569906
6 0.28125 0.509375 0.08125 0.2
2 0.3859375 0.528125 0.0625 0.2375
5 0.68125 0.6 0.24375 0.38125
8 0.925 0.6140625 0.15 0.409375
0 0.9859375 0.7421875 0.028125 0.178125