1 0.3078125 0.1109375 0.240625 0.221875
5 0.11328125 0.10859375 0.2234375 0.2171875
8 0.0578125 0.11328125 0.115625 0.2265625
0 0.228125 0.03515625 0.084375 0.0703125
2 0.52265625 0.07578125 0.0671875 0.1515625
2 0.79296875 0.06875 0.1265625 0.1375
5 0.646875 0.0734375 0.15 0.146875
10 0.54609375 0.07734375 0.1140625 0.1546875
0 0.72109375 0.01953125 0.0578125 0.0390625
6 0.04609375 0.4484375 0.0921875 0.359375
4 0.040625 0.4328125 0.08125 0.328125
0 0.015625 0.57421875 0.03125 0.0953125
1 0.07890625 0.43359375 0.1578125 0.3296875
2 0.23671875 0.41171875 0.1515625 0.2859375
6 0.6223963404990581 0.7451001733463544 0.14457175486796867 0.3188617156150695
6 0.7174770154179801 0.7340373464083684 0.13922968993316048 0.28125261284152786
7 0.8070343932590017 0.7197222329012505 0.12253311363426675 0.3089775693385416
4 0.8989355211000231 0.7054616707809032 0.1325978603878557 0.25923214247680554
5 0.9640625 0.69765625 0.071875 0.2546875
0 0.9601923952875964 0.8146561392457643 0.03064207386326192 0.05537848423243048