1 0.34453125 0.134375 0.3140625 0.26875
2 0.565625 0.134375 0.16875 0.26875
5 0.1234375 0.134375 0.246875 0.26875
8 0.075 0.134375 0.15 0.26875
3 0.73203125 0.06875 0.1484375 0.1375
2 0.88671875 0.06640625 0.0953125 0.1328125
1 0.95 0.07109375 0.1 0.1421875
0 0.92578125 0.009375 0.0234375 0.01875
2 0.2500683465945488 0.6135096043814267 0.21201238804899775 0.36698422618081655
8 0.40188538526418505 0.5872245860390266 0.18417828938572497 0.39116587226160837
0 0.48335246658182207 0.7004399883880245 0.051018154678545 0.08895485141192587
1 0.5436098086012302 0.5557663343896739 0.19309875604708876 0.3523761569013445
1 0.61796875 0.5234375 0.0640625 0.375
10 0.678125 0.703125 0.05625 0.203125
7 0.6734375 0.69140625 0.046875 0.1984375
7 0.7 0.64921875 0.1 0.2078125
3 0.7765132152689576 0.6291750906578801 0.11157494135899881 0.1922449874635877
0 0.66875 0.74296875 0.0375 0.0609375