2 0.21363087179938992 0.32169417329736427 0.09701402164110533 0.4358477711033183
10 0.35811665769276724 0.3176088709444579 0.16282087806759601 0.4432432597392326
5 0.5296875 0.31484375 0.1 0.4265625
4 0.63046875 0.32109375 0.1015625 0.3109375
4 0.8100679511079919 0.31808260917663034 0.10854725204506402 0.29549550649282175
10 0.97109375 0.32265625 0.0578125 0.2796875
10 0.72348559342786 0.3242837905883742 0.10304139812585582 0.2672886858759707
8 0.9044173446815013 0.3101825600701348 0.08567204169936496 0.26073867694751696
0 0.9370516514245611 0.4378029995995535 0.017261707838416386 0.056522735389503434
2 0.58671875 0.240625 0.0140625 0.15
9 0.59921875 0.24296875 0.0390625 0.1671875
2 0.25625 0.7015625 0.04375 0.14375
7 0.36015625 0.703125 0.1015625 0.146875
8 0.5109375 0.70234375 0.08125 0.1453125
0 0.5637421835570147 0.6964315259778776 0.022966138558944315 0.037881829545304765
1 0.5984375 0.715625 0.0375 0.171875
2 0.603125 0.715625 0.046875 0.171875
4 0.6546875 0.72421875 0.090625 0.1890625
0 0.7006882540901281 0.7895054159937637 0.03655727711788863 0.07560001785690744
1 0.75859375 0.73203125 0.1046875 0.2046875
1 0.85859375 0.72734375 0.1046875 0.1953125