2 0.2637625204203129 0.39888621599631924 0.16810452830409767 0.4458606267092362
10 0.37421875 0.41796875 0.1703125 0.4640625
3 0.631349410712917 0.39350969139503456 0.19001458947451422 0.38078114057694457
3 0.7945949463321185 0.4217587119122566 0.18205661910979193 0.37434930262104193
5 0.93828125 0.4375 0.1234375 0.3375
0 0.99296875 0.58828125 0.0140625 0.0546875
3 0.03046875 0.86796875 0.0609375 0.1984375
2 0.0625 0.88046875 0.071875 0.2234375
4 0.146875 0.884375 0.121875 0.23125
0 0.175 0.98984375 0.028125 0.0203125
1 0.25546875 0.8921875 0.1265625 0.215625
1 0.359375 0.90703125 0.128125 0.1859375
6 0.63125 0.84765625 0.109375 0.1578125
1 0.71328125 0.853125 0.1078125 0.16875
0 0.7381657212177435 0.9157970398001731 0.03277743882958326 0.06635235182361114
1 0.790625 0.8640625 0.096875 0.190625
1 0.86484375 0.86171875 0.1046875 0.1859375