6 0.0515625 0.321875 0.103125 0.434375
4 0.23984375 0.33359375 0.1640625 0.4109375
1 0.43359375 0.34375 0.1703125 0.390625
7 0.8226712556787475 0.3610342807548571 0.10280126623205436 0.2534375132468439
1 0.9331684249156268 0.38441227176918247 0.0994308043815014 0.23926588584218217
0 0.978155416797952 0.5015377735832809 0.01781479139585791 0.03653770072563951
1 0.228125 0.6890625 0.11875 0.3
3 0.3381656164736404 0.6999306004476378 0.10838879301741562 0.30516370435383655
10 0.4414269841683921 0.7113443048014743 0.10989674593951496 0.3020932680561675
4 0.50390625 0.71875 0.0296875 0.296875
5 0.578125 0.88828125 0.11875 0.2234375
1 0.71796875 0.8953125 0.2265625 0.209375
1 0.90390625 0.909375 0.1921875 0.18125