8 0.35 0.10546875 0.18125 0.2109375
6 0.50859375 0.1078125 0.1703125 0.215625
0 0.5796875 0.0359375 0.06875 0.071875
1 0.6421875 0.10703125 0.09375 0.2140625
2 0.04515935227677148 0.6946126651763942 0.08413308684890541 0.25607845048646743
2 0.16059343750411914 0.7075684070587194 0.07818309577735913 0.27315685633066594
6 0.24584514489044534 0.7035860649315129 0.09079218993316047 0.2796250446422686
0 0.2940587280891981 0.8068025681779238 0.04864778003177221 0.10238070616851011
1 0.3574820742735943 0.7102236229664621 0.10770695454365722 0.26430005357072234
1 0.4666934330398923 0.721507770692986 0.1171365016215578 0.26758869480442443
5 0.759375 0.5140625 0.128125 0.290625
10 0.9109375 0.52421875 0.125 0.3109375
0 0.972230366887268 0.6266822402541768 0.032777318181219074 0.08804547077900686