8 0.01640625 0.18046875 0.0328125 0.1484375
1 0.09247280454931373 0.17192422402871296 0.06803290339440445 0.1464852621748646
0 0.0718285064429077 0.2293100300350674 0.02050339754067192 0.03316705600635448
3 0.03931144311299524 0.17910152435302457 0.06329086123992678 0.13702844155801355
3 0.61640625 0.284375 0.1171875 0.16875
4 0.734375 0.27109375 0.121875 0.1953125
3 0.84375 0.2625 0.11875 0.2125
0 0.90625 0.36171875 0.01875 0.0140625
1 0.946875 0.2484375 0.10625 0.240625
6 0.06171875 0.5296875 0.1234375 0.2875
10 0.14591038017586627 0.5175815974055075 0.13438513212077385 0.2726307508107789
8 0.2453125 0.50078125 0.11875 0.2640625
5 0.33046875 0.484375 0.1140625 0.23125
0 0.3830558561717612 0.5743735194850558 0.03626475292686617 0.05687729139585791
4 0.41875 0.4828125 0.115625 0.228125
1 0.5234375 0.8265625 0.0875 0.346875
1 0.546875 0.80703125 0.134375 0.3640625
1 0.6519285760193361 0.8112049123403157 0.1645544211519936 0.3559614480508353
7 0.7512336844305925 0.7946292926169691 0.15349874648395848 0.3354580332781829
9 0.8582922055078314 0.7880735551988709 0.15814079468856052 0.32772735389503393
1 0.9390625 0.76875 0.121875 0.3125