8 0.3515625 0.04453125 0.0625 0.0890625
1 0.48203125 0.04375 0.0640625 0.0875
0 0.44921875 0.009375 0.0203125 0.01875
3 0.41484375 0.040625 0.0609375 0.08125
1 0.7203125 0.07734375 0.115625 0.1546875
1 0.8421875 0.07109375 0.06875 0.1421875
10 0.928125 0.07890625 0.11875 0.1578125
10 0.1390625 0.4546875 0.115625 0.290625
6 0.2859375 0.4546875 0.10625 0.290625
0 0.3585485667056827 0.5770780460633025 0.03734688730530315 0.04864657825883114
1 0.4328125 0.46171875 0.128125 0.3046875
10 0.8106446126281899 0.6559302747896719 0.11285431881725376 0.33497496369925484
2 0.98203125 0.646875 0.0359375 0.328125