5 0.13493298367311315 0.2731700876596843 0.1416716671451935 0.3007284772718286
1 0.2623957847615723 0.24959799431466187 0.15082841233587008 0.2946421185055305
1 0.40681790735691054 0.2552457966675683 0.16192960344286256 0.2995205332781829
0 0.32802573004491614 0.362530416797952 0.03337798439090349 0.061482970779006864
4 0.53359375 0.2 0.0890625 0.309375
10 0.6458382234214941 0.18370025892515846 0.14734131378714893 0.32893529788867965
0 0.7123312642583343 0.2943025681779238 0.03154266587924912 0.053643197240056395
10 0.7815128285936372 0.17121567004436286 0.1356944856568477 0.30843188311602726
6 0.9140624337657804 0.15867653408566654 0.13525797603820083 0.2959318831160271
9 0.384375 0.80546875 0.196875 0.3734375
1 0.46875 0.803125 0.040625 0.36875
3 0.584375 0.7828125 0.190625 0.328125
3 0.74375 0.77890625 0.240625 0.3203125
3 0.90234375 0.7765625 0.1953125 0.315625
0 0.965625 0.8640625 0.06875 0.128125