2 0.1375 0.2734375 0.115625 0.153125
3 0.04296875 0.25078125 0.0859375 0.1984375
9 0.36171875 0.2953125 0.1546875 0.109375
4 0.234375 0.2828125 0.115625 0.134375
1 0.971875 0.08125 0.05625 0.1625
3 0.87578125 0.08671875 0.1546875 0.1734375
6 0.72265625 0.090625 0.1671875 0.18125
7 0.25546875 0.620385043427748 0.153125 0.31361030681713337
5 0.37890625 0.6369804338506712 0.121875 0.3005648360381265
1 0.50078125 0.6270405978125446 0.1234375 0.3068421095770769
0 0.4265625 0.7384923409126858 0.05 0.10087275324641087
3 0.82265625 0.6670339468363147 0.128125 0.30848643019392785
3 0.9546875 0.6765625 0.090625 0.31875