0 0.325 0.48828125 0.059375 0.0828125
2 0.19846340462967796 0.3240228025199177 0.14613425486796866 0.31971676959604134
3 0.0640625 0.26640625 0.128125 0.3484375
9 0.41640625 0.3828125 0.1859375 0.29375
4 0.2925310044675221 0.35333588097058993 0.1461069813290184 0.3181542695960413
9 0.84609375 0.3609375 0.2578125 0.3375
5 0.67109375 0.33359375 0.2640625 0.3921875
7 0.2703125 0.81328125 0.203125 0.3734375
8 0.44140625 0.83359375 0.1609375 0.3328125
0 0.47421875 0.98515625 0.0859375 0.0296875
6 0.8890625 0.8015625 0.221875 0.396875
3 0.72890625 0.77890625 0.2421875 0.4421875
0 0.94921875 0.96171875 0.0765625 0.0765625