6 0.065625 0.29453125 0.13125 0.4171875
5 0.15711150058917517 0.2469091732972744 0.2131828186926656 0.38839198002863506
1 0.30546875 0.2046875 0.2078125 0.384375
1 0.37265625 0.1859375 0.0734375 0.371875
0 0.2587961995559029 0.3589995459500478 0.07568177693097126 0.11806020401018139
0 0.5094820007855668 0.2852978692711847 0.03616475897699054 0.03948067067154533
10 0.46676323566025635 0.24282910594368445 0.07740790339440444 0.14620338534372693
6 0.5184757265850701 0.21644787193668477 0.08528403590796181 0.15723179201145393
3 0.434375 0.27421875 0.05 0.1546875
1 0.43359375 0.26328125 0.0484375 0.1484375
1 0.5786865187395478 0.20637289059518507 0.08988063231716552 0.14166133601209036
10 0.02421875 0.6796875 0.0484375 0.08125
7 0.0203125 0.678125 0.040625 0.078125
7 0.02265625 0.68046875 0.0453125 0.0828125
3 0.0234375 0.67734375 0.046875 0.0765625
0 0.00859375 0.65078125 0.0171875 0.0234375
2 0.609375 0.70625 0.1125 0.134375
10 0.7046875 0.71171875 0.15 0.1453125
3 0.8015625 0.71328125 0.165625 0.1484375
3 0.90859375 0.71171875 0.1578125 0.1453125
9 0.96640625 0.70703125 0.0671875 0.1359375
0 0.9758377329297818 0.709006447247004 0.025245439695149585 0.04247840133672707