0 0.3295672926499648 0.15787194275145514 0.048511541603125076 0.07194941106992551
7 0.259375 0.10078125 0.11875 0.2015625
5 0.1625 0.1 0.115625 0.2
1 0.37890625 0.08828125 0.1296875 0.1765625
1 0.490625 0.08125 0.134375 0.1625
6 0.66328125 0.184375 0.1265625 0.36875
8 0.7859375 0.159375 0.23125 0.31875
1 0.93125 0.1484375 0.1375 0.296875
0 0.8918484338924995 0.2612648159797656 0.08405030452090294 0.12314981252120454
0 0.58359375 0.72109375 0.0328125 0.0734375
2 0.4294231287060065 0.6375991374866448 0.13688828305375028 0.313903787293461
3 0.26719523242947874 0.6651214806778883 0.2278405913743753 0.33113098202865066
1 0.52890625 0.621875 0.1421875 0.315625
5 0.91484375 0.5484375 0.1703125 0.359375
5 0.75 0.59375 0.2625 0.45