0 0.10581179849629666 0.20402177878225647 0.04731292069139794 0.06980466014423606
7 0.0484375 0.121875 0.096875 0.24375
5 0.02734375 0.13359375 0.0546875 0.2078125
1 0.159375 0.11171875 0.125 0.2234375
1 0.27109375 0.10703125 0.1265625 0.2140625
1 0.95 0.13984375 0.1 0.2796875
6 0.81484375 0.15078125 0.2203125 0.3015625
3 0.6359375 0.15703125 0.2125 0.3140625
0 0.9016327638565607 0.22907763658979122 0.06765416442319179 0.12492857123840277
0 0.2518146202830513 0.8574195357161105 0.06389266693047428 0.10298083605604162
3 0.1859375 0.7625 0.15 0.2875
5 0.06875 0.7734375 0.1375 0.309375
1 0.33984375 0.753125 0.1703125 0.26875
1 0.425 0.75234375 0.0875 0.2671875
1 0.76328125 0.821875 0.2296875 0.35625
2 0.953125 0.815625 0.09375 0.36875
5 0.56953125 0.82734375 0.2015625 0.3453125
7 0.5359375 0.83671875 0.134375 0.3265625