7 0.046875 0.2640625 0.09375 0.328125
6 0.10873536927118473 0.302570341186944 0.1746032947167251 0.37271406743868063
0 0.14237347792014 0.43222082038538157 0.065171561346272 0.09680357123840296
1 0.24666208326704853 0.32982055936746474 0.19807715738381582 0.37638458130638897
2 0.4050285665977304 0.3456604988626383 0.1742033053787253 0.33833906743868064
6 0.7948092292727755 0.22217693921083298 0.19160898138127055 0.35748911094166685
10 0.92109375 0.2265625 0.1578125 0.3375
0 0.97734375 0.38515625 0.0453125 0.0921875
2 0.02890625 0.6859375 0.0578125 0.153125
3 0.053125 0.6953125 0.10625 0.171875
1 0.14140625 0.70078125 0.1671875 0.1828125
0 0.17461490794082088 0.74163153476618 0.06217383068109026 0.1076683360560418
1 0.26171875 0.70546875 0.1546875 0.1921875
1 0.3734375 0.70546875 0.165625 0.1921875
7 0.62109375 0.84765625 0.2046875 0.3046875
7 0.78515625 0.86796875 0.1640625 0.2640625
1 0.91015625 0.86640625 0.1796875 0.2671875