7 0.0890625 0.25078125 0.1375 0.0765625
4 0.23359375 0.25625 0.1265625 0.065625
3 0.03046875 0.67109375 0.0609375 0.2921875
7 0.03046875 0.6765625 0.0609375 0.26875
3 0.07210697859645779 0.6703691256778661 0.11906127204008907 0.29598518657189177
0 0.13133598058564006 0.7504066045024315 0.044786336012090186 0.08931703005422928
1 0.19929618726132148 0.684391239942855 0.12082376670908897 0.31318177693097127
1 0.3035206105983669 0.6576519988216496 0.09335220003181668 0.2349022408266178
4 0.50078125 0.56796875 0.0421875 0.2703125
5 0.5305194626034574 0.5795986799325923 0.08114310136854393 0.2598295179539809
9 0.6546745779360483 0.5857901134794219 0.10777832670272573 0.2662340540583344
1 0.7812461686028211 0.585745182564871 0.11079423870145284 0.2568772347764936
0 0.5815905192552764 0.6892782069617596 0.022365896005727137 0.04231476502711473