10 0.3984375 0.09296875 0.153125 0.1859375
10 0.54140625 0.08515625 0.1359375 0.1703125
0 0.59765625 0.07578125 0.0234375 0.0859375
5 0.64140625 0.2234375 0.0640625 0.153125
6 0.6421875 0.22265625 0.065625 0.1546875
7 0.7640625 0.221875 0.121875 0.15625
5 0.24094123092857184 0.6225739627864744 0.12513991639421018 0.28006323620994633
10 0.38658101339597584 0.6080521247023838 0.11233990746575628 0.262512023356965
0 0.4392502715136507 0.7252683684341776 0.024037517856907442 0.03505696159934022
1 0.5253025941590966 0.6316296801918024 0.13262513392680617 0.2615405567430599
4 0.646875 0.4375 0.075 0.275
6 0.64453125 0.4453125 0.0703125 0.290625
4 0.7203753607981881 0.4432334552646271 0.10937854869945837 0.27179609514371955
0 0.7660679159937637 0.5571201105166188 0.03878185633066593 0.07452863855894432
4 0.863262290181337 0.4520809210206023 0.12522173701106123 0.28475073620994634