10 0.2984375 0.0953125 0.203125 0.190625
10 0.44765625 0.08828125 0.2015625 0.1765625
0 0.484375 0.02421875 0.059375 0.0484375
1 0.5703125 0.09375 0.159375 0.1875
4 0.6671875 0.0390625 0.034375 0.078125
1 0.66953125 0.03984375 0.0390625 0.0796875
1 0.68828125 0.0390625 0.0765625 0.078125
1 0.75390625 0.03671875 0.0765625 0.0734375
0 0.65390625 0.02265625 0.0078125 0.0328125
4 0.06796875 0.525 0.1359375 0.390625
4 0.15390625 0.53359375 0.2171875 0.4078125
0 0.19855761544333922 0.6986972979392301 0.0882090480082102 0.122893154678545
1 0.33995984114464656 0.56346722792014 0.26354643305585024 0.45147378270208927
1 0.525 0.6 0.25 0.4875
10 0.70625 0.61015625 0.1125 0.5203125
10 0.85 0.6421875 0.3 0.521875
10 0.9546875 0.64921875 0.090625 0.4765625