8 0.05859375 0.24296875 0.1171875 0.2328125
3 0.12109375 0.23359375 0.2296875 0.2515625
1 0.3375 0.21796875 0.203125 0.2828125
6 0.76015625 0.05546875 0.0890625 0.1109375
1 0.83671875 0.059375 0.1015625 0.11875
0 0.88359375 0.021875 0.0359375 0.04375
1 0.92421875 0.06171875 0.1109375 0.1234375
2 0.015625 0.5328125 0.03125 0.2625
3 0.028125 0.53984375 0.05625 0.2859375
9 0.11875 0.5361258295420095 0.1109375 0.2722489212654741
3 0.2421875 0.5515616891190863 0.1046875 0.2705773271096728
9 0.3640625 0.5411890251572128 0.1078125 0.26750687418757335
0 0.18515625 0.6622849549473988 0.0203125 0.0362920560063543
3 0.5578125 0.6316450608743231 0.1859375 0.42199555113509035
2 0.76953125 0.6204968754020942 0.1515625 0.3870205332781829
1 0.909375 0.61640625 0.18125 0.4046875
0 0.9796875 0.7609375 0.040625 0.1