8 0.05546875 0.134375 0.1109375 0.26875
3 0.1375 0.134375 0.21875 0.26875
1 0.359375 0.134375 0.2 0.26875
6 0.49609375 0.134375 0.0734375 0.26875
1 0.55078125 0.134375 0.1453125 0.26875
1 0.7390625 0.1375 0.140625 0.2625
1 0.91328125 0.140625 0.1640625 0.25625
7 0.25342061326386683 0.6227620539465478 0.0927158533577261 0.18074201734563572
6 0.34410015726450316 0.6170200366009121 0.08039766669318063 0.19622156667727228
1 0.425 0.61484375 0.06875 0.1890625
0 0.37824734325273096 0.7033297065961396 0.041334072008272216 0.06141021467218159
8 0.7140234006206385 0.5867421906031394 0.14438853604390706 0.32507382001909
8 0.8225080626193659 0.5948535879217308 0.12104194271163422 0.33261360001590834
0 0.858235382598685 0.7467609859166402 0.04972837468172671 0.11150112133990894
1 0.9375 0.63828125 0.125 0.3203125