6 0.2109375 0.396875 0.24375 0.40625
3 0.3890625 0.42265625 0.228125 0.3546875
5 0.51640625 0.42890625 0.1453125 0.3421875
8 0.64921875 0.20625 0.1203125 0.4125
7 0.6828125 0.21796875 0.1875 0.4359375
0 0.7401755246981938 0.390625 0.10665265634451408 0.1515625
1 0.88046875 0.240625 0.2390625 0.48125
2 0.4046875 0.9296875 0.071875 0.140625
7 0.46328125 0.92421875 0.1390625 0.1515625
5 0.54765625 0.94296875 0.0828125 0.1140625
0 0.98515625 0.8140625 0.0296875 0.075
5 0.828125 0.71953125 0.19375 0.2390625
8 0.9375 0.73203125 0.125 0.2640625