3 0.090625 0.2898881802583094 0.18125 0.3037113363682309
4 0.2203125 0.26875 0.159375 0.315625
9 0.278125 0.2484375 0.04375 0.309375
6 0.54296875 0.19504835635998372 0.1109375 0.2297904515702104
1 0.6203125 0.18870507963780642 0.125 0.24582462852981452
0 0.6734375 0.2566571092629776 0.04375 0.082522994985435
1 0.7046875 0.16616014139543123 0.134375 0.25547241316955055
1 0.80390625 0.16982836216597147 0.13125 0.2444439849563052
3 0.03046875 0.88515625 0.0609375 0.2296875
1 0.03125 0.87109375 0.0625 0.2546875
4 0.02578125 0.84453125 0.0515625 0.2390625
1 0.0328125 0.828125 0.065625 0.240625
1 0.11328125 0.8033933684341775 0.115625 0.2377393438900784
0 0.00546875 0.93125 0.0109375 0.040625
6 0.94453125 0.9609375 0.1109375 0.078125