0 0.2332189617543472 0.38000968873267416 0.06291815651766228 0.07332970364722229
3 0.3113808440715128 0.2411848844961117 0.17374761397040128 0.32587543502986127
2 0.0640625 0.2890625 0.128125 0.3125
3 0.05625 0.30625 0.1125 0.325
1 0.16583199473544266 0.27842769851631993 0.15338057181592363 0.3160276563445141
2 0.97265625 0.3734375 0.0546875 0.190625
5 0.84609375 0.371875 0.1953125 0.19375
3 0.2625 0.5640625 0.178125 0.190625
6 0.42109375 0.5546875 0.1421875 0.171875
0 0.8066751633533535 0.5953229513661116 0.028370439695149584 0.04284211664125
1 0.8296632114597596 0.5388190314382296 0.06796927088084707 0.13593880642076392
1 0.8875 0.5421875 0.08125 0.146875
4 0.7717507175098838 0.554660930564549 0.07431017447164337 0.15170927678548624