2 0.27578125 0.42734375 0.1328125 0.3046875
3 0.11506438027406216 0.4103991714464933 0.2221942043294809 0.3285653303564585
1 0.3375 0.4359375 0.0625 0.2875
0 0.79486953406125 0.49254279027194486 0.08836358411256366 0.15047408510611113
1 0.90703125 0.34921875 0.1859375 0.4578125
5 0.7342598078689634 0.3004812704203129 0.21523619808296496 0.47525849240055573
5 0.5389427626894235 0.2967165715227432 0.2531452642415477 0.5464438145888891
6 0.1265625 0.9015625 0.1 0.196875
10 0.20703125 0.91640625 0.0890625 0.1671875
1 0.28359375 0.9234375 0.0953125 0.153125
2 0.00625 0.78671875 0.0125 0.1078125
9 0.01484375 0.80546875 0.0296875 0.1390625
4 0.821875 0.9609375 0.15625 0.078125
5 0.68515625 0.94453125 0.1703125 0.1109375