7 0.08359375 0.1515625 0.1671875 0.303125
8 0.16328125 0.13359375 0.2921875 0.2671875
0 0.19857850398715335 0.0923894591585647 0.11003222948277802 0.16559155925034225
1 0.30546875 0.1359375 0.2078125 0.271875
3 0.5265625 0.24609375 0.234375 0.2671875
5 0.67890625 0.26484375 0.2421875 0.2296875
1 0.84375 0.2859375 0.234375 0.1875
1 0.94453125 0.29765625 0.1109375 0.1640625
0 0.1743214267648269 0.8061755113492781 0.05795927678548622 0.07507420783841638
7 0.13678309954250042 0.7048547037482884 0.14956881458888915 0.25418269780928676
5 0.05546875 0.68359375 0.1109375 0.2171875
1 0.2553337310013893 0.726422163698276 0.16050631458888914 0.2545009465556454
1 0.34609375 0.74375 0.1265625 0.275
8 0.66171875 0.5234375 0.1546875 0.2875
7 0.783492485751042 0.5633097129194884 0.17460648860083355 0.323614659408627
1 0.9120545500555906 0.6119481382297399 0.1744246506449308 0.31580215940862677
1 0.9765625 0.65390625 0.046875 0.3140625
0 0.8140547675705212 0.7007953410535915 0.03397626291777769 0.050954746239076344