5 0.13415106182413178 0.24369354638472557 0.1674054264973857 0.33427937476889086
9 0.27143210147843283 0.27404497294861835 0.16466085972519587 0.29360891066226813
1 0.36171875 0.30078125 0.0953125 0.3171875
0 0.3042636703621936 0.4065703164429853 0.03086956677218975 0.04148881802583091
7 0.48828125 0.40078125 0.1578125 0.3578125
1 0.66796875 0.421875 0.2265625 0.315625
1 0.87109375 0.42578125 0.2578125 0.3078125
3 0.18125 0.78984375 0.340625 0.4203125
3 0.32109375 0.8125 0.1765625 0.375
6 0.5140625 0.73671875 0.209375 0.3140625
9 0.675 0.76484375 0.271875 0.3703125
0 0.7143888281214679 0.9062269871343833 0.09057483887551357 0.16187552586424747
1 0.86875 0.7796875 0.2625 0.4