2 0.0625 0.26875 0.125 0.3625
9 0.0984375 0.23125 0.196875 0.4375
1 0.284375 0.225 0.328125 0.45
1 0.43125 0.225 0.196875 0.45
0 0.20703125 0.42421875 0.1203125 0.0515625
0 0.7508389403369022 0.18528268665952954 0.06852390340856651 0.07851745658477541
3 0.8125 0.1015625 0.2 0.203125
2 0.58984375 0.1390625 0.1203125 0.278125
3 0.59296875 0.1671875 0.1265625 0.334375
1 0.67109375 0.12734375 0.1796875 0.2546875
0 0.29921875 0.98046875 0.0828125 0.0390625
1 0.346875 0.80234375 0.253125 0.3953125
1 0.45390625 0.78125 0.1515625 0.4375
7 0.07109375 0.846875 0.1421875 0.30625
2 0.05703125 0.8703125 0.1140625 0.259375
10 0.16640625 0.83671875 0.2578125 0.3265625
3 0.56796875 0.89375 0.0765625 0.2125
1 0.66328125 0.8796875 0.1515625 0.240625
7 0.78984375 0.86328125 0.1453125 0.2734375
0 0.878096915580136 0.9704509600164947 0.02568183847375849 0.03978992570596294
1 0.9203125 0.8390625 0.159375 0.3