2 0.08046875 0.15703125 0.1609375 0.3140625
9 0.25625 0.16640625 0.265625 0.3328125
1 0.5109375 0.18515625 0.25625 0.3703125
0 0.36960339014179 0.2765625 0.09916022868809904 0.1859375
7 0.66484375 0.0640625 0.0515625 0.128125
7 0.6828125 0.0640625 0.0875 0.128125
10 0.76640625 0.0640625 0.1046875 0.128125
9 0.84765625 0.0625 0.0984375 0.125
0 0.8792104076927671 0.0515625 0.01975021034569906 0.034375
10 0.93359375 0.0625 0.0953125 0.125
2 0.6453125 0.0296875 0.0125 0.059375
9 0.6546875 0.03671875 0.03125 0.0734375
0 0.5842652837152993 0.6859375 0.06142088479802066 0.0703125
3 0.621875 0.5671875 0.034375 0.315625
2 0.43145486929210747 0.5625 0.12922346489804556 0.30625
3 0.26796875 0.559375 0.2203125 0.3
1 0.5364606180384662 0.5734375 0.1448939290046681 0.3078125