6 0.05625 0.13671875 0.1125 0.2734375
9 0.0671875 0.15 0.134375 0.3
0 0.05390625 0.2625 0.0734375 0.075
1 0.1875 0.15 0.228125 0.3
2 0.36640625 0.16171875 0.1640625 0.2765625
5 0.4765625 0.046875 0.053125 0.09375
7 0.50859375 0.05078125 0.1046875 0.1015625
0 0.528125 0.01171875 0.034375 0.0234375
1 0.58046875 0.046875 0.0984375 0.09375
1 0.64609375 0.03984375 0.0953125 0.0796875
7 0.02421875 0.43515625 0.0484375 0.1765625
1 0.021875 0.4609375 0.04375 0.15625
0 0.0203125 0.5316220615516662 0.025 0.05370688145888893
1 0.07265625 0.4804037472471176 0.0984375 0.15697865824437507
6 0.8015625 0.428125 0.165625 0.25625
3 0.89921875 0.43984375 0.1578125 0.2796875
1 0.95546875 0.4453125 0.0890625 0.290625