6 0.13828125 0.18125 0.2453125 0.3625
9 0.3265625 0.20859375 0.20625 0.4171875
0 0.3953125 0.37578125 0.06875 0.1578125
2 0.5573436167249973 0.2628143502080905 0.1531282840547247 0.4065799211621529
1 0.6724691773949517 0.2897061181598614 0.1933896573838158 0.3762754785328474
9 0.817382235399406 0.32588262034406296 0.18568624538508854 0.3854686405769446
0 0.8698634400859051 0.47315831705743105 0.062301100015908516 0.11860583605604162
1 0.9390625 0.3265625 0.121875 0.3875
6 0.11328125 0.6890625 0.2265625 0.259375
3 0.2859375 0.6984375 0.2 0.278125
0 0.3565463747612684 0.7642171153100698 0.09077154535327167 0.1489479526972918
4 0.5953125 0.909375 0.146875 0.18125
4 0.7 0.925 0.128125 0.15
1 0.80078125 0.93125 0.1203125 0.1375
1 0.9046875 0.9453125 0.13125 0.109375