7 0.1046875 0.32734375 0.1875 0.1046875
9 0.28671875 0.315625 0.1828125 0.128125
4 0.7171875 0.25859375 0.184375 0.2421875
4 0.85859375 0.259375 0.1578125 0.240625
0 0.9265625 0.365625 0.065625 0.028125
1 0.9484375 0.253125 0.103125 0.253125
6 0.065625 0.8015625 0.13125 0.396875
3 0.159375 0.78984375 0.221875 0.4203125
0 0.2625 0.92890625 0.096875 0.1421875
1 0.33125 0.7671875 0.215625 0.415625
3 0.5545341064929977 0.5914027465821544 0.11922868778015676 0.23190450585373235
2 0.6909489796125359 0.5757873578220811 0.0882969365265156 0.24266019867214011
6 0.7685200501456493 0.5684248305965223 0.10691054420664763 0.23808178298109545
0 0.8276018819615338 0.6594088997801671 0.02622753087881229 0.04233294574527395
1 0.8757104245188287 0.563578770193476 0.11918322367353404 0.23034200585373252