7 0.03046875 0.1921875 0.0609375 0.3625
9 0.07783935793286671 0.1923208728491958 0.12282261871417965 0.35069086729005094
0 0.1525109992441404 0.3552663004440971 0.028706802673454136 0.05016362646343318
8 0.2670291272676849 0.18248330629782963 0.11037716271481593 0.3553056444174139
3 0.4109375 0.19921875 0.096875 0.3703125
3 0.50546875 0.365625 0.0921875 0.26875
4 0.6126143472708666 0.3644685836215844 0.09985673870145284 0.2568136022629364
1 0.71328125 0.36328125 0.1046875 0.2734375
1 0.8204904819382757 0.3602088513791736 0.08415901336727102 0.2504726986721401
1 0.9165660506047301 0.36233040846257003 0.0839226560311804 0.23016019867214013
0 0.7607240359245944 0.4606492129136878 0.027362478675999568 0.06890453610435347
3 0.32421875 0.5609375 0.0734375 0.121875
1 0.3953125 0.56640625 0.05625 0.1328125
1 0.44375 0.55859375 0.03125 0.1171875
6 0.496875 0.62421875 0.075 0.2484375
1 0.53984375 0.61328125 0.1421875 0.2265625
1 0.76015625 0.61015625 0.1421875 0.2203125
1 0.94765625 0.60859375 0.1046875 0.2171875
0 0.640546801241277 0.7167896077238852 0.025654528007635947 0.056395445745273776