8 0.3376598006047301 0.21392737490628438 0.17532945337363443 0.3008754350298613
2 0.47252514926800304 0.2357815782691662 0.14880331604072533 0.3033821859797918
0 0.4904655325827766 0.37204573337940927 0.09851132001909005 0.1428797906531946
1 0.5800922012651395 0.25436596447770776 0.17369422803945261 0.29458906743868063
2 0.71171875 0.27890625 0.0953125 0.2828125
2 0.7828125 0.24921875 0.046875 0.1859375
6 0.7859375 0.2609375 0.053125 0.2
1 0.78984375 0.2921875 0.0609375 0.2
0 0.76875 0.3515625 0.01875 0.0625
5 0.78828125 0.3078125 0.0578125 0.196875
7 0.8215439045990032 0.3231516788585064 0.10367153469127163 0.18361389342673623
5 0.33515625 0.715625 0.1015625 0.09375
1 0.41875 0.7140625 0.09375 0.090625
1 0.50859375 0.7171875 0.1046875 0.096875
0 0.4422291219366848 0.7165217787822564 0.017460220003181703 0.023837543502986235
1 0.59375 0.7171875 0.103125 0.096875
1 0.7859375 0.7375 0.053125 0.1375
1 0.78828125 0.75 0.0578125 0.1625
1 0.81328125 0.76953125 0.1078125 0.2015625
0 0.76875 0.796875 0.01875 0.065625
7 0.79375 0.73046875 0.06875 0.1234375