4 0.09921875 0.103125 0.1578125 0.20625
0 0.22320867838046823 0.2051213755796703 0.052044289031219645 0.08311248184962743
1 0.19921875 0.11875 0.1453125 0.2375
1 0.27890625 0.1375 0.1203125 0.275
0 0.8092547418085765 0.17967140280522925 0.04571247579950324 0.06901362041330898
1 0.95546875 0.13125 0.0890625 0.2625
1 0.88125 0.12421875 0.146875 0.2484375
7 0.775 0.1 0.134375 0.2
3 0.675 0.09453125 0.153125 0.1890625
3 0.56796875 0.0765625 0.1359375 0.153125
3 0.24375 0.76796875 0.190625 0.4390625
3 0.0625 0.68671875 0.125 0.3953125
3 0.11680466315696184 0.7222578368430381 0.19635893305585023 0.44956470452587266
0 0.2953125 0.940625 0.0875 0.11875
2 0.615625 0.846875 0.190625 0.30625
1 0.73984375 0.85546875 0.2234375 0.2890625
9 0.8875 0.86171875 0.2125 0.2765625