4 0.2421875 0.22542410876300267 0.1359375 0.27268529788867957
0 0.3765625 0.3527696331127319 0.0453125 0.08047843262955982
1 0.34296875 0.24202700202529961 0.121875 0.2880648360381265
1 0.39375 0.2671875 0.03125 0.29375
5 0.60625 0.12109375 0.21875 0.2421875
1 0.7890625 0.115625 0.20625 0.23125
1 0.93671875 0.13984375 0.1265625 0.2796875
0 0.8625 0.1884423060030592 0.0859375 0.1046250446422686
2 0.0453125 0.65078125 0.090625 0.1828125
8 0.03671875 0.67109375 0.0734375 0.2234375
0 0.01015625 0.72578125 0.0203125 0.0859375
1 0.0703125 0.66875 0.140625 0.21875
1 0.20234375 0.68359375 0.1671875 0.2484375
5 0.4546875 0.82734375 0.090625 0.3453125
5 0.56953125 0.8390625 0.1421875 0.321875
7 0.45859375 0.83671875 0.0984375 0.3265625
1 0.70859375 0.85390625 0.1515625 0.2921875
1 0.8421875 0.85625 0.15625 0.2875
0 0.61484375 0.96953125 0.0609375 0.0609375