10 0.03671875 0.24609375 0.0734375 0.2453125
9 0.0640625 0.25078125 0.128125 0.2359375
1 0.2546875 0.24453125 0.128125 0.2484375
2 0.6375 0.1203125 0.05 0.240625
4 0.74921875 0.11875 0.0890625 0.2375
6 0.88828125 0.1140625 0.0984375 0.228125
0 0.9490556816449647 0.1913019208650276 0.019659282132453625 0.03157728246740419
1 0.98125 0.12421875 0.0375 0.2484375
9 0.021875 0.81640625 0.04375 0.2796875
7 0.03515625 0.82578125 0.0703125 0.2796875
1 0.15970968830888221 0.828538868105084 0.09563807508545992 0.2812148181812191
2 0.31171875 0.81640625 0.0140625 0.2703125
2 0.08543345084529452 0.9391548141273246 0.02149456677218975 0.0409795560063543
7 0.5614971603330637 0.6846872767886565 0.1690133906040085 0.3340319009729347
1 0.7168749821198184 0.6850985596630977 0.15053617524374446 0.3430796185055307
0 0.7481811549227875 0.7899672918061902 0.05254598997087001 0.08837275324641088
8 0.8507415167595545 0.6733916720828436 0.12562710345698988 0.3457682418823252