10 0.0890625 0.1875 0.178125 0.375
9 0.2625 0.2125 0.184375 0.425
0 0.33960377542167774 0.3733595153962243 0.06030224801081765 0.08037839067472703
5 0.7390625 0.2796875 0.18125 0.3
3 0.903125 0.28125 0.19375 0.296875
3 0.0515625 0.53984375 0.103125 0.2203125
4 0.078125 0.5359375 0.15625 0.2125
1 0.2546875 0.5328125 0.1875 0.20625
0 0.3156021067393149 0.54346402474536 0.07952496268299925 0.1212215666772721
2 0.7616209420353165 0.5638754273949517 0.02451019867918127 0.0924602200031817
4 0.7944698047024075 0.567382235399406 0.04024428668045381 0.10201703333863606
6 0.836739120703362 0.5749043814051331 0.03706474267981754 0.09729317067154523
1 0.8813430960375438 0.5816725494111783 0.04333292401336308 0.09892839600572696
1 0.9220044587046345 0.5852702640833598 0.05129087468172653 0.11151930267345422
0 0.8504839947087708 0.6149026727402693 0.01280908267027243 0.026707950668363623