10 0.059375 0.24765625 0.11875 0.1828125
4 0.06328125 0.2296875 0.1265625 0.21875
9 0.175 0.21875 0.228125 0.240625
4 0.44609375 0.10546875 0.1921875 0.2109375
6 0.571875 0.0859375 0.1875 0.171875
0 0.6609375 0.114560537476223 0.06875 0.09575042069139812
1 0.70234375 0.08046875 0.1859375 0.1609375
2 0.8375 0.078125 0.15625 0.15625
3 0.22734375 0.85 0.1234375 0.29375
8 0.60859375 0.5505338267348125 0.09375 0.1933528463973609
1 0.740625 0.5309380437444291 0.0984375 0.19505173871722886
2 0.8265625 0.5162510696086766 0.071875 0.1833413489046433
9 0.66640625 0.5319034986798518 0.1109375 0.1954154515702104
0 0.72109375 0.6077134924116455 0.0359375 0.051045674452321776