1 0.07109375 0.084375 0.1421875 0.16875
8 0.034375 0.0859375 0.06875 0.171875
0 0.13515625 0.02890625 0.0703125 0.0578125
6 0.19296875 0.0859375 0.1734375 0.171875
6 0.64921875 0.18984375 0.2640625 0.3796875
6 0.825 0.1546875 0.203125 0.309375
1 0.9421875 0.14296875 0.115625 0.2859375
1 0.06171875 0.81875 0.1234375 0.3625
1 0.06328125 0.8171875 0.1265625 0.365625
10 0.06875 0.796875 0.1375 0.40625
1 0.21953125 0.77265625 0.3171875 0.4546875
1 0.35078125 0.746875 0.0984375 0.50625
9 0.8340319515037035 0.68984375 0.2072240959351424 0.409375
1 0.94609375 0.68515625 0.1078125 0.3921875