2 0.02734375 0.2796875 0.0546875 0.284375
0 0.094846808163551 0.3828125 0.04891019867214012 0.08125
1 0.2699336874556545 0.23359375 0.14377831283893308 0.2734375
1 0.15645699473544267 0.2671875 0.12829875858420686 0.2984375
1 0.05859375 0.2828125 0.1171875 0.28125
1 0.03046875 0.27421875 0.0609375 0.2953125
3 0.4984375 0.07421875 0.059375 0.1484375
2 0.61953125 0.07109375 0.0703125 0.1421875
9 0.7203125 0.0703125 0.125 0.140625
0 0.79609375 0.02734375 0.0265625 0.0546875
1 0.86796875 0.075 0.1421875 0.15
3 0.02890625 0.67578125 0.0578125 0.3015625
2 0.01328125 0.6609375 0.0265625 0.296875
2 0.06824846760807964 0.653125 0.050110126070649665 0.2875
0 0.10734226298401114 0.78203125 0.026853391490547905 0.05
1 0.17921778386485832 0.64765625 0.13455784894328654 0.3
1 0.3245757356602564 0.63984375 0.12841693325224207 0.31875
7 0.5515625 0.86953125 0.15625 0.2609375
1 0.765625 0.86640625 0.171875 0.2671875
1 0.93515625 0.8484375 0.1296875 0.303125