2 0.0375 0.3703125 0.075 0.290625
0 0.01484375 0.53984375 0.0296875 0.0796875
1 0.1609375 0.44140625 0.18125 0.2765625
1 0.0640625 0.43671875 0.128125 0.2859375
1 0.046875 0.4328125 0.09375 0.29375
1 0.04140625 0.39140625 0.0828125 0.3046875
3 0.621423617698047 0.19424788622599048 0.1843979139585782 0.36041130093507634
4 0.7623389439969408 0.2215502087292851 0.20174905519228012 0.36988629488495217
0 0.7954360418061903 0.3393144256499937 0.0801159683433749 0.11451701795398073
1 0.89921875 0.2296875 0.2015625 0.378125
3 0.16655093141503913 0.824607551917035 0.09327053327818291 0.1520897408266178
8 0.21867649310343645 0.8368030248878678 0.06629893019392785 0.12849770472226432
0 0.22486226339597587 0.8851996182720097 0.01937729139585791 0.03604658430895533
1 0.26138614448340824 0.8513967900131784 0.07413870373287815 0.1301056565176623
1 0.31122250324970613 0.8604808985226307 0.06292846834337489 0.1144170240041051
7 0.55546875 0.946875 0.0984375 0.10625
7 0.61875 0.9421875 0.096875 0.115625
7 0.68984375 0.9578125 0.0953125 0.084375
8 0.75703125 0.9609375 0.0859375 0.078125