8 0.09296875 0.10234375 0.1171875 0.2046875
5 0.23125 0.109375 0.140625 0.21875
0 0.28443444275145513 0.19643672198887413 0.028363102176918176 0.05171703610435365
1 0.35546875 0.1078125 0.1078125 0.215625
8 0.5125297048171726 0.28742429459036467 0.09283237386128267 0.24267837939029935
1 0.6122196807705554 0.319260622751 0.1147272212288776 0.28810905405833437
0 0.6558481404818697 0.41250208352338846 0.02173115626060227 0.04074317466803503
1 0.7333952763240518 0.3176213755796703 0.12490082939624543 0.26629768657189173
2 0.8825222570867581 0.3434940500513136 0.08821928493120837 0.2895170179539809
1 0.03984375 0.63125 0.0796875 0.125
1 0.03203125 0.63203125 0.0640625 0.1265625
0 0.015625 0.59296875 0.03125 0.0484375
1 0.0515625 0.63046875 0.103125 0.1234375
2 0.1609375 0.63125 0.11875 0.125
7 0.584375 0.62109375 0.10625 0.1046875
7 0.6640625 0.6203125 0.096875 0.103125
0 0.6973907997376967 0.6197196858845206 0.0332688569862416 0.057994307181592396
1 0.75546875 0.61796875 0.0984375 0.0984375
1 0.846875 0.615625 0.1 0.09375