8 0.1390625 0.15 0.103125 0.3
5 0.27734375 0.146875 0.1265625 0.29375
0 0.35596611534514333 0.25980433040013046 0.025290891490547907 0.05014544574527378
1 0.42421875 0.1328125 0.1390625 0.265625
1 0.53046875 0.12265625 0.0578125 0.2453125
5 0.90078125 0.18125 0.1921875 0.3625
7 0.0796875 0.7671875 0.159375 0.196875
5 0.278125 0.7640625 0.16875 0.190625
0 0.3772775130822071 0.7451145956236369 0.033185204722264314 0.0642533975406721
1 0.47265625 0.7671875 0.1734375 0.196875
3 0.78984375 0.91171875 0.1328125 0.1765625
4 0.91640625 0.9078125 0.1140625 0.184375