2 0.18046875 0.3796875 0.0578125 0.3
3 0.2765625 0.378125 0.115625 0.303125
3 0.41984188485124835 0.3707689232204613 0.11896921037960517 0.3103422776748143
0 0.49240320696175954 0.4912476035276806 0.023728391490547906 0.05081845553496276
1 0.5556657553627532 0.3559847153232457 0.11896012002052547 0.3087797776748141
2 0.7144685836215844 0.1430109670525262 0.16096581283893308 0.27900299763774716
7 0.84921875 0.14609375 0.1359375 0.2921875
0 0.9095407099868217 0.24277289799271778 0.05369769262201594 0.10029266587924912
1 0.9515625 0.13515625 0.096875 0.2703125
6 0.11875 0.63359375 0.153125 0.2078125
5 0.2734375 0.621875 0.140625 0.184375
0 0.3518645653730159 0.6762401624206881 0.03151362041330898 0.04640377404661713
1 0.4296875 0.61796875 0.171875 0.1765625
2 0.5953125 0.6109375 0.06875 0.1625
3 0.6625 0.9234375 0.065625 0.153125
2 0.678125 0.928125 0.096875 0.14375
1 0.78203125 0.9203125 0.1265625 0.159375
1 0.89296875 0.91328125 0.1171875 0.1734375
1 0.97421875 0.9234375 0.0515625 0.153125