2 0.11953125 0.1265625 0.0515625 0.253125
3 0.21484375 0.1359375 0.1078125 0.271875
3 0.35625 0.13828125 0.10625 0.2765625
0 0.4046875 0.25 0.009375 0.05
5 0.90625 0.13046875 0.14375 0.2609375
6 0.0328125 0.55234375 0.065625 0.1453125
5 0.07265625 0.546875 0.1171875 0.134375
0 0.1140625 0.5375440535674272 0.034375 0.06466251785690744
1 0.18671875 0.54921875 0.1109375 0.1390625
1 0.29765625 0.54609375 0.1234375 0.1328125
8 0.60703125 0.54453125 0.0828125 0.1296875
3 0.72578125 0.540625 0.1046875 0.121875
0 0.7640625 0.5877974236978109 0.028125 0.04736592370110611
1 0.84140625 0.5421875 0.0984375 0.125
1 0.94921875 0.54453125 0.1015625 0.1296875