8 0.03828125 0.38515625 0.0765625 0.4046875
2 0.16953125 0.40859375 0.0734375 0.3828125
0 0.20546875 0.575 0.0359375 0.05
1 0.3328125 0.41171875 0.178125 0.3765625
3 0.5140625 0.41328125 0.19375 0.3734375
3 0.6734375 0.3984375 0.109375 0.403125
3 0.84453125 0.43515625 0.1640625 0.3296875
2 0.71484375 0.42421875 0.1546875 0.3515625
1 0.96171875 0.45703125 0.0765625 0.2859375
2 0.27734375 0.70078125 0.1390625 0.2015625
1 0.39375 0.6921875 0.18125 0.184375
9 0.5359375 0.6953125 0.165625 0.190625
0 0.59375 0.67421875 0.05 0.1171875
7 0.6421875 0.653125 0.046875 0.10625
1 0.6375 0.64765625 0.0375 0.0953125
0 0.63203125 0.61875 0.0234375 0.0375
1 0.6875 0.646875 0.103125 0.09375