8 0.05 0.2671875 0.1 0.409375
2 0.08011617866468797 0.2213620912635487 0.1166134570656947 0.3793795120146356
0 0.1625682688047922 0.37278768391950373 0.04197060087368065 0.0582852146721816
1 0.2359375 0.18515625 0.21875 0.3703125
3 0.38671875 0.17265625 0.1859375 0.3453125
7 0.6519548110735074 0.41018932861236623 0.17714960714194472 0.2957317653564534
6 0.7702138485925698 0.38771379726291233 0.16007120991548635 0.3002192706874537
0 0.8513748892457645 0.48367063991886744 0.05200021751493065 0.08651930267345413
1 0.9014813791777782 0.3533649745783222 0.19146668028020847 0.30683289735836256
1 0.96015625 0.33515625 0.0796875 0.3203125
6 0.40625 0.7796875 0.109375 0.221875
3 0.46171875 0.7703125 0.0359375 0.203125
3 0.7609375 0.74375 0.15 0.15
3 0.8921875 0.74140625 0.14375 0.1453125