6 0.146875 0.12734375 0.09375 0.2546875
1 0.26484375 0.1234375 0.1171875 0.246875
0 0.32742118726132147 0.21765304908836472 0.017551126670908877 0.03134999394987581
1 0.38046875 0.11328125 0.1140625 0.2265625
1 0.53984375 0.1046875 0.0578125 0.209375
1 0.63984375 0.153125 0.0609375 0.30625
1 0.64765625 0.16796875 0.0765625 0.3359375
2 0.75703125 0.15625 0.1078125 0.3125
4 0.84296875 0.17578125 0.1390625 0.3515625
7 0.93359375 0.1765625 0.1328125 0.353125
2 0.2554649186028211 0.7820205969983791 0.15785105203690736 0.27277494554888226
7 0.3890625 0.78203125 0.13125 0.2859375
0 0.44651608525623077 0.8785587328315859 0.052707924013363085 0.09873748184962743
1 0.5140625 0.7703125 0.134375 0.2625
1 0.58984375 0.77265625 0.0390625 0.2671875
3 0.68359375 0.93125 0.1296875 0.1375
4 0.82578125 0.925 0.1328125 0.15
6 0.9375 0.93046875 0.125 0.1390625