6 0.140625 0.29296875 0.084375 0.2140625
1 0.259375 0.2875 0.10625 0.225
1 0.35546875 0.28125 0.0671875 0.2375
5 0.875 0.07421875 0.1125 0.1484375
6 0.95703125 0.08046875 0.0859375 0.1609375
2 0.18671875 0.878125 0.1078125 0.24375
2 0.30234375 0.8703125 0.0953125 0.259375
2 0.37578125 0.88515625 0.0265625 0.2296875
2 0.5000797297083281 0.6876614426320925 0.11177485479701907 0.4137726933481812
8 0.6306575640172835 0.6673933012810479 0.150791903001621 0.4064147266868172
10 0.7860808622218853 0.6733967585932761 0.166489625874258 0.41909654002227176
0 0.8703189859548439 0.8302183759150493 0.06780564441741391 0.10703179734245402
5 0.9359375 0.6640625 0.128125 0.390625