5 0.04921875 0.32890625 0.0984375 0.3921875
8 0.07890625 0.3046875 0.1578125 0.353125
0 0.14433372375639975 0.40390625 0.058385192622015934 0.0984375
10 0.23093027478967204 0.290625 0.1803521379745064 0.3828125
1 0.3616217385871227 0.25234375 0.17213966217500315 0.3140625
5 0.5882660518188392 0.23828125 0.13136921642972918 0.2890625
5 0.7008024132551577 0.23203125 0.11720672247985356 0.271875
0 0.7612444886853185 0.3171875 0.045812469749379046 0.0859375
1 0.8110859282822723 0.21015625 0.1359839935570923 0.2765625
1 0.9252075156162899 0.2 0.12511921642972937 0.2890625
8 0.0234375 0.67734375 0.046875 0.1359375
7 0.03359375 0.675 0.0671875 0.13125
1 0.13359375 0.67578125 0.1109375 0.1328125
2 0.2796875 0.67265625 0.05 0.1265625
0 0.08253316052468315 0.66328125 0.020521578258831143 0.0359375
4 0.51796875 0.82578125 0.0984375 0.3484375
7 0.5390625 0.83515625 0.140625 0.3296875
0 0.6265625 0.97421875 0.05625 0.0515625
6 0.69375 0.81875 0.1875 0.3625
5 0.86171875 0.79140625 0.1890625 0.3640625