5 0.190625 0.1625 0.175 0.325
8 0.36484375 0.15078125 0.1421875 0.3015625
0 0.4185570574676037 0.23310936566945212 0.05221842306201392 0.09618525324641088
4 0.7296875 0.12734375 0.1125 0.2546875
4 0.91171875 0.12265625 0.1140625 0.2453125
10 0.825 0.11796875 0.10625 0.2359375
8 0.98125 0.1109375 0.0375 0.221875
2 0.4765625 0.0421875 0.015625 0.084375
9 0.48828125 0.0484375 0.0390625 0.096875
5 0.03984375 0.82265625 0.0796875 0.3546875
3 0.04296875 0.83515625 0.0859375 0.3296875
6 0.10703125 0.83125 0.1515625 0.3375
1 0.29375 0.84453125 0.146875 0.3109375
1 0.43359375 0.85390625 0.0703125 0.2921875
2 0.6765625 0.55234375 0.015625 0.0453125
4 0.709375 0.55390625 0.03125 0.0484375
6 0.75234375 0.553125 0.0296875 0.046875
1 0.796875 0.553125 0.034375 0.046875
1 0.83828125 0.55625 0.0421875 0.053125
0 0.76875 0.5359375 0.009375 0.0125