6 0.05703125 0.41484375 0.1140625 0.0890625
8 0.1703125 0.40546875 0.115625 0.1078125
1 0.27421875 0.39453125 0.1515625 0.1296875
1 0.3765625 0.3859375 0.159375 0.146875
3 0.51640625 0.1859375 0.1140625 0.371875
9 0.528125 0.1625 0.1375 0.325
8 0.63359375 0.14609375 0.1890625 0.2921875
0 0.7265774683184706 0.24676397491574037 0.05812501324684405 0.09875566256778665
1 0.7828125 0.1375 0.203125 0.275
1 0.91328125 0.1296875 0.1734375 0.259375
0 0.3313691173226787 0.8708276679305398 0.04760417549789597 0.06588862041330898
2 0.18427337331312846 0.7965493097156752 0.11826888347992952 0.2553238251355733
3 0.06328125 0.815625 0.1265625 0.30625
6 0.2703373588851582 0.7783038246445939 0.13238594718226046 0.2569681383672897
1 0.3721354718618496 0.7632742431643089 0.1415972560752678 0.25233518052176757
1 0.42421875 0.73828125 0.0703125 0.2296875
6 0.8871875529873756 0.8244475716195317 0.10763891832631992 0.2193317829810955
3 0.7360342807548571 0.8352845567888089 0.1062748257680484 0.18026928298109562
0 0.9376984736759482 0.884104372751 0.03946429328391084 0.05646816861791084
1 0.8081721755827139 0.8208635084860111 0.12233633538669526 0.19286018657189175
1 0.95546875 0.80546875 0.0890625 0.1984375