7 0.12109375 0.0875 0.1859375 0.175
2 0.29375 0.0671875 0.109375 0.134375
0 0.3394185866466465 0.07953959259857477 0.05992042154477702 0.0940954336450254
8 0.390625 0.0734375 0.121875 0.146875
10 0.49140625 0.0796875 0.1546875 0.159375
10 0.7034219993126289 0.3000868792921034 0.17225783684303816 0.3353658491396782
9 0.8494384812604523 0.28765557786604773 0.16763396935659552 0.3462760780624395
1 0.9609375 0.2421875 0.078125 0.33125
0 0.9461367401392469 0.3921208849494443 0.050381795081344015 0.06591589149054791
5 0.03671875 0.740625 0.0734375 0.23125
7 0.10867205981387099 0.7406401981811608 0.11697946350286301 0.23348518657189174
0 0.17395214704969267 0.816017448082965 0.05516019867214013 0.08156816256778665
1 0.21171875 0.73984375 0.1265625 0.2609375
1 0.3015625 0.728125 0.146875 0.2375
8 0.81216171593875 0.7545208909995684 0.13602035499341084 0.2835942708808471
1 0.9067111466569091 0.7581958577238853 0.13600217427525152 0.28046927088084705
2 0.9734375 0.73203125 0.053125 0.2453125