4 0.2890625 0.153125 0.178125 0.30625
9 0.42421875 0.15390625 0.1640625 0.3078125
0 0.4709406022767714 0.25989389324430495 0.053144365259119655 0.09212531551854859
3 0.6765625 0.07890625 0.13125 0.1578125
2 0.8 0.08203125 0.084375 0.1640625
2 0.890625 0.09921875 0.06875 0.1984375
0 0.9134065661559194 0.15836849716351314 0.026363676947516977 0.07885242570596293
1 0.96171875 0.09453125 0.0765625 0.1890625
4 0.2755889663180752 0.7910459195042637 0.12985468993316057 0.2817621285298145
8 0.38802078247069927 0.7916787538274307 0.10800696347211095 0.282688131037097
0 0.4268593656694521 0.8928404370552411 0.04004434740221221 0.057386602665567034
10 0.478125 0.79921875 0.08125 0.2828125
10 0.55703125 0.82890625 0.0765625 0.3421875
6 0.5703125 0.83984375 0.103125 0.3203125
0 0.5984375 0.95390625 0.059375 0.0921875
1 0.6921875 0.83125 0.178125 0.3375
2 0.86796875 0.8328125 0.1453125 0.334375