4 0.3671875 0.325 0.125 0.25
6 0.7231563574262851 0.19081207260504832 0.1459359747331252 0.2969306386855445
2 0.8434318366247225 0.1542467692552763 0.11955400626826425 0.23726473734881742
0 0.8990843842117713 0.26222235391473114 0.05054682028847228 0.09118862133990877
1 0.93203125 0.14609375 0.1359375 0.2515625
5 0.0484375 0.57109375 0.096875 0.2421875
1 0.04453125 0.56015625 0.0890625 0.2203125
0 0.07239329122187543 0.6068081479153675 0.05992182028847228 0.09129770934118149
1 0.12890625 0.553125 0.1984375 0.20625
2 0.3234375 0.5359375 0.125 0.171875
1 0.82890625 0.59296875 0.2078125 0.2859375
1 0.9390625 0.57421875 0.121875 0.2484375
7 0.671875 0.60078125 0.19375 0.3015625
6 0.5328125 0.60234375 0.1875 0.3046875
0 0.7680876509292712 0.6880212379058225 0.07787303970326391 0.12431020401018138