6 0.03828125 0.1515625 0.0765625 0.303125
3 0.0515625 0.15625 0.103125 0.3125
1 0.16835975465274347 0.18343244874190487 0.15872691546256962 0.313105179126093
0 0.07192247216767411 0.27280746198874883 0.046949041603125075 0.07189484736759474
1 0.30002798195131997 0.19681784774611302 0.16334168028020848 0.31014387023308565
2 0.7662348634102087 0.42198160508732513 0.07286084422416686 0.24609623920022675
9 0.8534082082999657 0.4384845696079626 0.13754159327423637 0.27489585099579195
8 0.96484375 0.47578125 0.0703125 0.2671875
1 0.02734375 0.715625 0.0546875 0.1125
1 0.0328125 0.7140625 0.065625 0.109375
6 0.09921875 0.7125 0.0953125 0.10625
3 0.18046875 0.7109375 0.0921875 0.103125
5 0.26328125 0.70546875 0.0921875 0.0921875
4 0.3453125 0.71015625 0.0875 0.1015625
0 0.3687611045764935 0.7149007035512283 0.016134146276527872 0.022420637023308564
5 0.4203125 0.70546875 0.09375 0.0921875
5 0.53203125 0.7703125 0.1265625 0.221875
8 0.70859375 0.7703125 0.1921875 0.221875
0 0.7594082076343757 0.7891839740544663 0.112903962765278 0.222514895460829
1 0.8953125 0.7703125 0.209375 0.221875