6 0.0296875 0.09140625 0.059375 0.1828125
3 0.12265625 0.08984375 0.1203125 0.1796875
1 0.26796875 0.096875 0.1234375 0.19375
0 0.17909516717499957 0.14090888465485668 0.040626306420763925 0.06741475897699054
1 0.3875 0.096875 0.103125 0.19375
2 0.46953125 0.3109375 0.0609375 0.315625
9 0.62734375 0.3125 0.2078125 0.3125
2 0.9109375 0.32265625 0.075 0.2921875
4 0.0578125 0.68828125 0.115625 0.3484375
1 0.18883580271795103 0.7347265414671067 0.13118379692145865 0.3335306383672899
2 0.3391806416237843 0.7543537611182898 0.07853026918604193 0.2863556565176625
0 0.3722451019205204 0.878000339377121 0.04789459897381967 0.11120112041330898
9 0.4140625 0.784375 0.05 0.29375
8 0.48984375 0.85625 0.1015625 0.2875
4 0.50625 0.85390625 0.134375 0.2921875
1 0.659375 0.85546875 0.20625 0.2890625
1 0.85078125 0.85546875 0.2265625 0.2890625