7 0.0640625 0.26953125 0.128125 0.5015625
7 0.15046659085005895 0.3242312291182438 0.24784871018321333 0.44450400126594436
0 0.19641437422393793 0.4852431401881695 0.07567268657189175 0.11824405771188111
1 0.29453125 0.3765625 0.2109375 0.46875
4 0.4859375 0.19375 0.171875 0.3875
10 0.5922126875538504 0.2076687224948218 0.19579533079291397 0.3583283990890262
0 0.6170485402095701 0.37106902358328087 0.07717155405833438 0.10736112141421188
1 0.7256155400131783 0.24514641904411008 0.20523396330647117 0.36959328130301117
3 0.8558479406771082 0.29032748818873644 0.21635327048806374 0.40122522721932724
1 0.04765625 0.79140625 0.0953125 0.2921875
2 0.0328125 0.8375 0.065625 0.28125
6 0.0859375 0.8578125 0.153125 0.284375
0 0.109375 0.96328125 0.05625 0.0734375
1 0.1921875 0.86953125 0.18125 0.2609375
2 0.32109375 0.89453125 0.1265625 0.2109375
2 0.4234375 0.68828125 0.046875 0.1171875
1 0.4703125 0.69921875 0.140625 0.1390625
6 0.575 0.6984375 0.128125 0.1375
0 0.6070064405789124 0.7222867832019277 0.033094301131468204 0.049583337748947895
1 0.69453125 0.70546875 0.1484375 0.1515625
2 0.84140625 0.71796875 0.1109375 0.1765625