7 0.2796875 0.125 0.225 0.25
7 0.396875 0.1078125 0.10625 0.215625
3 0.6484375 0.0734375 0.14375 0.146875
2 0.83203125 0.07734375 0.0828125 0.1546875
3 0.93203125 0.0765625 0.1359375 0.153125
2 0.22199636201600415 0.49313771428288977 0.07289557792045169 0.23870003571381487
1 0.28231625324970616 0.4848127455324779 0.12039786931630943 0.2754557418823252
1 0.3668003474055075 0.4800355166357962 0.11856263392680617 0.25980346834337487
9 0.4203125 0.47578125 0.059375 0.2703125
3 0.4859375 0.64296875 0.071875 0.2953125
2 0.4703125 0.61953125 0.040625 0.3109375
3 0.554399758931749 0.6046400503210163 0.1459433400953163 0.3071421185055305
0 0.6326457155072964 0.7333883875769589 0.025600017856907444 0.034811376623205346
1 0.6975321501654511 0.5977605791349724 0.1427910665563658 0.30552507142762997
2 0.8652378474055075 0.5709913478026587 0.09251833116686256 0.2890273181812191