5 0.16014655793937535 0.3664674006331382 0.21425348290125043 0.48403533386094855
1 0.3420141537790628 0.3647327190546806 0.20277046903354207 0.4602795851145899
1 0.53203125 0.3859375 0.2046875 0.465625
1 0.65078125 0.39140625 0.0578125 0.4546875
0 0.4259748457427783 0.5506451384924373 0.08517639342673622 0.10397209765100204
7 0.71953125 0.203125 0.0796875 0.38125
4 0.71328125 0.22578125 0.0671875 0.3796875
8 0.71015625 0.23828125 0.0609375 0.3671875
0 0.7046875 0.40390625 0.05 0.0984375
4 0.8199956430454864 0.2504478763517365 0.14688283852458373 0.4071258413827959
6 0.1859375 0.70703125 0.125 0.1765625
3 0.32578125 0.7078125 0.1265625 0.178125
1 0.47109375 0.71875 0.1296875 0.2
0 0.3857849504161811 0.760776307930194 0.040626306420763925 0.06832410266556703
1 0.603125 0.721875 0.134375 0.20625
5 0.74296875 0.70625 0.1265625 0.175
4 0.859375 0.7109375 0.15 0.184375
0 0.9146554860353824 0.7564896247023838 0.06028549620027786 0.10793217194503928
8 0.96875 0.7203125 0.0625 0.203125