5 0.2171875 0.09921875 0.209375 0.1984375
1 0.346875 0.09453125 0.165625 0.1890625
0 0.40390625 0.021875 0.0515625 0.04375
6 0.503125 0.1046875 0.146875 0.209375
8 0.63984375 0.09765625 0.2046875 0.1953125
1 0.7953125 0.10078125 0.209375 0.2015625
2 0.93515625 0.096875 0.1296875 0.19375
0 0.6844023287409379 0.10227893619731114 0.07104115824437507 0.10043792069139794
4 0.0453125 0.571875 0.090625 0.184375
10 0.04609375 0.578125 0.0921875 0.196875
0 0.015625 0.58984375 0.03125 0.1109375
1 0.1171875 0.58125 0.203125 0.203125
2 0.33125 0.5734375 0.134375 0.1875
1 0.465625 0.75859375 0.071875 0.2890625
1 0.46640625 0.7703125 0.0734375 0.28125
1 0.465625 0.78203125 0.071875 0.2953125
1 0.6561864097629865 0.8152920985754388 0.119808579406528 0.25019387978345564
0 0.6735940749412157 0.9250164395625233 0.030960365691319502 0.05555131802583091
8 0.7407614315144796 0.8214307868178142 0.1229699469977085 0.2518473079967011
5 0.575353983851181 0.8020085000665069 0.13219947663298637 0.24587009263643722
4 0.49701077830409757 0.7949067053976411 0.13147343123013916 0.2817621285298145