6 0.03125 0.13828125 0.0625 0.2765625
3 0.13984375 0.14765625 0.1265625 0.2953125
9 0.28516287870292834 0.1574610913162889 0.13149648145684392 0.31471102084968267
0 0.33595373994285505 0.2948534427282148 0.02842498184962743 0.052380853919208194
9 0.4109375 0.1890625 0.096875 0.315625
10 0.575 0.059375 0.065625 0.11875
2 0.63046875 0.0625 0.0484375 0.125
0 0.6489072161351417 0.1077505963308539 0.020585210772388507 0.047466033386094966
0 0.6890625 0.059375 0.046875 0.11875
0 0.7408674571581513 0.07137047862159207 0.047584048008210186 0.12323892319868043
2 0.2578125 0.86796875 0.09375 0.2640625
10 0.35234375 0.8640625 0.1265625 0.271875
6 0.42734375 0.88671875 0.0640625 0.2265625
3 0.51796875 0.73515625 0.1171875 0.4515625
4 0.53359375 0.740625 0.1484375 0.4625
0 0.5920901104543599 0.9142984615328332 0.06945904800821019 0.12387542069139812
1 0.7105850595192834 0.7396514656894684 0.19794870413308913 0.45880801332783516
1 0.9046875 0.74921875 0.190625 0.4796875