7 0.0703125 0.1359375 0.140625 0.271875
7 0.071875 0.1203125 0.14375 0.240625
0 0.0203125 0.1125 0.040625 0.11875
1 0.11171875 0.11640625 0.2234375 0.2328125
1 0.2578125 0.1203125 0.28125 0.240625
7 0.66015625 0.22421875 0.3421875 0.4484375
7 0.86796875 0.190625 0.2640625 0.38125
1 0.15 0.6 0.265625 0.240625
10 0.31640625 0.5859375 0.2328125 0.2125
0 0.4125297327333902 0.6118772845723617 0.0945408612399266 0.13811955547083343
1 0.42109375 0.5828125 0.1171875 0.20625
7 0.5359375 0.76796875 0.1125 0.3609375
7 0.5991444644848217 0.7341282653863198 0.19726692720211778 0.34048344889756965
7 0.7383887716664141 0.7061149810013894 0.1941510175611974 0.3419732137152085
0 0.8229132417103806 0.8166907647207295 0.055123837235821684 0.0762728656913195
10 0.8798995607958296 0.6914374980032297 0.20204533079291398 0.3562175516711113