7 0.10859375 0.18984375 0.2171875 0.3796875
7 0.30703125 0.18984375 0.2640625 0.3796875
0 0.39140625 0.34921875 0.0703125 0.0609375
1 0.45625 0.18984375 0.146875 0.3796875
7 0.60625 0.18984375 0.153125 0.3796875
7 0.74609375 0.18984375 0.2765625 0.3796875
0 0.86796875 0.334375 0.0890625 0.090625
8 0.27578125 0.7265625 0.3046875 0.546875
8 0.08671875 0.74375 0.1734375 0.5125
0 0.4203125 0.95625 0.11875 0.0875
1 0.4546875 0.7234375 0.15 0.553125
5 0.565625 0.603125 0.071875 0.31875
10 0.59765625 0.5875 0.1359375 0.33125
2 0.7649807286297566 0.5701166479927178 0.09640875341847241 0.3187351310328587
0 0.8174673361529509 0.7001786594254631 0.03259560087368065 0.05890377404661713
1 0.8873285073151038 0.5540601167745246 0.15934516451263914 0.33966767912609297
1 0.97578125 0.5390625 0.0484375 0.31875