4 0.2765625 0.06953125 0.15 0.1390625
1 0.3515625 0.06875 0.075 0.1375
2 0.54375 0.06328125 0.090625 0.1265625
9 0.628125 0.0859375 0.15625 0.171875
8 0.7578125 0.11328125 0.13125 0.2265625
0 0.7658826085694136 0.21469927830502292 0.025472714672181596 0.04135242570596294
1 0.853125 0.1328125 0.153125 0.265625
1 0.94375 0.15546875 0.1125 0.2265625
2 0.05390625 0.50859375 0.1078125 0.3921875
1 0.06171875 0.54375 0.1234375 0.40625
1 0.26840072326545766 0.622726041632858 0.22298625071608863 0.37042747492717537
1 0.34375 0.6859375 0.090625 0.4
9 0.11484375 0.57578125 0.2296875 0.4203125
0 0.14491667524668586 0.7574610913162889 0.072984061346272 0.09740384890464338
1 0.68671875 0.37890625 0.1484375 0.2203125
2 0.7859375 0.390625 0.11875 0.24375
6 0.5890625 0.36328125 0.1375 0.1890625
9 0.49921875 0.34765625 0.1453125 0.1578125
0 0.6118069199554566 0.43865125534376936 0.0507454346753633 0.06551735141192579