4 0.2046875 0.07265625 0.121875 0.1453125
1 0.31953125 0.06875 0.1140625 0.1375
1 0.43828125 0.06015625 0.1234375 0.1203125
0 0.353125 0.05665382073517868 0.034375 0.055087489337999784
4 0.88203125 0.2517374120384982 0.1609375 0.32687267735518083
7 0.97578125 0.278125 0.0484375 0.2875
6 0.18046875 0.60390625 0.0765625 0.0890625
1 0.2421875 0.60703125 0.0875 0.0953125
0 0.26640625 0.575 0.0296875 0.03125
1 0.31171875 0.60859375 0.0953125 0.0984375
1 0.3875 0.60625 0.09375 0.09375
1 0.74453125 0.69921875 0.0703125 0.2796875
1 0.76484375 0.71171875 0.1109375 0.2734375
1 0.94375 0.7375 0.1125 0.253125
3 0.8546875 0.7315623667249973 0.1109375 0.2747283746817265
3 0.75 0.9115942173774526 0.08125 0.1509454293443632