4 0.0833154522863774 0.20672568120913856 0.10479762607064966 0.28809996369925467
1 0.1997535185431561 0.200579699457707 0.09845672247985338 0.2724386022629363
1 0.3208154522863774 0.20534394662903663 0.10919423458010194 0.2381272347764936
0 0.2530007175098838 0.3135473320694603 0.03155907220870695 0.05330680718159222
7 0.52734375 0.30625 0.0765625 0.353125
4 0.525 0.29453125 0.071875 0.3515625
0 0.50234375 0.43125 0.0265625 0.09375
1 0.52890625 0.2828125 0.0796875 0.359375
1 0.6309984524827691 0.27368488047045386 0.16149305366555106 0.364989716626121
9 0.01484375 0.65078125 0.0296875 0.1015625
2 0.0046875 0.9390625 0.009375 0.11875
5 0.19296875 0.70546875 0.1046875 0.2109375
5 0.290625 0.70234375 0.096875 0.2046875
2 0.4109375 0.70234375 0.053125 0.2046875
5 0.4640625 0.69765625 0.05 0.1953125
10 0.56328125 0.68828125 0.0984375 0.1765625
9 0.66796875 0.6890625 0.0984375 0.178125
6 0.76796875 0.6890625 0.0859375 0.178125
0 0.81980642242854 0.7643371515476927 0.009511355386194253 0.023492042154477664
6 0.87109375 0.684375 0.0796875 0.16875