2 0.17672314392643468 0.2912913553866794 0.08316806576579934 0.33063292934436317
10 0.2970083728491958 0.2880038180696786 0.14108965007475477 0.3500556386855445
5 0.43205099336070063 0.27004525342135965 0.12044989714788841 0.2935692813494537
0 0.4921875 0.3921875 0.034375 0.109375
2 0.53515625 0.3796875 0.0515625 0.240625
1 0.55 0.3875 0.08125 0.225
10 0.65625 0.39140625 0.1375 0.2171875
8 0.8609375 0.38515625 0.140625 0.2296875
8 0.95625 0.38359375 0.0875 0.2328125
6 0.084375 0.87578125 0.115625 0.2484375
3 0.240625 0.87265625 0.115625 0.2546875
9 0.3859375 0.8765625 0.121875 0.246875
9 0.48984375 0.88359375 0.0390625 0.2328125
9 0.7796875 0.56953125 0.13125 0.1390625
5 0.9078125 0.56875 0.1125 0.1375