8 0.0515625 0.16171875 0.103125 0.3234375
1 0.09609375 0.12109375 0.1921875 0.2421875
1 0.2453125 0.10703125 0.196875 0.2140625
1 0.36796875 0.1171875 0.1421875 0.234375
0 0.19816790786949828 0.1942257845719589 0.08140573295387128 0.09936474801081766
1 0.49609375 0.44375 0.1140625 0.290625
1 0.496875 0.4328125 0.115625 0.3125
1 0.75 0.4078125 0.228125 0.3625
8 0.63515625 0.40625 0.2234375 0.365625
9 0.53671875 0.4140625 0.1953125 0.35
2 0.88203125 0.39921875 0.1828125 0.3796875
4 0.96328125 0.515625 0.0734375 0.146875
1 0.028125 0.93125 0.05625 0.1375
1 0.0390625 0.92421875 0.078125 0.1515625
6 0.109375 0.91875 0.096875 0.1625
3 0.1890625 0.91015625 0.09375 0.1796875
5 0.271875 0.90859375 0.09375 0.1828125
4 0.3559104496723931 0.8957615599140949 0.08945578652459396 0.20256247334499947
0 0.408822989850435 0.9725053259070953 0.016006829545304767 0.02205681333545435
5 0.409375 0.875 0.059375 0.1875
4 0.484375 0.684375 0.090625 0.190625
7 0.52734375 0.6828125 0.1765625 0.1875
0 0.6390625 0.63046875 0.065625 0.0828125
1 0.6953125 0.67890625 0.184375 0.1796875
1 0.85390625 0.68046875 0.1828125 0.1828125