5 0.22421875 0.2859375 0.1734375 0.0875
10 0.3703125 0.2953125 0.159375 0.06875
8 0.64375 0.18984375 0.16875 0.2796875
2 0.771875 0.2015625 0.15625 0.25625
0 0.78671875 0.31015625 0.1015625 0.0390625
1 0.87890625 0.21484375 0.1796875 0.2296875
10 0.0875 0.74296875 0.175 0.5140625
10 0.253125 0.7609375 0.325 0.478125
10 0.43046875 0.7796875 0.2578125 0.440625
0 0.4875 0.9578125 0.1 0.084375
2 0.7607737426587878 0.5940782946885605 0.20064985226173623 0.377653343089554
2 0.95 0.61875 0.1 0.35625
8 0.8835936837657805 0.5901043878763105 0.2077530241314353 0.3573862948849523
0 0.99140625 0.75625 0.0171875 0.125