5 0.1625 0.33046875 0.1625 0.1171875
10 0.29765625 0.3109375 0.1484375 0.15625
1 0.4359375 0.303125 0.16875 0.171875
9 0.77421875 0.303125 0.2203125 0.171875
1 0.921875 0.27578125 0.15625 0.2265625
2 0.12226063940163323 0.7171751533501954 0.08870106269890758 0.2405010036281972
9 0.20256575739972416 0.7059226840202344 0.12794537603436212 0.2574900961864685
6 0.30938792206395166 0.691691547629898 0.12149538136536223 0.2400843413771451
0 0.3759856234086329 0.777576973127794 0.049401110677908554 0.08450397477225664
1 0.4034828200588609 0.6574926516209149 0.1197874306969986 0.22752977767481414
2 0.5275015753898611 0.644642965956218 0.10256356802990751 0.22380457694917483
5 0.696875 0.88125 0.075 0.2375
5 0.690625 0.8734375 0.0625 0.234375
0 0.73828125 0.95 0.0609375 0.1
1 0.7695174474060875 0.8622793553417791 0.13246924403245314 0.243591287293461
1 0.863739614735815 0.8390179593327959 0.1549442280394528 0.295917679126093