4 0.04609375 0.30859375 0.0921875 0.2984375
10 0.10509038446881629 0.3548740252625942 0.1924508906040085 0.333377216024817
0 0.131890913698276 0.4537473299252307 0.050619777117888634 0.07556362133990877
1 0.21635449340258947 0.3691990599140949 0.17113818025830946 0.2987658586887264
1 0.3480447626029193 0.3793814872295048 0.17845057508545992 0.28166926535645337
5 0.6175425718532617 0.31545753660091214 0.16774039561857332 0.2893544960216353
10 0.7642811795333936 0.31843599124764027 0.15313232633910126 0.2704408640197265
0 0.7958684971635132 0.44068316124286777 0.029170674452321597 0.03626476400381797
1 0.8974741127612038 0.35749739656273205 0.17349029044572378 0.2722397213558171
5 0.22734375 0.7359375 0.2203125 0.334375
3 0.3828125 0.740625 0.2125 0.34375
0 0.4330586086045688 0.8802263718969139 0.09444398495630538 0.13230451734563572
1 0.4609375 0.765625 0.05625 0.39375
5 0.6732757463055833 0.7659120699395482 0.1589564290046681 0.30955790802036276
5 0.8046250347062431 0.7878132472549582 0.1509166084715547 0.3016545013526354
1 0.9234375 0.81171875 0.153125 0.3015625
0 0.8342861394833812 0.922578598583731 0.03105142319868044 0.04722044533736351