4 0.3453125 0.26171875 0.16875 0.2953125
10 0.4078125 0.253125 0.04375 0.33125
7 0.5515625 0.1296875 0.175 0.259375
2 0.9265625 0.10234375 0.1375 0.2046875
1 0.78984375 0.11328125 0.1796875 0.2265625
1 0.671875 0.121875 0.159375 0.24375
0 0.7434819919239579 0.19609375 0.05394316000954511 0.0703125
3 0.05078125 0.76640625 0.1015625 0.3078125
2 0.03671875 0.73828125 0.0734375 0.2578125
9 0.07109375 0.71796875 0.1421875 0.2171875
0 0.1402660852562308 0.77890625 0.06822383601209037 0.0890625
1 0.1828125 0.6984375 0.184375 0.178125
1 0.3078125 0.6875 0.171875 0.15625
6 0.6941637919319122 0.8015625 0.18183399204327078 0.31875
2 0.807617764600594 0.78671875 0.1473680853755436 0.3109375
0 0.8622501732575035 0.85859375 0.05090906667727228 0.078125
1 0.90078125 0.75859375 0.1578125 0.2984375
1 0.9578125 0.75703125 0.084375 0.2953125