4 0.2201116695922642 0.29423399470877076 0.2275595818433162 0.4337226613621805
1 0.37969500071779017 0.2796913313971789 0.2202530241314351 0.3586681173615441
6 0.5258160325689556 0.282172536083678 0.18028278855940538 0.37694540268936266
0 0.606815550625123 0.3877600120941775 0.07246033175849824 0.10704997867599957
1 0.625 0.2546875 0.0875 0.353125
3 0.71171875 0.2171875 0.0859375 0.29375
4 0.70859375 0.203125 0.0796875 0.30625
9 0.70625 0.18828125 0.075 0.3015625
0 0.7210169490811769 0.30159469808240524 0.04469743030721922 0.07236589600572714
1 0.7697049310250096 0.19751627275617772 0.16280262268015627 0.3236385893539081
1 0.9081672302993702 0.1819469114417222 0.1610764315731636 0.3189329080203628
6 0.23515625 0.70703125 0.1171875 0.1359375
3 0.36015625 0.703125 0.1296875 0.128125
1 0.484375 0.70703125 0.1375 0.1359375
2 0.63046875 0.7015625 0.0765625 0.125
0 0.434375 0.646875 0.01875 0.015625