3 0.03671875 0.2015625 0.0734375 0.3625
4 0.02890625 0.21484375 0.0578125 0.3390625
7 0.71171875 0.15 0.1359375 0.3
3 0.87421875 0.15390625 0.1453125 0.3078125
0 0.93125 0.29280304001317836 0.05625 0.09251475292686635
1 0.975 0.184375 0.05 0.36875
2 0.0203125 0.55390625 0.040625 0.3078125
5 0.03359375 0.55078125 0.0671875 0.3015625
4 0.11875 0.5514513321676561 0.1171875 0.29599427693097125
0 0.17109375 0.6894280551384889 0.0609375 0.0800420240041051
1 0.24765625 0.5671076275435876 0.1265625 0.3147988190854491
8 0.6796875 0.5703125 0.184375 0.340625
8 0.85078125 0.58984375 0.1609375 0.3796875
8 0.965625 0.59921875 0.06875 0.3984375
0 0.896875 0.7304666664766115 0.0765625 0.1363829275949012