3 0.06484375 0.1921875 0.1296875 0.3625
4 0.22402842030913153 0.21095724336070062 0.12973039969500028 0.33820904800821017
3 0.51015625 0.21875 0.1015625 0.375
1 0.509375 0.2234375 0.1 0.35625
9 0.6367998708222218 0.23566687275099998 0.16890200246854192 0.34312380698520056
0 0.695263721411562 0.3758696919346448 0.06355596656500015 0.11285452400410509
1 0.8041685555677425 0.2624253363520589 0.19873497283326422 0.34954652380771345
1 0.93515625 0.26484375 0.1296875 0.3421875
0 0.211417357904444 0.966630526439992 0.027726262917777866 0.05015453610435348
2 0.334375 0.91875 0.071875 0.1625
2 0.07133917819291628 0.8751783037637468 0.058433361891597355 0.16125566256778665
7 0.2564038560045828 0.9137600564942213 0.08208906743868064 0.17076701795398092
7 0.1257721050546524 0.8864339663315335 0.07075152393569457 0.15351588544042355
9 0.19110616432520794 0.8993157614128773 0.08219817021222245 0.1754545179539809
3 0.478125 0.69375 0.0375 0.15
1 0.478125 0.68828125 0.0375 0.1390625
6 0.49375 0.69609375 0.06875 0.1546875
0 0.5166484121410064 0.7536992552645574 0.022675087005972115 0.03450226502711473
7 0.5625 0.70078125 0.078125 0.1640625
9 0.6395780722852425 0.7090958032727676 0.0776197729857639 0.18011474687674217