5 0.1989991927791249 0.2733481765437752 0.20279335795222372 0.3424989659077429
8 0.3140625 0.2421875 0.03125 0.340625
1 0.84921875 0.35703125 0.2578125 0.4859375
1 0.60234375 0.36328125 0.2703125 0.4734375
0 0.73359375 0.571875 0.0796875 0.05625
7 0.421875 0.38125 0.184375 0.4375
5 0.19921875 0.8 0.1984375 0.4
7 0.06875 0.8 0.1375 0.4
0 0.29296875 0.95546875 0.0703125 0.0890625
3 0.4046875 0.68046875 0.11875 0.1609375
2 0.55859375 0.68359375 0.0671875 0.1671875
1 0.64609375 0.68828125 0.1203125 0.1765625
1 0.77578125 0.68828125 0.1140625 0.1765625
0 0.5855292077966586 0.7458587816599205 0.01937729139585791 0.036264782467404014