5 0.08359375 0.15078125 0.1671875 0.3015625
8 0.21484375 0.1578125 0.1703125 0.315625
0 0.2467550472426554 0.30084331442012113 0.061449628529814504 0.1270188569862416
1 0.36721596291948844 0.19243559209493527 0.2104567445232167 0.3663591538983496
1 0.46640625 0.22109375 0.1046875 0.3734375
5 0.6614827884671668 0.19619053075485712 0.21781460345698989 0.35100697241000384
4 0.8209798089211379 0.2244395602437698 0.18620089060400852 0.3374156983633867
0 0.8369193944979461 0.34855910652290556 0.049284597651002036 0.08444941106992569
1 0.92421875 0.25234375 0.1515625 0.3328125
3 0.06875 0.59375 0.1375 0.228125
4 0.06328125 0.596875 0.1265625 0.234375
5 0.1765625 0.59765625 0.246875 0.2359375
0 0.22265625 0.5140625 0.0578125 0.06875
1 0.365625 0.58984375 0.246875 0.2203125
1 0.46484375 0.5859375 0.1078125 0.2125
2 0.5546875 0.74453125 0.071875 0.4359375
3 0.57109375 0.7703125 0.1046875 0.440625
1 0.6640625 0.80078125 0.203125 0.3984375
0 0.7078125 0.9671875 0.09375 0.065625
9 0.8546875 0.81953125 0.225 0.3609375
9 0.96328125 0.84609375 0.0734375 0.3078125