7 0.034375 0.5484375 0.06875 0.359375
8 0.12576293415224712 0.5530191960534521 0.12171249326957537 0.37160337468172655
0 0.18882156063699754 0.7225600840626789 0.026454851411925873 0.05029090133672724
1 0.302765703352577 0.5668015274108601 0.15337167022917947 0.3860295013526354
1 0.42734375 0.5703125 0.0453125 0.365625
1 0.46953125 0.2203125 0.0390625 0.225
1 0.46875 0.22734375 0.0375 0.2234375
3 0.4703125 0.23125 0.040625 0.21875
8 0.538028568092338 0.234733367401315 0.06748433135366608 0.22570907200827223
2 0.6441421757724699 0.24065719808240527 0.03895015439406198 0.21131930800445425
10 0.7112387475592246 0.24456399542485938 0.07796719028743926 0.21021134134309047
0 0.7452978473217977 0.33639750676317737 0.014880853919208192 0.028288632001908988
6 0.8002785155059133 0.24638158143694974 0.07185358260730723 0.21482611600890866
7 0.73125 0.884375 0.196875 0.23125
6 0.9171875 0.884375 0.165625 0.23125
0 0.97734375 0.95625 0.0453125 0.0875