7 0.04140625 0.39765625 0.0828125 0.3703125
8 0.03671875 0.41015625 0.0734375 0.3796875
0 0.00703125 0.58203125 0.0140625 0.0546875
1 0.084375 0.43203125 0.16875 0.3984375
2 0.28569462338008983 0.42956651339434215 0.10797968993316047 0.281125631037097
2 0.7849855113673809 0.4556429992750842 0.10797968993316047 0.281125631037097
1 0.6345451806042602 0.4404990355641729 0.1391751428552599 0.2789099131695506
5 0.5105718924548134 0.43005093204067607 0.1471785576279121 0.290074733702664
6 0.38950541599376365 0.4320119003039339 0.1363774253226639 0.2975689849563052
0 0.5506729667251123 0.5483546511618637 0.04204322402541756 0.08243206677218975
2 0.428125 0.7171875 0.078125 0.115625
1 0.51796875 0.7265625 0.1421875 0.134375
6 0.634375 0.7265625 0.109375 0.134375
0 0.6742525629095086 0.6887606908161648 0.028943206168510115 0.04769335391920819
1 0.75546875 0.72734375 0.1296875 0.1359375
2 0.9046875 0.7234375 0.09375 0.128125