3 0.053125 0.15390625 0.10625 0.2984375
4 0.15791311103857603 0.18135382873167885 0.16773823955076406 0.29406017735518086
1 0.2622551189223607 0.19741572807922364 0.15254965064493078 0.3126283640197263
0 0.3057122185617704 0.3112333274188142 0.055307055470833436 0.09436816534054522
1 0.346875 0.19921875 0.084375 0.3203125
2 0.6890625 0.38515625 0.103125 0.2890625
10 0.8171875 0.39765625 0.1625 0.2640625
9 0.940625 0.4171875 0.11875 0.225
3 0.0453125 0.64375 0.090625 0.228125
5 0.07734375 0.65546875 0.1546875 0.2515625
7 0.19609375 0.6671875 0.1703125 0.275
0 0.23581663943958286 0.7630680000795418 0.05040134992375016 0.08493862133990877
1 0.31484375 0.68984375 0.1484375 0.3203125
10 0.6828125 0.61171875 0.171875 0.1640625
9 0.81015625 0.61640625 0.1703125 0.1734375
0 0.8488991741088536 0.6266856047501326 0.04418771751493065 0.08642839600572697
1 0.92890625 0.61328125 0.1421875 0.1671875