6 0.034375 0.27421875 0.06875 0.2609375
8 0.05803205722087519 0.2668355292242885 0.1040092102256999 0.23143300649282175
0 0.11114914894104455 0.35499800243892726 0.054952327109672794 0.10561480032431163
1 0.1499604586008469 0.2503826404262184 0.11985239853730274 0.2442057418823252
2 0.26217408644186835 0.23201269562179397 0.0852319366867496 0.22954322402541774
3 0.43125 0.18515625 0.103125 0.3703125
10 0.584375 0.171875 0.184375 0.34375
5 0.76640625 0.146875 0.1703125 0.29375
0 0.8679446197200512 0.25493199838173747 0.03198638555165907 0.04273297077900686
1 0.92109375 0.146875 0.1578125 0.29375
2 0.025 0.95234375 0.05 0.0953125
10 0.03515625 0.94296875 0.0703125 0.1140625
9 0.1 0.93828125 0.109375 0.1234375
1 0.1921875 0.9328125 0.125 0.134375
2 0.29375 0.92734375 0.103125 0.1453125
2 0.4140625 0.675 0.06875 0.30625
3 0.521054208600847 0.6676770547918337 0.13697744317957133 0.3304159772718286
7 0.65449795413662 0.6567514172115796 0.14457175486796867 0.31805234496658025
0 0.7402735872526472 0.7802922828777364 0.03532957386326192 0.05528751785690744
1 0.8020860202892441 0.6502678177807726 0.14772402840691895 0.3196693920444808
1 0.93203125 0.63203125 0.1359375 0.3078125