5 0.22421875 0.08984375 0.1578125 0.1796875
9 0.3109375 0.121875 0.078125 0.24375
4 0.75390625 0.06015625 0.1296875 0.1203125
1 0.85703125 0.06015625 0.1359375 0.1203125
1 0.95 0.06484375 0.1 0.1296875
0 0.87578125 0.01015625 0.0265625 0.0203125
6 0.02578125 0.709375 0.0515625 0.190625
3 0.028125 0.73125 0.05625 0.2125
1 0.04453125 0.75625 0.0890625 0.20625
0 0.0046875 0.8328125 0.009375 0.034375
1 0.1244276611224997 0.7813638591766303 0.12358532467404082 0.18960006249917621
1 0.4209929695644862 0.7574095308458463 0.1391478693163095 0.2757830243497292
2 0.5415412487854793 0.7865458315771949 0.07739216314779931 0.22784435633066594
2 0.6301946457012242 0.8084287398570256 0.07256829545304769 0.21995003571381488
10 0.690873047081196 0.8222088218379623 0.12950013392680618 0.2599943831160271
1 0.7740031469190403 0.8473121875041191 0.12936376623205453 0.2521818831160271
4 0.859599727682161 0.8653433928618505 0.11675467207625304 0.24571369480442443
8 0.9161030978125446 0.9393342719206877 0.05815914772652384 0.11035684740221222
0 0.8700405754914102 0.9830939545502477 0.01603410308425506 0.023710235389503433