5 0.03515625 0.153125 0.0703125 0.26875
9 0.03359375 0.14921875 0.0671875 0.2953125
0 0.00625 0.23203125 0.0125 0.0328125
1 0.03203125 0.12890625 0.0640625 0.2578125
3 0.0625 0.1265625 0.125 0.253125
1 0.43828125 0.2046875 0.0578125 0.259375
1 0.472349701700988 0.1937090599361456 0.12015240746575646 0.2620662017473613
1 0.8113752455324779 0.1389241088543745 0.11042285145940198 0.24153549620027787
9 0.561947989850435 0.17755542344326364 0.11543763392680609 0.2603945989738195
4 0.6515871883083074 0.1637455369503816 0.10595353977100466 0.25392639342673623
10 0.7295349103051303 0.15177090739135374 0.1074069456152035 0.2477127610179167
0 0.7914639403369023 0.25193325513090237 0.014444329545304769 0.02220230832062491
10 0.209375 0.57578125 0.14375 0.1328125
9 0.309375 0.5796875 0.14375 0.140625
0 0.3765625 0.5265625 0.0375 0.034375
1 0.378125 0.5765625 0.0625 0.134375
2 0.45625 0.6921875 0.09375 0.365625
2 0.53359375 0.665625 0.1984375 0.3125
10 0.65234375 0.6640625 0.2109375 0.309375
3 0.78828125 0.6453125 0.2140625 0.271875
0 0.8624912808392556 0.7137598014836801 0.04478639448011279 0.06039329255305574
8 0.9078125 0.615625 0.171875 0.2125