2 0.26807978094531937 0.20205974996022907 0.14376934969606614 0.37810791335136285
3 0.39375 0.19375 0.175 0.3875
6 0.49609375 0.1984375 0.0859375 0.396875
8 0.9 0.04453125 0.071875 0.0890625
0 0.99296875 0.01015625 0.0140625 0.0203125
3 0.96171875 0.04140625 0.0703125 0.0828125
3 0.05234375 0.87578125 0.1046875 0.2484375
6 0.18984375 0.86796875 0.1203125 0.2640625
1 0.33125 0.86796875 0.13125 0.2640625
1 0.47265625 0.85234375 0.1328125 0.2953125
0 0.2546875 0.98984375 0.028125 0.0203125
3 0.5640625 0.784375 0.05 0.228125
2 0.6568013001456493 0.7796205812778662 0.06793897241989288 0.2413340720082724
6 0.734971764252272 0.7771490146005939 0.08650711599340219 0.23530224801081764
0 0.7861047037482883 0.8718342585932761 0.02305706677218957 0.04087953866963616
1 0.8418893539857152 0.779809843252731 0.10029683135366607 0.2260908800127268