2 0.21953125 0.10390625 0.1921875 0.2078125
3 0.34453125 0.1015625 0.2234375 0.203125
6 0.4734375 0.10390625 0.190625 0.2078125
0 0.55703125 0.103125 0.0234375 0.121875
7 0.6453125 0.25546875 0.153125 0.1484375
1 0.74453125 0.23671875 0.1671875 0.1859375
1 0.84921875 0.221875 0.1671875 0.215625
7 0.3994972766152296 0.7117262507177902 0.1119749306969986 0.22725695916315997
1 0.49728988661682044 0.7034177321134687 0.12454765603118041 0.2339434687818068
0 0.55859375 0.784375 0.0203125 0.05625
1 0.54921875 0.69375 0.0390625 0.246875
7 0.6125 0.61015625 0.0875 0.3078125
6 0.60546875 0.61015625 0.0734375 0.2859375
0 0.595408118594867 0.6823438294810635 0.038409066677272286 0.07943452885594056
1 0.6484375 0.5703125 0.159375 0.284375
2 0.7541484139481387 0.5409524815653145 0.11855219470081657 0.2556002139724834