10 0.17421875 0.30859375 0.2921875 0.4203125
6 0.36015625 0.3140625 0.2171875 0.409375
0 0.44921875 0.47734375 0.0390625 0.0828125
10 0.43984375 0.31484375 0.0578125 0.4078125
1 0.5850764355985422 0.24492564191744998 0.18783253400368077 0.28914188947037933
2 0.7153815314382296 0.24245046106207643 0.12987456363895866 0.2808730324841376
6 0.8094945541396532 0.22778281505309322 0.1487336664125003 0.28621529691210784
0 0.8757754772016672 0.3253324268486583 0.055270687879652766 0.09404266587924912
1 0.91484375 0.2171875 0.1703125 0.303125
6 0.12734375 0.80703125 0.2546875 0.3859375
10 0.2765625 0.79453125 0.2125 0.4109375
0 0.38359375 0.95390625 0.0890625 0.0921875
1 0.3953125 0.78125 0.146875 0.4375
3 0.51484375 0.678125 0.0921875 0.31875
4 0.5859375 0.66953125 0.18125 0.3015625
4 0.9203125 0.62578125 0.13125 0.2140625
1 0.80625 0.6421875 0.15625 0.246875
1 0.696875 0.64140625 0.15 0.2453125
0 0.7739349945847571 0.7354341131463275 0.035793336056041625 0.06213790145127884