7 0.2796875 0.2125 0.3 0.4125
7 0.43359375 0.209375 0.1109375 0.41875
3 0.5296875 0.3140625 0.08125 0.209375
3 0.60234375 0.28125 0.1515625 0.275
1 0.53203125 0.29609375 0.0859375 0.2453125
1 0.74921875 0.26484375 0.1734375 0.3078125
1 0.89140625 0.25390625 0.1578125 0.3296875
0 0.68515625 0.40390625 0.0453125 0.0296875
7 0.0625 0.77890625 0.125 0.3515625
7 0.17348623738858837 0.7508461466577774 0.17414876137808885 0.3336515674386807
7 0.31466522071927033 0.728023629655937 0.17104194271163423 0.33514133225631965
0 0.3910106394016332 0.8419029852792704 0.05083634134309047 0.07303876291777786
10 0.428125 0.71875 0.121875 0.35
3 0.74375 0.496875 0.13125 0.15625
3 0.8890625 0.49453125 0.14375 0.1515625
0 0.9728418947326333 0.51219730148368 0.03017839600572696 0.04287848423243048