7 0.275 0.1234375 0.290625 0.246875
7 0.4578125 0.115625 0.2625 0.23125
0 0.49921875 0.06015625 0.0859375 0.1203125
1 0.72421875 0.15546875 0.0484375 0.1890625
1 0.72421875 0.1828125 0.0484375 0.1875
6 0.721875 0.19765625 0.04375 0.1796875
6 0.721875 0.21015625 0.04375 0.1796875
6 0.721875 0.2234375 0.04375 0.18125
2 0.7140625 0.17265625 0.028125 0.1671875
2 0.70625 0.2828125 0.0125 0.075
0 0.703125 0.309375 0.00625 0.01875
6 0.16015625 0.54296875 0.1859375 0.1484375
9 0.26484375 0.54296875 0.1671875 0.1484375
0 0.2937039403481948 0.5854077975172308 0.05174564437666671 0.07529089149054773
1 0.36875 0.565625 0.165625 0.19375
2 0.48984375 0.5578125 0.1453125 0.178125
2 0.84453125 0.84453125 0.1546875 0.3109375
9 0.91640625 0.85078125 0.1671875 0.2984375