6 0.32448220820040036 0.32409799553468777 0.13095353977100474 0.25450827488562516
8 0.38046875 0.3046875 0.0578125 0.240625
8 0.4876504099046837 0.28563490757878496 0.15312854869945847 0.27220492116215295
8 0.5746282585247119 0.2728095588893059 0.13755809577735914 0.2749662452503473
0 0.6328753607981881 0.38358471114975734 0.05317163879807012 0.09338763050895835
1 0.686197004060485 0.2840035916587157 0.16247627516050808 0.2708606267092363
1 0.7808782585247119 0.27761008092513945 0.1314990105500115 0.28575827488562505
1 0.4765625 0.95234375 0.134375 0.0953125
2 0.596875 0.95078125 0.078125 0.0984375
5 0.665625 0.93984375 0.134375 0.1203125
5 0.759375 0.93359375 0.1375 0.1328125
2 0.8828125 0.92421875 0.071875 0.1515625
9 0.940625 0.90859375 0.11875 0.1828125