6 0.425 0.0796875 0.175 0.159375
8 0.5 0.075 0.1 0.15
2 0.82421875 0.3609375 0.1703125 0.2375
2 0.93125 0.3515625 0.1375 0.25625
1 0.96640625 0.328125 0.0671875 0.303125
3 0.04453125 0.5703125 0.0890625 0.18125
2 0.0546875 0.54765625 0.109375 0.1359375
4 0.13984375 0.540625 0.1390625 0.121875
0 0.2143748667249973 0.5400326671749995 0.04302384134309047 0.07285692496187508
1 0.2578125 0.55234375 0.1875 0.1453125
2 0.38515625 0.55390625 0.1515625 0.1484375
2 0.58515625 0.6171875 0.0703125 0.275
7 0.628125 0.58671875 0.15625 0.2140625
1 0.5921875 0.60234375 0.084375 0.2453125
1 0.75546875 0.57109375 0.1953125 0.1828125
1 0.88515625 0.565625 0.2078125 0.171875
0 0.7105606180776328 0.6362348667381592 0.057486330681090256 0.10755923328249999