1 0.34140625 0.1890625 0.2453125 0.378125
3 0.49765625 0.209375 0.2390625 0.41875
0 0.5373332155072964 0.3420219327612627 0.08984552434972919 0.13488406010845858
1 0.58125 0.25390625 0.075 0.4453125
5 0.9203125 0.39296875 0.159375 0.3578125
0 0.05078125 0.81328125 0.1015625 0.3421875
0 0.2671875 0.8375 0.196875 0.325
1 0.13703498092857186 0.8285719902374427 0.19654335795222372 0.3401715238077134
1 0.4046875 0.84453125 0.1875 0.3109375
1 0.52421875 0.85703125 0.1796875 0.2859375
0 0.29765625 0.965625 0.0609375 0.06875
4 0.74765625 0.79296875 0.2578125 0.3859375
5 0.89453125 0.8 0.2109375 0.4
0 0.95625 0.9515625 0.084375 0.096875