7 0.3426853862259905 0.2039987162333375 0.1578408128389331 0.2743465359079618
2 0.665625 0.28515625 0.028125 0.2671875
1 0.5775325640172835 0.25849181527482 0.1625828549934109 0.2837488069852007
1 0.45970471458301754 0.23358674316430889 0.1406714935570923 0.277371541958086
0 0.49264850390882486 0.34550093588452063 0.05039997579950324 0.06904089149054773
3 0.7171875 0.07265625 0.075 0.1453125
2 0.70625 0.0671875 0.053125 0.134375
4 0.7578125 0.059375 0.115625 0.11875
0 0.78359375 0.025 0.0359375 0.05
1 0.87265625 0.0703125 0.1609375 0.140625
2 0.971875 0.07265625 0.05625 0.1453125
6 0.18574451893593955 0.676399915298261 0.23245096916020377 0.4763362827847038
2 0.4099223623200812 0.6847356318261862 0.13043395120622278 0.39762040944452864
0 0.4307746969236243 0.860644146853301 0.06618860226293641 0.09725679508134384
1 0.56328125 0.72578125 0.2328125 0.4609375
1 0.64921875 0.7625 0.0609375 0.440625
8 0.8355905037124332 0.8149225806947182 0.14088966217500315 0.314871541958086
7 0.93203125 0.85234375 0.1359375 0.2828125
0 0.9765625 0.96640625 0.046875 0.0671875