7 0.2578125 0.3890625 0.178125 0.28125
1 0.35234375 0.36875 0.1140625 0.284375
5 0.7596205342880212 0.34169312569332766 0.1707905043684029 0.29383623119538155
10 0.8934311834143406 0.27994798047046565 0.1562552256830557 0.27311455423577724
0 0.9800427902719449 0.3735866687128409 0.028997822188333446 0.038318353919208195
1 0.971875 0.25546875 0.05625 0.2765625
4 0.07109375 0.759375 0.1421875 0.44375
4 0.071875 0.725 0.14375 0.390625
0 0.14736018968260467 0.8388803627612038 0.09193553970326392 0.12602895407749273
1 0.21328125 0.70703125 0.2765625 0.3546875
1 0.33671875 0.68984375 0.1453125 0.3203125
4 0.766305638961424 0.8327105822781029 0.142338196047778 0.27895537727617314
8 0.8944663533422226 0.7969285434817317 0.13459843123013915 0.2818530567430599
1 0.96328125 0.7734375 0.0734375 0.28125
0 0.9688689009292712 0.9034309445770884 0.022565984232430482 0.030323997492717504