6 0.6203125 0.28046875 0.115625 0.0984375
9 0.70625 0.278125 0.125 0.103125
9 0.46648933045336777 0.581935631405133 0.1686110617390975 0.33156017735518084
10 0.52421875 0.57109375 0.0703125 0.3390625
1 0.01484375 0.559375 0.0296875 0.153125
9 0.04375 0.54765625 0.0875 0.1953125
5 0.61484375 0.59375 0.1109375 0.390625
10 0.6962489124253469 0.5530384720719057 0.2059668977951393 0.3929158480267262
0 0.7760974537441315 0.6813458327498143 0.07474803970326391 0.1242738413430903
7 0.8389455587018746 0.5328179734245413 0.19604638392743076 0.36936926002545345
8 0.94375 0.49140625 0.1125 0.3234375