2 0.02109375 0.08984375 0.0421875 0.1796875
10 0.06328125 0.084375 0.1265625 0.16875
9 0.20390625 0.08046875 0.1515625 0.1609375
0 0.28203125 0.0140625 0.0390625 0.028125
1 0.3578125 0.084375 0.1625 0.16875
4 0.47890625 0.10078125 0.1015625 0.2015625
6 0.5734375 0.29921875 0.0875 0.1796875
8 0.65234375 0.30390625 0.0984375 0.1703125
1 0.74453125 0.29453125 0.1140625 0.1890625
2 0.85703125 0.290625 0.0796875 0.196875
8 0.20625 0.49609375 0.090625 0.2140625
1 0.31171875 0.51328125 0.1109375 0.2484375
0 0.3766638703440629 0.5756377849063313 0.021258057370694416 0.04097955600635448
1 0.4296875 0.49453125 0.121875 0.2109375
7 0.64375 0.5859375 0.16875 0.39375
8 0.79609375 0.5625 0.1359375 0.346875
0 0.862473430564549 0.6747786684293956 0.034303571238402775 0.06463524431795716
10 0.9265625 0.58125 0.146875 0.384375