3 0.15625 0.2921875 0.184375 0.39375
10 0.35625 0.2921875 0.171875 0.39375
5 0.50390625 0.28359375 0.0921875 0.3765625
3 0.584375 0.0953125 0.06875 0.190625
6 0.58359375 0.08359375 0.0671875 0.1671875
7 0.578125 0.0703125 0.05625 0.140625
0 0.6124188791777783 0.10228605966309771 0.03739220364722229 0.0631272913958579
1 0.65859375 0.06875 0.1234375 0.1375
2 0.7828125 0.06640625 0.1 0.1328125
6 0.0265625 0.54609375 0.053125 0.1140625
6 0.05859375 0.540625 0.0890625 0.103125
1 0.153125 0.54140625 0.103125 0.1046875
1 0.23515625 0.54453125 0.1046875 0.1109375
0 0.1110005431217365 0.5560656245979059 0.029797909194305562 0.0723659237011061
3 0.628125 0.86015625 0.146875 0.2796875
4 0.771875 0.85 0.1625 0.3
0 0.84140625 0.9640625 0.0671875 0.071875
1 0.91015625 0.8296875 0.1734375 0.340625