6 0.09375 0.38046875 0.1875 0.3171875
5 0.24140625 0.40078125 0.1859375 0.2765625
1 0.39375 0.41875 0.215625 0.240625
2 0.5453125 0.4421875 0.0875 0.19375
7 0.63125 0.3 0.084375 0.325
4 0.6546875 0.31328125 0.13125 0.3078125
3 0.7301844872123805 0.33158033390359537 0.15011012607064966 0.2892272266868172
5 0.8287128908031768 0.3460599098902323 0.15633285499341057 0.28461245202099905
0 0.8333418243500063 0.4702332065563687 0.03312157220870695 0.05350680800445442
0 0.9203125 0.36640625 0.159375 0.3078125
1 0.05859375 0.7328125 0.1171875 0.3
1 0.12769022540671973 0.7539500613065012 0.15488852966144587 0.30490677068745364
8 0.22000953561337416 0.77553361262732 0.14070785499341082 0.2844306386855446
3 0.2982481651018694 0.7941557959500478 0.1439055778660478 0.29696700135263543
1 0.3812424722834617 0.8244421852721391 0.14226126463433122 0.28288632001909003
6 0.4586771258742579 0.8391672092616396 0.13284081283893306 0.27496473201781735
0 0.4679390172666098 0.9539109619271396 0.028534066158582762 0.07063976400381797
5 0.528125 0.86328125 0.121875 0.2578125
6 0.6515625 0.653125 0.125 0.228125
5 0.7446418969514967 0.6795558519255488 0.13742831888905727 0.2578317760184536
0 0.7593816287029282 0.7957984699236398 0.04569429508134384 0.06615225867281786
1 0.8416759782353902 0.7057723592457312 0.15605105386194254 0.23617495202099903
1 0.93125 0.72265625 0.1375 0.2765625