2 0.05703125 0.2671875 0.1140625 0.421875
1 0.18096820421590315 0.2944739692870931 0.20316920611576422 0.4069419853596351
10 0.3572040491056601 0.31195981926323046 0.1759520894745142 0.37850790268936263
0 0.41423856515757 0.4793104039226854 0.05963087955902786 0.0787977093411815
8 0.54453125 0.33359375 0.1484375 0.3921875
4 0.96640625 0.13671875 0.0671875 0.2453125
3 0.8765625 0.125 0.14375 0.25
0 0.9953125 0.24453125 0.009375 0.0703125
4 0.30625 0.921875 0.11875 0.15625
3 0.41328125 0.921875 0.1359375 0.15625
1 0.5359375 0.925 0.165625 0.15
3 0.6984375 0.7734375 0.159375 0.1875
3 0.85625 0.778125 0.165625 0.196875