2 0.0328125 0.159375 0.065625 0.31875
1 0.046875 0.1640625 0.09375 0.328125
10 0.04375 0.1609375 0.0875 0.321875
0 0.06432035019318363 0.29828092505878423 0.05736112141421188 0.0778353656913195
8 0.209375 0.16875 0.165625 0.3375
8 0.3421875 0.20859375 0.2 0.4171875
8 0.7732216681566838 0.21025686103857605 0.11031253974053179 0.29764002583555554
5 0.9001016266868715 0.22057415235736064 0.11456353012188494 0.28524912860909735
0 0.9454364301375833 0.35300413943958286 0.028199411069925694 0.047493249050069505
1 0.984375 0.23359375 0.03125 0.3046875
7 0.03203125 0.69375 0.0640625 0.16875
1 0.04296875 0.690625 0.0859375 0.1625
0 0.07273802931927671 0.7248434250587843 0.04486112141421188 0.07754442496187508
1 0.1546875 0.68828125 0.134375 0.1578125
2 0.296875 0.6875 0.115625 0.15625
6 0.5375 0.6984375 0.075 0.178125
3 0.59296875 0.6953125 0.1640625 0.171875
0 0.64453125 0.64453125 0.0796875 0.0703125
1 0.765625 0.7125 0.19375 0.20625
2 0.909375 0.678125 0.078125 0.1375