6 0.2360349510817711 0.22175186363426666 0.15658253400368077 0.2854307597392326
10 0.3502429214464933 0.22999283197764148 0.15305749050069473 0.2681887126613319
0 0.3899256301277088 0.3579775101429744 0.04386040919430556 0.07261138555165907
1 0.4744259570656947 0.2641786915547183 0.15302112290951406 0.26662621266133196
1 0.5421875 0.315625 0.09375 0.303125
2 0.6109375 0.04921875 0.04375 0.0984375
3 0.6140625 0.04765625 0.05 0.0953125
1 0.615625 0.0484375 0.053125 0.096875
0 0.6 0.078125 0.021875 0.06875
1 0.64140625 0.05078125 0.1046875 0.1015625
1 0.715625 0.07109375 0.1125 0.1421875
7 0.1453125 0.88984375 0.128125 0.2203125
2 0.28125 0.9078125 0.090625 0.184375
10 0.378125 0.91484375 0.128125 0.1703125
1 0.625 0.56171875 0.071875 0.1453125
2 0.6078125 0.5578125 0.0375 0.1375
5 0.621875 0.57109375 0.065625 0.1640625
5 0.621875 0.5796875 0.065625 0.18125
2 0.60625 0.5875 0.034375 0.196875
9 0.64765625 0.60390625 0.1171875 0.2296875
0 0.59296875 0.68828125 0.0078125 0.0296875