6 0.14609375 0.45 0.1390625 0.3
10 0.2875 0.44765625 0.140625 0.3046875
0 0.36328125 0.58125 0.0390625 0.0375
1 0.44609375 0.45625 0.1390625 0.2875
4 0.57265625 0.4015625 0.0671875 0.396875
8 0.6567124334143406 0.4206917443146619 0.10502134042444489 0.3516909594149212
0 0.6890625 0.56171875 0.04375 0.0765625
1 0.7859375 0.43515625 0.14375 0.3296875
1 0.90546875 0.434375 0.1421875 0.33125
6 0.03828125 0.878125 0.0765625 0.24375
4 0.1515625 0.88984375 0.1 0.2203125
0 0.19765625 0.97890625 0.0453125 0.0421875
1 0.26484375 0.89140625 0.1203125 0.2171875
1 0.37890625 0.903125 0.1140625 0.19375
4 0.55703125 0.7578125 0.0359375 0.23125
9 0.6386884788171878 0.7636429034052714 0.08503353590354194 0.23107845048646736
1 0.7411595153863197 0.7708980702065187 0.08685060904180571 0.24204322402541756
2 0.8724095153863198 0.7731890474783472 0.04553462480937505 0.2116466120127088
0 0.6856745412218753 0.869888949265356 0.01631598423243048 0.029960235389503254