2 0.12578125 0.10546875 0.1171875 0.2109375
9 0.2234375 0.1046875 0.16875 0.209375
3 0.33203125 0.09140625 0.1578125 0.1828125
0 0.4078125 0.146875 0.04375 0.084375
1 0.7828125 0.11875 0.153125 0.2375
3 0.88828125 0.1015625 0.1296875 0.203125
0 0.9568981740531338 0.16796875 0.06518974267981754 0.096875
1 0.96171875 0.11015625 0.0765625 0.2203125
4 0.03671875 0.909375 0.0734375 0.18125
8 0.0375 0.88828125 0.075 0.2234375
1 0.11953125 0.87734375 0.1796875 0.2453125
1 0.2546875 0.859375 0.184375 0.28125
3 0.49453125 0.82421875 0.1296875 0.3515625
1 0.665625 0.77734375 0.221875 0.3546875
1 0.81640625 0.75078125 0.2203125 0.3015625
8 0.5203125 0.78515625 0.18125 0.3703125
0 0.6058367554105419 0.90625 0.07623633068109026 0.10625
7 0.48125 0.80546875 0.103125 0.3890625