2 0.3403632048689157 0.15290106182413182 0.08474603919208264 0.28347774122451136
9 0.38515625 0.1515625 0.0296875 0.296875
2 0.42578125 0.06640625 0.0515625 0.1328125
3 0.48359375 0.0703125 0.1203125 0.140625
1 0.5734375 0.0671875 0.121875 0.134375
0 0.6359375 0.025 0.0375 0.05
1 0.684375 0.065625 0.10625 0.13125
1 0.77734375 0.0640625 0.1078125 0.128125
1 0.03203125 0.87734375 0.0640625 0.2453125
2 0.01328125 0.871875 0.0265625 0.25625
1 0.0296875 0.865625 0.059375 0.26875
6 0.02578125 0.85625 0.0515625 0.2875
4 0.04140625 0.85078125 0.0828125 0.2984375
10 0.14361990017091983 0.8361321328194636 0.10542225204506402 0.29656877461060616
0 0.21047008254080027 0.956947086501245 0.019795674452321776 0.036483069279472244
10 0.2430947144358271 0.8957906261555462 0.05252926959604132 0.14203438730530316
6 0.5196786318285198 0.7800485835317441 0.11596729546028879 0.22974498746358768
5 0.6276047920950765 0.7808178101747791 0.10254129295300629 0.2512108105039836
0 0.6760543154520414 0.8873118510827214 0.03619356426490725 0.06350021034569905
1 0.7283633100417651 0.7771041252976162 0.1267229390337981 0.22381323620994653
1 0.838178579242095 0.7621801557807172 0.13884250580598767 0.2647564849563052