3 0.0390625 0.16328125 0.078125 0.3265625
1 0.10859375 0.15390625 0.1703125 0.3078125
1 0.25390625 0.1484375 0.1484375 0.296875
0 0.334352654081769 0.2606705158644786 0.06224655601527189 0.11391833605604162
1 0.4125 0.1515625 0.165625 0.303125
1 0.52734375 0.1359375 0.0828125 0.271875
4 0.59140625 0.12890625 0.0453125 0.2578125
4 0.5953125 0.12578125 0.053125 0.2515625
5 0.62109375 0.11640625 0.0953125 0.2328125
8 0.71328125 0.1109375 0.0796875 0.221875
0 0.7603884427514052 0.22166256725124941 0.020839758672817864 0.04578527868534721
1 0.803125 0.1140625 0.09375 0.228125
3 0.028125 0.86015625 0.05625 0.2796875
2 0.13125 0.86015625 0.04375 0.2796875
8 0.25234375 0.85078125 0.0890625 0.2984375
1 0.37421875 0.85078125 0.1109375 0.2984375
0 0.30546875 0.98359375 0.0203125 0.0328125
1 0.51171875 0.85078125 0.1140625 0.2984375
1 0.81328125 0.6828125 0.1359375 0.165625
8 0.69609375 0.68515625 0.0984375 0.1703125
0 0.87890625 0.61953125 0.0640625 0.0390625
6 0.9421875 0.684375 0.115625 0.16875