3 0.24140625 0.271875 0.2390625 0.375
1 0.31640625 0.21953125 0.1046875 0.4015625
5 0.4421875 0.36171875 0.146875 0.1953125
1 0.4734375 0.3296875 0.209375 0.259375
1 0.6375 0.29765625 0.30625 0.3234375
1 0.81796875 0.27890625 0.2984375 0.3609375
5 0.05859375 0.840625 0.1171875 0.31875
4 0.04609375 0.82265625 0.0921875 0.3546875
1 0.071875 0.76953125 0.14375 0.3671875
3 0.1565898282151192 0.7070857143510014 0.19610619600113388 0.34237601687504104
0 0.009375 0.9359375 0.01875 0.05
2 0.4891989754900467 0.8364706910221745 0.13620042794496676 0.23572422359113004
10 0.5536607795737307 0.8232687973754441 0.1380903101589519 0.24515378729346118
5 0.6413145469969259 0.8022171981937507 0.1359276094333124 0.22791172359113024
1 0.7378621647829408 0.7894592486492377 0.13480161905195925 0.2403571598887993
1 0.8239807140573013 0.7692434631698751 0.14428574645662096 0.24380954210278444
0 0.7079961047088069 0.8749800863981856 0.05127481252120454 0.08294147477225663