3 0.05546875 0.2390625 0.1109375 0.38125
4 0.04453125 0.24375 0.0890625 0.371875
1 0.1765625 0.24453125 0.1875 0.3703125
1 0.37578125 0.2359375 0.1890625 0.3875
6 0.61171875 0.06640625 0.1234375 0.1328125
3 0.72265625 0.05546875 0.0984375 0.1109375
1 0.83046875 0.059375 0.1046875 0.11875
1 0.9265625 0.0609375 0.1125 0.121875
0 0.775 0.0171875 0.040625 0.034375
1 0.02734375 0.7828125 0.0546875 0.321875
1 0.025 0.78359375 0.05 0.2953125
1 0.03828125 0.79609375 0.0765625 0.2984375
6 0.13623614001918138 0.7983744568782635 0.0941899253226639 0.2958229526972918
5 0.24543386201600406 0.8059849754956246 0.09219104869945838 0.27078658510611114
3 0.3468190840128269 0.8137773320688882 0.08624105762791227 0.287828614741389
9 0.45064351339597586 0.8160463872553813 0.09081946347211094 0.28168771751493066
0 0.3897042390462467 0.9517851719246522 0.009729556006354478 0.02053070554708327
4 0.60546875 0.684375 0.1109375 0.509375
5 0.6515625 0.696875 0.203125 0.534375
0 0.723070118105084 0.8974288995075691 0.07411143019392785 0.12979790919430556
1 0.87578125 0.69453125 0.2203125 0.5296875