3 0.078125 0.090625 0.15625 0.18125
8 0.23671875 0.08828125 0.1578125 0.1765625
6 0.334375 0.08046875 0.06875 0.1609375
7 0.46953125 0.184375 0.2015625 0.36875
7 0.6671875 0.19296875 0.246875 0.3515625
3 0.05625 0.59609375 0.1125 0.4546875
1 0.13738251158659764 0.6011782432625047 0.23507382275701422 0.43412151170746505
4 0.284375 0.625 0.16875 0.46875
0 0.35 0.79375 0.0375 0.1125
2 0.5013495201359724 0.5724578247427898 0.12035539969500028 0.3381545058537325
10 0.6018041150257294 0.5925708577238853 0.1576735617390975 0.33056017447164326
4 0.74233884925816 0.6230719448615111 0.1380156783803475 0.35856699980360834
0 0.777951653779063 0.7435753424021831 0.055270687879652766 0.09249657220870695
1 0.8572923552420836 0.6620167910743232 0.1568747811538893 0.36336358411256364
2 0.96875 0.66328125 0.0625 0.3078125