3 0.04765625 0.18671875 0.0953125 0.1640625
8 0.0453125 0.18984375 0.090625 0.1578125
6 0.07265625 0.1828125 0.1453125 0.171875
1 0.21640625 0.1609375 0.1984375 0.215625
1 0.3578125 0.15390625 0.184375 0.2296875
4 0.7859375 0.215625 0.128125 0.10625
3 0.890625 0.2 0.146875 0.1375
1 0.96328125 0.1859375 0.0734375 0.165625
2 0.2729742179340534 0.7018143019573656 0.1294507854311589 0.31546246268299927
2 0.40234375 0.66875 0.0953125 0.309375
6 0.5798810989711504 0.5564916166056847 0.17241117524374444 0.34251585868872636
6 0.7515658823572451 0.5341882605824584 0.15669524703049903 0.33920904535327184
0 0.8313179153476286 0.6652468092377772 0.031096887305303154 0.04878294533736351
1 0.90625 0.515625 0.1875 0.371875