3 0.25177281934597917 0.21171875 0.20889424452321662 0.359375
6 0.37857100006650696 0.23046875 0.19405885471063122 0.3328125
0 0.4153088189502677 0.3640625 0.07487563103709682 0.103125
8 0.528352039720808 0.26484375 0.20912156505633012 0.3671875
7 0.6515625 0.2890625 0.196875 0.34375
2 0.80234375 0.16875 0.1046875 0.3375
2 0.80703125 0.17421875 0.1140625 0.3484375
10 0.81015625 0.19921875 0.1203125 0.3984375
3 0.81015625 0.2171875 0.1203125 0.409375
0 0.76171875 0.37265625 0.0234375 0.0609375
8 0.8109375 0.22265625 0.121875 0.3890625
8 0.10078125 0.72578125 0.2015625 0.2140625
2 0.3078125 0.74375 0.1375 0.25
0 0.3108449763138307 0.853125 0.045477636051661816 0.059375
1 0.46875 0.7609375 0.2375 0.284375
3 0.63203125 0.7890625 0.2359375 0.340625
1 0.93046875 0.70390625 0.1390625 0.1703125
6 0.83671875 0.69765625 0.1734375 0.1578125
4 0.79609375 0.7046875 0.0921875 0.171875
3 0.79921875 0.70078125 0.0984375 0.1640625
0 0.8553571574300698 0.69453125 0.071750631037097 0.103125