3 0.14140625 0.2140625 0.1359375 0.33125
6 0.2703125 0.21586336445163612 0.1265625 0.32252165665497756
0 0.334375 0.334375 0.05625 0.090625
8 0.42421875 0.209375 0.1359375 0.340625
7 0.55625 0.21484375 0.1375 0.3296875
10 0.90625 0.21200375324970616 0.078125 0.20292617694751697
6 0.9765625 0.215625 0.046875 0.184375
6 0.3 0.5503940974055075 0.13125 0.3147909772718286
8 0.4234375 0.53671875 0.115625 0.3140625
0 0.4671875 0.6451320787378212 0.05 0.08368525324641088
1 0.540625 0.5336939724071551 0.14375 0.2962591655834313
2 0.6578125 0.52734375 0.0625 0.2890625
7 0.70703125 0.84140625 0.0359375 0.1609375
7 0.70546875 0.83359375 0.0328125 0.1890625
7 0.734375 0.8419349407505299 0.06875 0.1637000357138149
8 0.8 0.8345394521146158 0.0609375 0.15887616801906326
0 0.69765625 0.89921875 0.0171875 0.0453125