4 0.0671875 0.1375 0.134375 0.275
0 0.20182415235736065 0.18565559812079818 0.10185605357097227 0.14916615824437507
1 0.13671875 0.13671875 0.2703125 0.2734375
1 0.33984375 0.1234375 0.2203125 0.246875
1 0.47578125 0.05625 0.0515625 0.1125
1 0.509375 0.05703125 0.109375 0.1140625
2 0.6125 0.05078125 0.0625 0.1015625
4 0.6765625 0.05625 0.10625 0.1125
7 0.75703125 0.05546875 0.1015625 0.1109375
5 0.840625 0.05390625 0.103125 0.1078125
4 0.92578125 0.05390625 0.0953125 0.1078125
10 0.97734375 0.05625 0.0453125 0.1125
0 0.9400320139646177 0.036722563167186806 0.01787848423243048 0.030087543502986237
7 0.2703125 0.44921875 0.203125 0.1609375
5 0.3859375 0.4453125 0.128125 0.153125
0 0.42578125 0.43828125 0.0484375 0.0984375
6 0.52109375 0.60390625 0.1421875 0.4703125
10 0.51328125 0.61171875 0.1265625 0.4703125
0 0.46875 0.7890625 0.0375 0.125
1 0.575 0.62578125 0.25 0.4421875
1 0.7456826019205203 0.6708611738245132 0.24975457180708371 0.4649392414506252