4 0.0578125 0.1546875 0.115625 0.309375
1 0.1109375 0.1546875 0.221875 0.309375
1 0.33046875 0.1546875 0.2328125 0.309375
1 0.50703125 0.1546875 0.1859375 0.309375
5 0.78046875 0.2359375 0.2046875 0.146875
1 0.03515625 0.50859375 0.0703125 0.3109375
4 0.03125 0.509375 0.0625 0.315625
6 0.0546875 0.528125 0.109375 0.315625
6 0.21629705636111876 0.5348048372526473 0.1339682945498552 0.3037171095770768
3 0.13033227450995327 0.5340860426103785 0.11817960344286256 0.29875687418757335
0 0.2462523964723194 0.6619673551095546 0.030362111795565028 0.0645534237011061
10 0.30503217414713363 0.5457344289728165 0.12528277531256152 0.2785807418823252
7 0.71015625 0.50625 0.2203125 0.39375
8 0.890625 0.51875 0.21875 0.41875
1 0.97109375 0.521875 0.0578125 0.425