3 0.21484375 0.19453125 0.1578125 0.2890625
4 0.40078125 0.17890625 0.1296875 0.3203125
6 0.56328125 0.17890625 0.1203125 0.3203125
0 0.6359375 0.31328125 0.046875 0.0515625
10 0.68203125 0.23359375 0.0453125 0.2109375
9 0.6828125 0.2359375 0.046875 0.20625
6 0.690625 0.2375 0.0625 0.203125
6 0.78515625 0.2390625 0.0734375 0.2
6 0.1265625 0.6291501270526083 0.1265625 0.26636131908544913
3 0.2390625 0.6019331211988759 0.0953125 0.2224295119038567
1 0.34609375 0.587247931601922 0.1 0.23808178298109545
1 0.440625 0.5726354648776051 0.1078125 0.2428147347764936
0 0.29765625 0.6812797327333902 0.0390625 0.07053975897699054
7 0.7046875 0.64140625 0.090625 0.5234375
4 0.7015625 0.64296875 0.084375 0.5203125
0 0.69609375 0.86015625 0.0734375 0.1484375
4 0.8328125 0.6491343323640478 0.178125 0.5010363009350763
9 0.97734375 0.64140625 0.0453125 0.4984375