5 0.21796875 0.10078125 0.2515625 0.2015625
5 0.51015625 0.13984375 0.1578125 0.2796875
6 0.39375 0.1234375 0.246875 0.246875
0 0.42908603872986417 0.21770895206076996 0.07188702335696498 0.10861247867599957
3 0.65 0.1859375 0.121875 0.253125
4 0.7267924498543508 0.21869983473899665 0.14927990063313815 0.24540450135263542
4 0.8181448755603136 0.24475435208463248 0.13999582884638356 0.24842041335136286
0 0.8372107757977405 0.3363515060868597 0.052045884798020484 0.07089430267345413
1 0.9101648909997199 0.26691171009704096 0.14780832884638356 0.24851132001909004
1 0.96484375 0.2984375 0.0703125 0.24375
2 0.09375 0.7390625 0.175 0.31875
2 0.253125 0.74140625 0.14375 0.3234375
3 0.3569178705457487 0.7661020934118146 0.19666702916295264 0.3709135786919079
0 0.40632214014179 0.9072543520846323 0.06164820533113406 0.07881589067472686
1 0.50078125 0.8015625 0.1765625 0.375
3 0.6171875 0.7046875 0.05625 0.20625
3 0.61953125 0.72734375 0.0609375 0.2171875
2 0.6399623880967259 0.7838532147517234 0.07098976458147632 0.18513861600890866
1 0.710206691936792 0.7823276247612684 0.12341608260730723 0.21542610001590834
1 0.8017182420159342 0.8138508921069041 0.11354097743445771 0.19812951201463572
0 0.6484401293212374 0.8604884400859051 0.01800585391920819 0.028324994668999893