5 0.10606642840830283 0.28515625 0.19383436787083283 0.315625
5 0.36557534846390316 0.3484375 0.17571928493120836 0.2890625
6 0.24573656361751284 0.3125 0.19087305897782542 0.3203125
0 0.2690599578123975 0.45 0.05456350362819702 0.0859375
7 0.50703125 0.35234375 0.1984375 0.2953125
7 0.8546875 0.0875 0.21875 0.175
4 0.93984375 0.0921875 0.1203125 0.184375
0 0.984375 0.0765625 0.03125 0.1125
7 0.05390625 0.64921875 0.1078125 0.2984375
4 0.13984375 0.6640625 0.2078125 0.328125
0 0.1645138123515685 0.796875 0.07218751324684387 0.0984375
1 0.2953125 0.68125 0.225 0.3625
1 0.44647562968209636 0.709375 0.22575897966639785 0.3796875
4 0.96171875 0.6015625 0.0765625 0.203125
2 0.70390625 0.5375 0.0296875 0.075
9 0.71640625 0.54453125 0.0546875 0.0890625