8 0.2828125 0.13984375 0.225 0.2796875
2 0.44609375 0.1203125 0.2015625 0.240625
0 0.5345524345958215 0.17828806835503527 0.07491018801718105 0.12869931301126591
1 0.52890625 0.10859375 0.1203125 0.2171875
1 0.62421875 0.32421875 0.0703125 0.2296875
4 0.62421875 0.303125 0.0703125 0.2375
5 0.62421875 0.28203125 0.0703125 0.2203125
1 0.63359375 0.26484375 0.0890625 0.2421875
2 0.7032757099379574 0.25292670401098577 0.11337379869508961 0.21260295157021042
0 0.7563183465945487 0.32871396568946826 0.03499316534054522 0.05412521034569906
7 0.77936604260823 0.22856921318218584 0.14173515603118042 0.2337338054894186
5 0.0578125 0.575 0.115625 0.271875
1 0.10859375 0.55703125 0.2171875 0.2359375
2 0.26484375 0.52734375 0.1515625 0.1765625
0 0.3127683412635487 0.580623458167621 0.03344884667409058 0.05564224623907634
1 0.36640625 0.52265625 0.1921875 0.1671875
5 0.7716899026098207 0.774047883082161 0.12269425469445334 0.20818823620994636
5 0.8577637626114116 0.7648296589464085 0.1304885733609078 0.20685305674305976
0 0.9016313939370029 0.8231566359851549 0.04298747867599957 0.06997753087881228
1 0.93515625 0.7515625 0.1296875 0.23125