8 0.13203125 0.09140625 0.1828125 0.1828125
2 0.28984375 0.09140625 0.1390625 0.1828125
0 0.33125 0.09453125 0.05625 0.1234375
6 0.54296875 0.0546875 0.1015625 0.109375
6 0.6328125 0.053125 0.103125 0.10625
0 0.66328125 0.01015625 0.0296875 0.0203125
1 0.715625 0.059375 0.115625 0.11875
1 0.80625 0.053125 0.103125 0.10625
6 0.315625 0.596875 0.0875 0.296875
7 0.4265625 0.54921875 0.134375 0.3390625
2 0.5489136381196169 0.5608967585932761 0.12125003974053179 0.29660337468172665
0 0.5645981471052915 0.6708257419239579 0.05661707694917482 0.10061816534054521
9 0.6413094692451429 0.5762212192473222 0.15984131378714891 0.3282897266868172
9 0.7628298051799923 0.5849593252307774 0.16765381378714891 0.3283806333545446