4 0.059375 0.23125 0.11875 0.4625
5 0.0578125 0.2484375 0.115625 0.496875
0 0.01953125 0.42890625 0.0390625 0.1328125
1 0.071875 0.24921875 0.14375 0.4984375
1 0.22109375 0.265625 0.2171875 0.53125
5 0.544982632301953 0.21069196571197873 0.12829218993316047 0.2809980397032639
10 0.6908036469124497 0.19166659593659663 0.11705468100470676 0.26355596656499997
0 0.7451792755642499 0.306854531632048 0.024037517856907442 0.03492051386770836
1 0.8302479764577544 0.21030488032152714 0.13733990746575647 0.26246624525034734
8 0.26328125 0.63515625 0.1328125 0.1921875
2 0.76796875 0.575 0.0359375 0.071875
8 0.825 0.578125 0.053125 0.078125
3 0.88671875 0.578125 0.0609375 0.078125
0 0.9191235158250173 0.5818922056439926 0.014498876623205348 0.025327308320625085
1 0.959375 0.578125 0.0625 0.078125