4 0.04453125 0.375 0.0890625 0.325
5 0.14418201704283326 0.3542127178044714 0.14893197240056466 0.2977113130353247
1 0.2578125 0.31171875 0.103125 0.3171875
0 0.22314854261037853 0.44673149503003023 0.03217730032431163 0.05330680718159222
5 0.4585951189092724 0.3128211451047851 0.21263200811437954 0.3668249273985095
7 0.5931922613607904 0.28000357904439815 0.1972251964259822 0.3792340238077134
0 0.6883428944768177 0.4044627026791609 0.07992505357072233 0.10357951795398072
1 0.7363967905817836 0.24791726600907324 0.20950700811437956 0.3668067466803503
2 0.8744910799490466 0.19163947405098733 0.16233199918592583 0.34934653590796183
2 0.2078125 0.6921875 0.15625 0.20625
8 0.26640625 0.696875 0.0859375 0.215625
9 0.7098769752399384 0.7968688921779188 0.1857967727248763 0.3510453912941561
5 0.8380604764577544 0.7547126875538503 0.16644675486796867 0.31656130698520074
1 0.9390625 0.7578125 0.121875 0.30625
0 0.915187812495881 0.8761513503180287 0.06586255357072232 0.10349770472226431