4 0.1921875 0.078125 0.10625 0.15625
5 0.32578125 0.071875 0.0859375 0.14375
2 0.5828125 0.21472942154340258 0.090625 0.35679682028847226
8 0.7078125 0.231351264248958 0.1578125 0.3364856267092362
3 0.85 0.26241681345152734 0.153125 0.32387652393569455
0 0.90703125 0.38765189637343694 0.059375 0.09200696846486131
4 0.9640625 0.26484375 0.071875 0.3390625
2 0.16640625 0.75234375 0.0796875 0.3046875
9 0.27265625 0.74453125 0.1234375 0.2890625
0 0.3296875 0.855238786666041 0.0484375 0.0901898953265972
2 0.49375 0.75 0.1375 0.3
10 0.68125 0.74765625 0.21875 0.2953125
10 0.90625 0.7453125 0.1875 0.290625
0 0.978125 0.8171875 0.04375 0.159375