5 0.18954632630218918 0.32890092695081224 0.1565535576279123 0.2885830332781829
7 0.3078125 0.3359375 0.134375 0.2875
0 0.353125 0.4421875 0.05625 0.075
6 0.87890625 0.1046875 0.1234375 0.209375
5 0.97578125 0.0921875 0.0484375 0.184375
3 0.05546875 0.67578125 0.1109375 0.3671875
8 0.1816110953769126 0.6938968612052252 0.15684565827653535 0.3948057597392326
1 0.33990483644845887 0.7083160970017657 0.17249793181548584 0.3966409951287361
1 0.48046875 0.71796875 0.1390625 0.3703125
0 0.23842238271558075 0.8397354667251123 0.048265950486467445 0.08050570616851012
3 0.5890625 0.653125 0.078125 0.346875
8 0.58671875 0.68359375 0.0734375 0.3546875
6 0.58359375 0.68125 0.0671875 0.321875
0 0.5970667256535661 0.8246383465947286 0.059858015421275466 0.11819662094116268
1 0.698603726464345 0.6900939768713821 0.16553881980277688 0.35590690097293454
1 0.8527866659937636 0.7163001465152984 0.18135473457542908 0.36711713636243815