4 0.3093307938842358 0.40896845236163315 0.09807904977125012 0.2558073822907382
3 0.4156353452710066 0.4097162616119755 0.11392225531833358 0.265637023356965
0 0.46219926111482595 0.52521088097059 0.05534342306201392 0.09685827962517113
1 0.50390625 0.4234375 0.0703125 0.290625
4 0.6671875 0.24375 0.196875 0.4875
5 0.8662341041047219 0.23721312430667235 0.18551023385118093 0.45665447994174035
0 0.936088743163055 0.42687266937124974 0.061920731382639004 0.11110263605166182
1 0.97734375 0.27265625 0.0453125 0.4671875
4 0.1171875 0.81484375 0.196875 0.2515625
5 0.315625 0.803125 0.184375 0.228125
0 0.38515625 0.740625 0.0609375 0.103125
1 0.471875 0.80546875 0.134375 0.2328125