4 0.02421875 0.07421875 0.0484375 0.1484375
3 0.028125 0.08125 0.05625 0.1625
0 0.0125 0.1484375 0.025 0.08125
1 0.05390625 0.0984375 0.1078125 0.196875
2 0.16171875 0.11953125 0.1171875 0.2390625
10 0.7296875 0.0359375 0.065625 0.071875
4 0.8 0.04765625 0.075 0.0953125
1 0.871875 0.0515625 0.071875 0.103125
3 0.94140625 0.06328125 0.0703125 0.1265625
0 0.8247564253431247 0.08320194663410616 0.019477351823611145 0.03190476442797028
4 0.1046875 0.77890625 0.19375 0.2203125
0 0.3296875 0.69765625 0.075 0.0578125
1 0.26953125 0.778125 0.1953125 0.21875
1 0.4015625 0.7671875 0.096875 0.196875
1 0.4828125 0.878125 0.065625 0.24375
1 0.4828125 0.88515625 0.065625 0.2296875
4 0.4796875 0.896875 0.059375 0.20625
4 0.478125 0.9046875 0.05625 0.190625
2 0.4953125 0.9265625 0.0625 0.146875
1 0.54453125 0.9234375 0.1171875 0.153125
1 0.63203125 0.93046875 0.1140625 0.1390625