7 0.328125 0.29921875 0.1625 0.3015625
5 0.7515625 0.31328125 0.240625 0.2734375
10 0.89296875 0.2859375 0.2140625 0.328125
0 0.97421875 0.41484375 0.0515625 0.0703125
7 0.965625 0.2765625 0.06875 0.346875
8 0.28984375 0.90859375 0.2109375 0.1828125
2 0.440625 0.63203125 0.0625 0.2546875
5 0.4421875 0.6140625 0.065625 0.234375
7 0.4867416639585782 0.6027145280064725 0.1488774253226639 0.2962591655834313
0 0.550428062902918 0.6695923364484588 0.0497466298696164 0.07584547970746058
0 0.58671875 0.5671875 0.1578125 0.234375