4 0.040625 0.3375 0.08125 0.303125
4 0.08847157969086838 0.3344271407363236 0.14415526918604193 0.29073910580511536
1 0.1855277644363893 0.3120561221320021 0.13605182845659733 0.277966287293461
0 0.25669620924989633 0.41836317503455983 0.055270687879652766 0.09404266587924912
1 0.290851044071667 0.3094891720393349 0.14698932845659735 0.2783482332097771
1 0.3980998464083684 0.2890353175001639 0.1493506090418057 0.2456448606144388
3 0.82265625 0.04453125 0.0890625 0.0890625
8 0.8765625 0.03515625 0.0625 0.0703125
0 0.9026068148732296 0.04987358066218981 0.01802395459715278 0.03653770072563951
1 0.92109375 0.03515625 0.0703125 0.0703125
1 0.9703125 0.028125 0.059375 0.05625
7 0.134375 0.69921875 0.26875 0.4203125
8 0.3 0.68046875 0.2125 0.3828125
0 0.37121134450850735 0.8153200205880561 0.06962412860909736 0.10703373920022674
1 0.43203125 0.68125 0.2140625 0.384375
1 0.50078125 0.6734375 0.0765625 0.36875
2 0.575 0.79765625 0.071875 0.2890625
2 0.709803025454306 0.7897644598809501 0.15429398860083357 0.3238789880191003
1 0.8335671805645489 0.7745710242162531 0.20211454597152817 0.3661408990890262
1 0.93125 0.775 0.1375 0.378125
10 0.58984375 0.790625 0.1015625 0.29375
0 0.7762294188810422 0.8935640716765152 0.056614982332569494 0.08472222958158007