4 0.196875 0.23515625 0.153125 0.2671875
4 0.30390625 0.234375 0.1328125 0.26875
1 0.37890625 0.21875 0.0796875 0.275
1 0.784375 0.31484375 0.196875 0.1078125
3 0.928125 0.2921875 0.14375 0.153125
3 0.0375 0.7171875 0.075 0.315625
6 0.03671875 0.696875 0.0734375 0.296875
7 0.03671875 0.67265625 0.0734375 0.2765625
0 0.07890625 0.7692519105246831 0.0390625 0.06428975897699037
1 0.12109375 0.6635377208295334 0.1359375 0.28047836123992675
2 0.24296875 0.6253286728213233 0.1125 0.2678420058537325
7 0.525 0.7757433259211401 0.20625 0.33401242739850956
2 0.69296875 0.7653911123200812 0.1296875 0.35544199980360813
0 0.75546875 0.8931524979568966 0.0625 0.10036361436318479
1 0.8109375 0.7537672902095701 0.1796875 0.3822953912941561
1 0.9234375 0.7171875 0.153125 0.35