4 0.0359375 0.16796875 0.071875 0.3359375
6 0.1453125 0.14375 0.13125 0.2875
0 0.2322151407049809 0.2553019655072964 0.034647710772388506 0.04747501785690744
1 0.30078125 0.1296875 0.1359375 0.259375
1 0.46484375 0.11484375 0.1515625 0.2296875
2 0.878125 0.1421875 0.128125 0.284375
8 0.95390625 0.15078125 0.0921875 0.3015625
2 0.25390625 0.56953125 0.1421875 0.2203125
1 0.3703125 0.56015625 0.184375 0.2015625
9 0.49921875 0.5609375 0.1390625 0.203125
5 0.7242112222834617 0.7617600657488823 0.15189988504764013 0.3291807597392326
9 0.8945737192583996 0.7673810000032952 0.14272487294739164 0.3633921185055307
0 0.9616299299325923 0.8779406245979058 0.02991475897699054 0.039580697240056396