4 0.06015625 0.17265625 0.1203125 0.2734375
6 0.18363901988879766 0.14995156566760345 0.10781604869945846 0.2693499636992548
0 0.2504525986233235 0.26128904146710663 0.027217064934808022 0.03765453610435347
1 0.30970664204777626 0.13427708957351267 0.11080468100470675 0.2615556444174141
1 0.43828125 0.121875 0.1234375 0.24375
1 0.53359375 0.03671875 0.0296875 0.0734375
4 0.53359375 0.0375 0.0296875 0.075
5 0.534375 0.034375 0.03125 0.06875
1 0.534375 0.03828125 0.03125 0.0765625
2 0.5296875 0.034375 0.021875 0.06875
0 0.521875 0.0265625 0.00625 0.034375
7 0.53359375 0.03671875 0.0296875 0.0734375
6 0.040625 0.571875 0.08125 0.20625
8 0.10979241680454255 0.5703004271039219 0.07975350405718977 0.1832579275949012
0 0.14835431047387662 0.6439697312604522 0.04207049756436802 0.08304884933607007
1 0.1841884448077197 0.5605759691602038 0.09241714529089187 0.19270565046753826
2 0.27345549634984734 0.5493753696277419 0.06569100405718978 0.1831761143631847
1 0.559375 0.6453125 0.08125 0.346875
1 0.55546875 0.63203125 0.0734375 0.3578125
1 0.55625 0.6453125 0.075 0.35
7 0.57109375 0.6359375 0.1046875 0.33125
9 0.661499192779125 0.6386242219888741 0.14624334902377 0.3226931323171655
1 0.7570162443212525 0.6274599838927308 0.13815811363426658 0.30702268052176757
0 0.8274633376662749 0.754445185589933 0.03376707386326192 0.05487839754067192
5 0.8655554472433516 0.6312167638487642 0.15183878408896198 0.28522949375348394