3 0.06796875 0.159375 0.1359375 0.31875
3 0.12734375 0.17578125 0.2546875 0.3515625
1 0.3140625 0.19375 0.259375 0.3875
1 0.45234375 0.2125 0.1734375 0.425
0 0.35370607772575635 0.34081952124445863 0.09260870031656906 0.12291133601209037
4 0.58984375 0.103125 0.1015625 0.20625
4 0.9078125 0.14453125 0.184375 0.2890625
7 0.75078125 0.12265625 0.2046875 0.2453125
7 0.621875 0.10234375 0.165625 0.2046875
0 0.6471354804704657 0.168608713916322 0.053972097651002214 0.08341248400699967
6 0.02734375 0.85546875 0.0546875 0.1921875
1 0.02890625 0.86953125 0.0578125 0.1921875
0 0.020845765110201774 0.9450268579328668 0.03315949247815268 0.06598862667090888
1 0.07795122294861834 0.8881314205920035 0.10126829796757128 0.20579656134627217
1 0.15201084857543892 0.8927365572485948 0.10715458511458972 0.1933692866804538
8 0.6109375 0.78828125 0.14375 0.4234375
5 0.7234375 0.80390625 0.234375 0.3921875
0 0.76171875 0.9625 0.0765625 0.075
6 0.871875 0.809375 0.25625 0.38125
4 0.96171875 0.82109375 0.0765625 0.3578125