3 0.10703125 0.13203125 0.2140625 0.2640625
3 0.2734375 0.1171875 0.225 0.234375
7 0.60546875 0.1234375 0.1828125 0.246875
7 0.77109375 0.10390625 0.1421875 0.2078125
0 0.84921875 0.13874866745919973 0.0421875 0.06997753087881228
1 0.9109375 0.11328125 0.178125 0.2265625
4 0.12734375 0.777653357746639 0.1421875 0.32444973370266406
4 0.3078125 0.7466210034317193 0.140625 0.3087792695960413
10 0.22265625 0.7655050472426554 0.13125 0.2803814849563052
8 0.371875 0.7234375 0.05625 0.271875
2 0.0109375 0.7609375 0.021875 0.153125
9 0.0234375 0.7546875 0.046875 0.178125
5 0.54296875 0.6671875 0.1765625 0.35625
5 0.6921875 0.64921875 0.165625 0.3203125
0 0.78671875 0.7774845585254265 0.04375 0.065335494985435
1 0.853125 0.65078125 0.184375 0.3234375
3 0.96328125 0.63671875 0.0734375 0.2953125