3 0.0390625 0.20625 0.078125 0.290625
3 0.16379277176460993 0.21330661137454862 0.09693967427525152 0.2824608105039836
9 0.29030527478967194 0.22558295401098585 0.09376922247985356 0.2745573822907382
0 0.34979338339732013 0.3421770721159591 0.020521578258831143 0.036528533386094963
1 0.4270194796101322 0.23034231334047045 0.10471581283893308 0.2764381310370968
1 0.5418632296101322 0.2336839251772375 0.09841127068445558 0.2668812746106063
3 0.6890625 0.128125 0.178125 0.25625
3 0.96875 0.13671875 0.0625 0.2734375
2 0.87734375 0.1296875 0.1328125 0.259375
3 0.2008165696746242 0.6903488330030187 0.13475783684303816 0.3382394490629279
4 0.32964555162244746 0.7073808717993899 0.1331135236113216 0.32413148495630517
1 0.55078125 0.7078125 0.0984375 0.303125
1 0.44769611485416405 0.6967509118494023 0.10631467427525151 0.28273359514371965
0 0.49461604576871504 0.8247000671013941 0.026898843285945873 0.05858538981258565
6 0.63984375 0.80078125 0.0796875 0.3984375
1 0.64296875 0.80234375 0.0859375 0.3953125
1 0.83046875 0.8046875 0.1546875 0.390625
1 0.9796875 0.8046875 0.040625 0.390625
0 0.7046875 0.98515625 0.028125 0.0296875