3 0.0453125 0.2859375 0.090625 0.290625
3 0.175 0.2904598108940255 0.1 0.28183178298109546
9 0.3015625 0.30066099180857647 0.096875 0.2740011022629362
0 0.359375 0.4167308985226306 0.021875 0.03606476502711473
1 0.43828125 0.30299058538910995 0.1078125 0.2740647347764936
1 0.515625 0.30390625 0.028125 0.2671875
1 0.55703125 0.3640625 0.0546875 0.296875
1 0.634375 0.3730183017206433 0.1125 0.3100295058537325
9 0.7359375 0.38180242838046813 0.11875 0.310065867290051
8 0.84296875 0.3882109887835144 0.1078125 0.3021897347764936
1 0.934375 0.4103354527773567 0.1203125 0.2897624576491305
7 0.034375 0.82109375 0.06875 0.1828125
9 0.05078125 0.81875 0.1015625 0.178125
0 0.10078125 0.7421875 0.0296875 0.025
8 0.2234375 0.81953125 0.125 0.1796875
3 0.384375 0.8234375 0.146875 0.1875
4 0.80859375 0.86484375 0.1453125 0.2703125
2 0.9515625 0.865625 0.096875 0.26875