3 0.35316472785229946 0.1501575186413519 0.11841272721932725 0.21470791549465282
3 0.43848466895929195 0.15434959407151272 0.08500002649368774 0.1973295179539809
6 0.47734375 0.1640625 0.0234375 0.2125
0 0.4734375 0.240625 0.03125 0.05625
3 0.56796875 0.35 0.1578125 0.3375
5 0.7081374592479779 0.39134560002344115 0.1530655241314351 0.3570681323171655
1 0.8385070055271135 0.41012235021983284 0.15937008783376605 0.35866699375348415
0 0.8864856924577549 0.5309615701656035 0.04540675843752044 0.09243293969514958
1 0.9421875 0.41015625 0.115625 0.3390625
2 0.30078125 0.78046875 0.0703125 0.1421875
9 0.4078125 0.78984375 0.153125 0.1609375
3 0.7796875 0.7875 0.18125 0.15625
3 0.92265625 0.78671875 0.1171875 0.1546875
1 0.9703125 0.79609375 0.059375 0.1734375