3 0.3185634448077198 0.29901913935036717 0.11938874837514693 0.21898934389007838
3 0.403197543427748 0.2866304511079919 0.0847137394466932 0.2008016335443795
6 0.4838026611224997 0.28115935259906 0.10842397483619663 0.21710859514371963
5 0.56875 0.27890625 0.1 0.2140625
0 0.45419125324970616 0.3654972486798518 0.03223184740221221 0.05715928213245362
3 0.69140625 0.40078125 0.1453125 0.3703125
2 0.833946937097082 0.3690397858268703 0.13144446347211095 0.2833700926364372
2 0.9438537711066136 0.341753523290458 0.10027628408896198 0.2871483105039836
0 0.984375 0.4375 0.03125 0.09375
6 0.10390625 0.7875 0.1328125 0.15625
5 0.24609375 0.7828125 0.1296875 0.146875
0 0.3140625 0.72109375 0.034375 0.0234375
9 0.3890625 0.7859375 0.15 0.153125
7 0.5234375 0.78359375 0.14375 0.1484375
4 0.76875 0.85 0.15625 0.28125
6 0.9234375 0.828125 0.140625 0.2375
0 0.9953125 0.91484375 0.009375 0.0484375