6 0.0484375 0.17578125 0.096875 0.3515625
1 0.04296875 0.175 0.0859375 0.35
1 0.11171875 0.18359375 0.1703125 0.3671875
1 0.28828125 0.18046875 0.2109375 0.3609375
0 0.02538836891586298 0.326527701206223 0.05037392126547413 0.11121930113146802
3 0.49296875 0.4453125 0.0671875 0.34375
3 0.6774417926169691 0.4068333456236369 0.12601266964062105 0.32726245764913064
1 0.53046875 0.4265625 0.1421875 0.34375
1 0.8250707690780187 0.40925488455666076 0.14541723457542907 0.364871541958086
1 0.9515625 0.390625 0.096875 0.340625
0 0.7464082065788425 0.5291219569617596 0.04031708279171564 0.07210225897699055
8 0.38125 0.965625 0.13125 0.06875
5 0.81484375 0.86796875 0.1578125 0.1765625
1 0.94609375 0.8703125 0.1078125 0.18125