6 0.1 0.11171875 0.2 0.2234375
1 0.190625 0.1109375 0.1375 0.221875
0 0.24921875 0.20234375 0.0203125 0.1171875
6 0.562061201108027 0.28280280793937534 0.1248737767345796 0.2497480397032641
7 0.6640625 0.31015625 0.128125 0.2390625
1 0.7671875 0.33359375 0.13125 0.1921875
1 0.871875 0.353125 0.140625 0.153125
0 0.68515625 0.42109375 0.0234375 0.0171875
6 0.1647271379745064 0.7629091884483337 0.16746125253408267 0.31947996466513906
8 0.2265625 0.79140625 0.065625 0.3015625
7 0.3903089209556019 0.7113791367772224 0.2555975776696561 0.4308915497712501
3 0.5452827672666098 0.7641982783040977 0.23212371623333752 0.42409603590354195
0 0.5820793061996337 0.9126909829012504 0.08034200585373252 0.11435474715020852
1 0.711071393730043 0.7961782429692367 0.25071918012898403 0.3979699469977085
2 0.88828125 0.81875 0.2078125 0.3625