6 0.0640625 0.37109375 0.128125 0.4765625
10 0.140625 0.38984375 0.228125 0.4390625
0 0.2015625 0.5625 0.071875 0.09375
1 0.3296875 0.40078125 0.23125 0.4171875
1 0.50546875 0.41484375 0.2234375 0.3890625
2 0.9288785401165194 0.080057061685102 0.04489862602253201 0.14758411201270888
8 0.9765625 0.0859375 0.046875 0.159375
5 0.21328125 0.678125 0.1390625 0.1375
2 0.3828125 0.68125 0.090625 0.14375
0 0.39636259065788015 0.6752486051095546 0.029307066772189572 0.0411159237011061
1 0.490625 0.6875 0.159375 0.15625
7 0.84921875 0.65546875 0.1078125 0.0921875
6 0.93984375 0.659375 0.0953125 0.1
0 0.96640625 0.62578125 0.0453125 0.0328125