2 0.04609375 0.1890625 0.0921875 0.378125
10 0.12890625 0.21796875 0.2484375 0.4359375
8 0.33184764529119304 0.2687549176087309 0.17436017077339053 0.387184174511885
0 0.32506438803479887 0.44061628083925575 0.07558533175849824 0.10750458279171564
4 0.4203125 0.3203125 0.1375 0.4375
7 0.88359375 0.15625 0.2015625 0.3125
6 0.9765625 0.1625 0.046875 0.325
3 0.06171875 0.646875 0.1234375 0.215625
2 0.1859375 0.6375 0.209375 0.196875
1 0.32578125 0.64296875 0.2515625 0.2078125
0 0.35632680091882313 0.6825952751572129 0.08490576805616748 0.10610572402541756
1 0.425 0.6546875 0.128125 0.23125
2 0.5296875 0.6953125 0.08125 0.3125
2 0.525 0.71640625 0.071875 0.2984375
1 0.5703125 0.72265625 0.1625 0.3140625
1 0.6895535070867581 0.7689401038917387 0.17648317676384018 0.31382849512873606
4 0.8193947745099532 0.7891861943940921 0.1730307945498552 0.30439894805083545
0 0.6000792901190499 0.8463326724799949 0.06048612141421188 0.0775716209411625