2 0.09894342937985368 0.4132702515186114 0.09456384658813803 0.40672408510611113
10 0.24139002799988188 0.43142345231604207 0.16032521428288965 0.4160640239356946
8 0.4508468486167329 0.4409842095342367 0.09092064934808164 0.37696384992375
0 0.48828125 0.60546875 0.0546875 0.0890625
6 0.94434170413662 0.29528593056454905 0.07750125730360065 0.23452177678548622
4 0.8512502232113436 0.2860908088893058 0.08922968993316047 0.28008884992375016
0 0.98671875 0.39609375 0.0265625 0.0703125
6 0.63125 0.825 0.14375 0.35
5 0.81640625 0.80234375 0.1515625 0.3046875
0 0.9183088583559655 0.9267541361116324 0.06460006249917605 0.1217672036472223
1 0.9671875 0.8125 0.065625 0.325