6 0.1234375 0.08515625 0.178125 0.1703125
4 0.25546875 0.06953125 0.1171875 0.1390625
0 0.3103654166968407 0.06251700118713419 0.04578658510611113 0.088772994985435
1 0.3765625 0.07421875 0.140625 0.1484375
2 0.50390625 0.059375 0.0921875 0.11875
5 0.63984375 0.084375 0.0796875 0.16875
3 0.63671875 0.0828125 0.0734375 0.165625
6 0.64921875 0.07421875 0.0984375 0.1484375
0 0.70234375 0.01796875 0.0390625 0.0359375
1 0.7578125 0.07421875 0.14375 0.1484375
2 0.9015625 0.0703125 0.10625 0.140625
3 0.025 0.78203125 0.05 0.2296875
2 0.10647343123013911 0.7800418188172538 0.06748235999173628 0.21588106426490725
4 0.18679671086541685 0.7761332203083219 0.07776524335048621 0.188074313011266
0 0.22949466356270865 0.8663777870805116 0.024710365691319503 0.05536946159934022
1 0.28221831363895855 0.7835940308123054 0.112903962765278 0.22188702335696497
2 0.3890677256830557 0.7788958221159591 0.08034603590354195 0.23186977711788873
1 0.63125 0.61015625 0.0625 0.1609375
4 0.62734375 0.6078125 0.0546875 0.15625
7 0.628125 0.60859375 0.05625 0.1578125
7 0.6578125 0.60703125 0.1125 0.1546875
3 0.76953125 0.609375 0.1046875 0.159375
1 0.88125 0.6109375 0.109375 0.1625
0 0.8362044841355214 0.6799725888090065 0.017660278685347208 0.02081260517284953