2 0.03704075473422419 0.30234375 0.059559002705270994 0.284375
9 0.14375 0.29921875 0.140625 0.3203125
7 0.28369757873167883 0.28359375 0.12698286004136178 0.3046875
0 0.36636572274822354 0.40546875 0.02712612133990877 0.0484375
1 0.4305089440642698 0.278125 0.13790217870781624 0.303125
3 0.5328125 0.3421875 0.046875 0.234375
1 0.5484375 0.33671875 0.078125 0.2453125
7 0.65234375 0.32265625 0.1078125 0.2734375
0 0.714848128739633 0.4109375 0.022347714672181596 0.040625
1 0.7643657760582246 0.30234375 0.11077605736790748 0.2546875
2 0.9009118033895428 0.2875 0.0671351453691802 0.2640625
5 0.07421875 0.5859375 0.1171875 0.253125
1 0.1953125 0.58515625 0.103125 0.2515625
0 0.26093278807286036 0.67265625 0.028634077339272323 0.04375
1 0.32421875 0.575 0.1171875 0.23125
1 0.44609375 0.5828125 0.1234375 0.246875
8 0.5822623480664969 0.78671875 0.12676468403881636 0.2859375
10 0.6875856473981334 0.77421875 0.14226241470399828 0.275
0 0.7466072060789054 0.878125 0.05583292401336308 0.0984375
1 0.8077708780633153 0.76328125 0.14117262937617986 0.315625
1 0.93046875 0.7484375 0.1390625 0.2875