6 0.07201167313217346 0.23131286079818816 0.09450147241989289 0.24215231818121907
9 0.18081001161197552 0.23644859984113947 0.09877979546028878 0.22817163879807012
3 0.28480718982522085 0.2377599095009419 0.10025136724704335 0.2250739123370204
2 0.40668218982522086 0.23563257346281538 0.0597627595669115 0.22905230032431162
0 0.22703780542291163 0.3208411907505299 0.014835389812585476 0.02680796185055314
3 0.65390625 0.36328125 0.1078125 0.4359375
10 0.8177584306540208 0.3878025941590966 0.16829798825501036 0.416789853895034
5 0.96171875 0.39296875 0.0765625 0.3734375
8 0.18203125 0.92578125 0.1578125 0.1484375
5 0.31484375 0.93515625 0.1484375 0.1296875
5 0.48515625 0.94296875 0.1703125 0.1140625
6 0.7900760483632826 0.8699526209444578 0.1121436134861197 0.2580773271096728
9 0.90546875 0.86953125 0.1109375 0.2609375
0 0.953125 0.9890625 0.025 0.021875
1 0.98359375 0.8734375 0.0328125 0.253125