6 0.384375 0.11328125 0.071875 0.2265625
9 0.48671875 0.1078125 0.0640625 0.215625
8 0.55 0.12421875 0.0625 0.2484375
5 0.5484375 0.115625 0.059375 0.23125
0 0.53203125 0.203125 0.0265625 0.084375
5 0.61796875 0.1109375 0.1421875 0.221875
9 0.76328125 0.13515625 0.1484375 0.2703125
8 0.25234375 0.6171875 0.1203125 0.334375
2 0.47578125 0.61015625 0.0390625 0.3203125
0 0.5140625 0.74453125 0.009375 0.0546875
2 0.5265625 0.56953125 0.015625 0.2390625
9 0.60703125 0.5796875 0.1109375 0.259375
7 0.74765625 0.571875 0.0984375 0.24375
0 0.8191838755796702 0.67235355148368 0.02214771077238851 0.04738414627652787
1 0.89453125 0.5734375 0.1109375 0.246875