6 0.27013594593413937 0.2699923769935767 0.17671014003818009 0.2852868026210418
3 0.3761592266072754 0.22479093939826428 0.1370840186982713 0.23594011284152785
1 0.4788938752785025 0.19357926662059075 0.14507833203372567 0.25174695079743065
1 0.5691103426161842 0.16363915311347274 0.15452605736790764 0.258215156344514
0 0.4480427699315941 0.29288828238816017 0.05245338534372692 0.07776263050895835
6 0.68828125 0.2828125 0.0765625 0.265625
2 0.678125 0.2546875 0.05625 0.265625
0 0.683299017266094 0.35589808187506994 0.05730451734563573 0.09193423328249999
1 0.72109375 0.2515625 0.1421875 0.278125
1 0.8269682959500478 0.2318637826725006 0.14366128270208928 0.26421058320625007
2 0.04921875 0.85859375 0.0984375 0.2828125
8 0.06015625 0.8328125 0.1203125 0.334375
2 0.2078125 0.82578125 0.175 0.3484375
1 0.36171875 0.80625 0.2609375 0.3875
8 0.56796875 0.771875 0.1640625 0.425
5 0.70390625 0.859375 0.1078125 0.28125
7 0.7234375 0.83984375 0.146875 0.3203125
0 0.7828125 0.96953125 0.065625 0.0609375
1 0.853125 0.8296875 0.228125 0.340625
1 0.9453125 0.8109375 0.109375 0.371875