6 0.03515625 0.14296875 0.0703125 0.2265625
3 0.02734375 0.103125 0.0546875 0.1875
1 0.02890625 0.08671875 0.0578125 0.1734375
1 0.04921875 0.07421875 0.0984375 0.1484375
0 0.01015625 0.15390625 0.0203125 0.0609375
2 0.33828125 0.1734375 0.0765625 0.346875
8 0.37109375 0.14453125 0.1421875 0.2890625
2 0.54140625 0.1203125 0.1421875 0.240625
0 0.61328125 0.20082287193668477 0.0625 0.08666475334181775
1 0.6640625 0.1046875 0.209375 0.209375
8 0.8453125 0.084375 0.16875 0.16875
7 0.02890625 0.56328125 0.0578125 0.1265625
8 0.0390625 0.5515625 0.078125 0.103125
1 0.1109375 0.55546875 0.115625 0.1109375
1 0.19140625 0.55078125 0.0953125 0.1015625
0 0.08671875 0.5558739986075937 0.025 0.03310340133672725
4 0.37734375 0.92734375 0.1546875 0.1453125
9 0.4828125 0.9171875 0.171875 0.165625
8 0.59609375 0.903125 0.1546875 0.19375
7 0.69921875 0.89609375 0.1546875 0.2078125
8 0.8 0.8828125 0.15 0.234375