9 0.0671875 0.08828125 0.134375 0.1765625
5 0.17109375 0.07890625 0.1640625 0.1578125
1 0.30546875 0.07734375 0.1859375 0.1546875
2 0.4359375 0.07734375 0.13125 0.1546875
0 0.24879914515635493 0.06451507336960027 0.06545516693047429 0.10338106426490726
7 0.65859375 0.16328125 0.0796875 0.3265625
1 0.6859375 0.16171875 0.134375 0.3234375
0 0.7498100641984002 0.25684732587688275 0.04239810015828453 0.06211956677218957
1 0.8046875 0.1453125 0.184375 0.290625
3 0.92578125 0.13125 0.1484375 0.2625
6 0.17890625 0.52265625 0.1484375 0.2453125
10 0.26796875 0.5140625 0.1453125 0.228125
8 0.36796875 0.5046875 0.1296875 0.209375
5 0.4515625 0.48984375 0.125 0.1796875
0 0.5096564256394559 0.5544330312080168 0.039136707838416565 0.057341138558944495
4 0.53984375 0.48984375 0.1265625 0.1796875
3 0.66171875 0.871875 0.0859375 0.25625
3 0.73359375 0.86484375 0.1609375 0.2703125
3 0.93359375 0.859375 0.1328125 0.278125
9 0.8375 0.86796875 0.15625 0.2640625
0 0.9078125 0.9640625 0.059375 0.071875