3 0.18182088297750038 0.1903149428362731 0.13765200246854192 0.346716287293461
2 0.3243538750937156 0.2001933959241652 0.11661215064493077 0.3147569591631599
6 0.4329839926848962 0.19796371861217077 0.13118379692145865 0.33712303248413755
0 0.49343314304548647 0.30922611162592906 0.045532011967847195 0.07809028366526398
1 0.53046875 0.17890625 0.0984375 0.3328125
2 0.61171875 0.06015625 0.0640625 0.1203125
4 0.68828125 0.07265625 0.1171875 0.1453125
9 0.7875 0.07265625 0.10625 0.1453125
0 0.8390625 0.01796875 0.028125 0.0359375
1 0.88984375 0.06953125 0.1109375 0.1390625
2 0.98046875 0.0625 0.0390625 0.125
1 0.0734375 0.6671875 0.146875 0.353125
9 0.20455117458062536 0.6735068664352525 0.15015200246854193 0.3471527969121079
0 0.269959928664688 0.7627032864908528 0.065700348023889 0.13968254809323427
6 0.3453125 0.66015625 0.159375 0.3609375
9 0.496875 0.66171875 0.165625 0.3640625
1 0.609375 0.73984375 0.059375 0.2484375
3 0.603125 0.721875 0.046875 0.24375
0 0.6 0.81875 0.040625 0.09375
1 0.6550570548052433 0.7332340413001763 0.12366093123013915 0.28221727767481414
1 0.7661757395507641 0.7035514865835201 0.11850065254479195 0.2617410865678217