9 0.11875 0.19375 0.225 0.171875
10 0.26484375 0.1734375 0.2015625 0.2125
1 0.37890625 0.15859375 0.1421875 0.2421875
3 0.7028961783804683 0.14516115554281211 0.14051695745273882 0.25485616950744616
4 0.7975001512531051 0.12936005155179534 0.13578400565734067 0.24687997840045348
4 0.88984375 0.11640625 0.1265625 0.2328125
0 0.9448200579671593 0.18201628168152945 0.04884656615858276 0.07200397477225665
1 0.95703125 0.10390625 0.0859375 0.2078125
7 0.12476611232008125 0.6980629554501447 0.24307939695149683 0.4302778101589517
3 0.2850541725267357 0.6698139259612321 0.219614625874258 0.424771854623989
0 0.3812519407753042 0.7828372264167192 0.07721700585373252 0.11517362141421188
1 0.3875 0.615625 0.125 0.396875
2 0.621875 0.4203125 0.153125 0.28125
10 0.72421875 0.4125 0.1890625 0.265625
4 0.865625 0.41015625 0.171875 0.2609375
0 0.9320978650505557 0.46058771498397366 0.06462610226293641 0.09911211179556503
1 0.9453125 0.41171875 0.109375 0.2640625