9 0.08515625 0.06875 0.1703125 0.1375
10 0.19609375 0.0734375 0.1609375 0.146875
1 0.31484375 0.06875 0.1609375 0.1375
1 0.396875 0.0671875 0.10625 0.134375
0 0.22421875 0.0171875 0.0578125 0.034375
5 0.490625 0.09375 0.08125 0.1875
1 0.5140625 0.1078125 0.128125 0.215625
0 0.534375 0.18425890885535345 0.0484375 0.07371930113146821
1 0.61953125 0.125 0.1640625 0.25
2 0.7796875 0.128125 0.10625 0.25625
6 0.03671875 0.578125 0.0734375 0.11875
1 0.046875 0.57734375 0.09375 0.1171875
9 0.11953125 0.58359375 0.1390625 0.1296875
0 0.15078125 0.5785674450579028 0.0640625 0.07224770472226431
1 0.22109375 0.5890625 0.1578125 0.140625
1 0.33671875 0.58203125 0.1046875 0.1265625
4 0.8578125 0.8609375 0.1625 0.278125
4 0.978125 0.88359375 0.04375 0.2328125
10 0.9375 0.88359375 0.125 0.2328125
2 0.46953125 0.70703125 0.0390625 0.1515625
9 0.51171875 0.7219800600102627 0.10625 0.17874314441741398