3 0.0640625 0.18125 0.128125 0.3625
1 0.121875 0.1578125 0.23125 0.315625
10 0.26953125 0.1375 0.1890625 0.275
0 0.34375 0.20703125 0.05 0.1265625
1 0.40859375 0.27890625 0.0796875 0.3265625
1 0.43340493598271657 0.26403037391096096 0.11105671642972928 0.2922449874635877
10 0.5168896016737612 0.24771270361527442 0.16440897540671973 0.33285326708875884
8 0.6221674541330892 0.2179690308123054 0.1502373910977642 0.3136940901291547
5 0.7127060957218327 0.20576219899642095 0.14865671037960518 0.31052362602253203
0 0.7947060503459012 0.33703258254080026 0.022111349336070063 0.04126149749271768
7 0.8157174662333375 0.18923158003351787 0.15339875253408267 0.3200350183424
6 0.046875 0.8359375 0.09375 0.328125
5 0.1015625 0.8265625 0.175 0.346875
0 0.19319809250037895 0.9666458747023838 0.03621930113146821 0.0494831744523216
1 0.256356101771957 0.8130411530739137 0.2051976018701529 0.3621603338609486
6 0.4515625 0.6078125 0.165625 0.25625
2 0.578125 0.60234375 0.15625 0.2453125
0 0.6415583244482022 0.6667451631030435 0.0473295179539809 0.07948892319868044
1 0.6921875 0.60625 0.1875 0.253125
2 0.84296875 0.5890625 0.1734375 0.21875