3 0.0703125 0.15625 0.140625 0.3125
1 0.09609375 0.16875 0.1921875 0.3375
1 0.365625 0.19140625 0.234375 0.3828125
1 0.475 0.23203125 0.15 0.3953125
10 0.21484375 0.178125 0.2140625 0.35625
0 0.24942220207640178 0.31267025516636143 0.08405259618646851 0.12546360831306042
2 0.78984375 0.09140625 0.1734375 0.1828125
8 0.89609375 0.1125 0.2078125 0.225
3 0.965625 0.14140625 0.06875 0.2828125
3 0.184375 0.584375 0.253125 0.309375
1 0.3921875 0.6046875 0.24375 0.35
4 0.51640625 0.6234375 0.0671875 0.3875
3 0.6296875 0.5421875 0.159375 0.225
1 0.7765625 0.5578125 0.196875 0.25625
9 0.9125 0.5734375 0.175 0.2875
0 0.9732862880112514 0.6776821768093344 0.04102679328391083 0.05647725897699054