3 0.1890625 0.17291128041659398 0.0875 0.2775459899708702
4 0.3046875 0.17393187430667237 0.1 0.28415970282385156
0 0.3515625 0.2620145475053528 0.0453125 0.08569345909205772
1 0.4171875 0.16158028998350543 0.10625 0.28746655925034237
1 0.66796875 0.29296875 0.0359375 0.2484375
1 0.66796875 0.3015625 0.0359375 0.253125
1 0.74921875 0.32548366561032605 0.0671875 0.23320495658477522
9 0.6671875 0.30546875 0.034375 0.2515625
4 0.66484375 0.3125 0.0296875 0.246875
10 0.6734375 0.31796875 0.046875 0.2390625
0 0.7078125 0.43131011678482506 0.009375 0.020585284639735947
3 0.02265625 0.6953125 0.0453125 0.1125
4 0.065625 0.690625 0.078125 0.103125
1 0.146875 0.69609375 0.08125 0.1140625
1 0.23125 0.6890625 0.065625 0.1
1 0.3078125 0.68515625 0.065625 0.0921875
0 0.184375 0.7058638359060125 0.021875 0.055323997492717505
1 0.6796875 0.734375 0.059375 0.190625
1 0.67890625 0.721875 0.0578125 0.165625
1 0.721875 0.721875 0.103125 0.165625
6 0.8265625 0.721875 0.1 0.165625
5 0.9296875 0.7109375 0.090625 0.14375