3 0.11848391793053978 0.4649607926238019 0.09642152380771334 0.1933983105039836
5 0.2176663064942213 0.45582382185326165 0.10433401775758924 0.210813131037097
6 0.300369722185266 0.4346642242022595 0.08232266237139499 0.1867391335443795
0 0.350724246189371 0.4941468727903338 0.028406801131468207 0.04925585391920819
1 0.38310040895354935 0.4181921265512575 0.1105476563212708 0.20474498746358769
1 0.4265625 0.403125 0.025 0.2
3 0.4765625 0.25390625 0.075 0.2734375
1 0.5125 0.23984375 0.146875 0.2953125
1 0.7358345235131257 0.1831806290585399 0.16719763212077385 0.27513169530200415
1 0.8490339602814092 0.1658219813283955 0.17362943930236624 0.30656355172849487
8 0.6218538367448423 0.20056200884199563 0.16103853571156995 0.29057483887551355
0 0.6817469872123805 0.2878968727903338 0.05366133118569749 0.0937332796251713
4 0.134375 0.7625 0.253125 0.365625
6 0.32734375 0.7359375 0.2234375 0.3125
6 0.47578125 0.93125 0.0734375 0.1375
5 0.54765625 0.91875 0.1328125 0.1625
1 0.646875 0.91484375 0.153125 0.1703125
1 0.75234375 0.88828125 0.1703125 0.2234375