5 0.06484375 0.121875 0.1296875 0.24375
4 0.2109375 0.12265625 0.1375 0.2453125
0 0.2701196616840239 0.20804572312779399 0.0506181444174139 0.10799603847458741
1 0.35 0.125 0.1375 0.25
1 0.48828125 0.11796875 0.1390625 0.2359375
3 0.6140625 0.075 0.05 0.15
2 0.60078125 0.0734375 0.0234375 0.146875
8 0.71640625 0.078125 0.0765625 0.15625
1 0.83828125 0.078125 0.0984375 0.15625
0 0.765023095525441 0.11158738537884609 0.01896816861791084 0.03815476442797028
1 0.96171875 0.07734375 0.0765625 0.1546875
3 0.16015625 0.56171875 0.1578125 0.2234375
3 0.37421875 0.56171875 0.1578125 0.2234375
6 0.5515625 0.5546875 0.075 0.209375
7 0.62265625 0.58671875 0.0671875 0.2734375
8 0.6328125 0.60234375 0.0875 0.3046875
0 0.6827736769075302 0.7185541479927178 0.03793633723582168 0.07630952885594056
1 0.76015625 0.5953125 0.1234375 0.290625
1 0.8907492824901162 0.619588402253887 0.11429989109776421 0.31330358656782165