5 0.321875 0.22211291197861147 0.1859375 0.3510817527304745
4 0.46640625 0.23359375 0.1671875 0.3640625
0 0.5125 0.3763469357863247 0.065625 0.11288179508134384
5 0.8859375 0.1453125 0.184375 0.290625
1 0.97421875 0.15703125 0.0515625 0.3140625
2 0.31015625 0.8130328277678519 0.103125 0.2521624636992549
5 0.38671875 0.8251970053627531 0.1125 0.22877950585373238
7 0.4734375 0.8467952702916719 0.1203125 0.2928874576491306
0 0.5078125 0.9337140081914235 0.04375 0.07369203005422928
0 0.53046875 0.853125 0.0390625 0.228125
2 0.93515625 0.7221174571581512 0.1109375 0.3568954154946528