2 0.03828125 0.090625 0.0765625 0.18125
8 0.0796875 0.08828125 0.159375 0.1765625
3 0.184375 0.1046875 0.209375 0.209375
0 0.2169706073509275 0.17295131592141272 0.07630173871722903 0.09929202267663584
4 0.3484375 0.125 0.240625 0.25
3 0.79765625 0.0765625 0.1484375 0.153125
1 0.90078125 0.096875 0.1484375 0.19375
8 0.96875 0.09921875 0.0625 0.1984375
7 0.2647501924655173 0.7545660372772298 0.16690532132453625 0.3143363146880899
9 0.4125 0.78046875 0.153125 0.3203125
0 0.4481667830568904 0.9195626865850037 0.027880959092057723 0.04562158267027261
4 0.6366251924655174 0.8302023839513204 0.173473570070895 0.32534654002227176
6 0.7765625 0.84609375 0.159375 0.3078125
1 0.92109375 0.853125 0.1578125 0.29375
0 0.81875 0.9765625 0.0375 0.046875