2 0.059375 0.3359375 0.11875 0.30625
8 0.1765625 0.340625 0.2 0.296875
3 0.321875 0.3515625 0.19375 0.275
0 0.3921875 0.46953125 0.071875 0.0390625
4 0.45859375 0.3390625 0.1609375 0.3
2 0.578125 0.30703125 0.078125 0.3640625
8 0.63515625 0.29375 0.1921875 0.390625
10 0.78984375 0.2875 0.2109375 0.403125
0 0.884375 0.4421875 0.078125 0.09375
5 0.92734375 0.2796875 0.1453125 0.403125
6 0.125 0.93671875 0.128125 0.1265625
5 0.26640625 0.9328125 0.1328125 0.134375
1 0.4015625 0.92890625 0.140625 0.1421875
3 0.6966594220115463 0.6422026981811608 0.1340186134861197 0.2569863190854491
4 0.7957190476383669 0.6482486859827166 0.1284051109788372 0.2788249576491307
3 0.8928441002247915 0.6402185382456528 0.13231972116625174 0.2522897287263694
9 0.96328125 0.64140625 0.0734375 0.2703125
0 0.8459032525737895 0.7227719630118837 0.06164820533113406 0.0784704336450254