7 0.08046875 0.3578125 0.1609375 0.28125
7 0.2 0.39453125 0.14375 0.2703125
0 0.24296875 0.49453125 0.0484375 0.0703125
1 0.33125 0.3953125 0.15625 0.26875
1 0.40234375 0.40390625 0.0546875 0.2515625
4 0.5296875 0.096875 0.1125 0.19375
5 0.64453125 0.10546875 0.1046875 0.2109375
9 0.76796875 0.11640625 0.1328125 0.2328125
1 0.89375 0.11953125 0.134375 0.2390625
0 0.6856717960633025 0.19341835725654893 0.026826120413308986 0.04562158267027243
5 0.2 0.68359375 0.2 0.3078125
7 0.33671875 0.7140625 0.1671875 0.36875
0 0.37088713339732016 0.8129757845719588 0.03953519867214013 0.08170453333863606
1 0.40859375 0.69140625 0.0421875 0.3234375
2 0.47421875 0.6078125 0.0828125 0.15625
4 0.58515625 0.615625 0.1234375 0.171875
6 0.72265625 0.62109375 0.1296875 0.1828125
0 0.7710820552366847 0.6798820212444586 0.02363748789975162 0.034647720003181705
1 0.8546875 0.6421875 0.153125 0.225
1 0.95625 0.63828125 0.0875 0.2171875