7 0.06796875 0.1328125 0.1359375 0.265625
7 0.17421875 0.13203125 0.1640625 0.2640625
0 0.25 0.1970793734086329 0.0546875 0.07563634667409058
1 0.30078125 0.11640625 0.1765625 0.2328125
1 0.38515625 0.10234375 0.1078125 0.2046875
8 0.81171875 0.1546875 0.3390625 0.309375
8 0.584375 0.1546875 0.290625 0.309375
0 0.95859375 0.271875 0.0828125 0.075
7 0.21953125 0.7751225574076784 0.1609375 0.30499767735518085
0 0.3109375 0.8871236654200869 0.03125 0.04411362667090888
2 0.38828125 0.75234375 0.1015625 0.3171875
7 0.5328125 0.71796875 0.1875 0.5640625
7 0.6875 0.6985509667409058 0.30625 0.5801260413749072
0 0.83046875 0.8791208087603138 0.1 0.17772610534690864