3 0.04921875 0.30546875 0.0984375 0.4203125
3 0.1609375 0.3086455572883657 0.1953125 0.4397726666931806
3 0.3296875 0.3207444732654577 0.1703125 0.44729426535645356
0 0.37890625 0.48501551125877623 0.084375 0.12285679201145391
1 0.43046875 0.3375 0.0765625 0.40625
8 0.51484375 0.14453125 0.0921875 0.2828125
10 0.6125 0.14450868992682153 0.125 0.2717670066836355
0 0.65703125 0.25414677192077645 0.05 0.09745680267345413
1 0.7328125 0.1515625 0.121875 0.303125
1 0.8578125 0.14712297056018678 0.121875 0.2826681440165448
5 0.3015625 0.8502694359484568 0.09375 0.24952838001272665
4 0.43203125 0.821875 0.0734375 0.240625
3 0.5578125 0.87109375 0.178125 0.2578125
3 0.878125 0.89296875 0.140625 0.2140625
2 0.746875 0.8875 0.13125 0.225