3 0.05234375 0.1046875 0.1046875 0.209375
3 0.15703125 0.11015625 0.2109375 0.2203125
3 0.32578125 0.11171875 0.1859375 0.2234375
0 0.3701223961082613 0.0796875 0.08809210957707699 0.1234375
1 0.47890625 0.1015625 0.1953125 0.203125
1 0.63125 0.09765625 0.1625 0.1953125
2 0.75703125 0.1296875 0.0765625 0.259375
7 0.846875 0.1421875 0.128125 0.284375
0 0.890676403818899 0.24453125 0.05169095941492117 0.096875
1 0.953125 0.13828125 0.09375 0.2765625
10 0.24138729018133712 0.66640625 0.14309107548481972 0.3203125
9 0.36938955925606065 0.6734375 0.14029335795222372 0.3390625
0 0.4202508555231823 0.803125 0.037410271103318495 0.084375
1 0.5097418238665572 0.6890625 0.15098539610167078 0.325
1 0.64609375 0.68828125 0.1453125 0.3234375
10 0.74921875 0.603125 0.0609375 0.3125
6 0.7933179829571667 0.61875 0.11154106655636582 0.303125
0 0.849607118915863 0.75078125 0.03837275324641087 0.05
1 0.934375 0.6375 0.13125 0.315625