6 0.03125 0.07109375 0.0625 0.1421875
3 0.090625 0.08671875 0.140625 0.1734375
0 0.11323315657214002 0.1588788388090064 0.029534387305303157 0.04925585391920819
1 0.19140625 0.1015625 0.1328125 0.203125
2 0.31171875 0.134375 0.1203125 0.26875
6 0.52421875 0.1390625 0.1109375 0.278125
7 0.57109375 0.15 0.2046875 0.3
0 0.6014425472426554 0.29246056545204147 0.0454321719450391 0.05908549498543501
1 0.73203125 0.18046875 0.2296875 0.3609375
1 0.8859375 0.21796875 0.228125 0.4109375
6 0.8015625 0.6671875 0.2 0.196875
8 0.915625 0.675 0.16875 0.2125
0 0.941197717538342 0.7350943463308539 0.06669941818411544 0.09248902837152997
1 0.9671875 0.6859375 0.065625 0.234375