6 0.3613560709953318 0.20766859002638266 0.06904683135366607 0.22718254809323427
3 0.45078125 0.20078125 0.0578125 0.2296875
2 0.4890625 0.07890625 0.01875 0.1578125
10 0.55625 0.08515625 0.121875 0.1703125
7 0.71171875 0.07890625 0.1140625 0.1578125
0 0.7771843448145151 0.08514871616510007 0.018278638558944495 0.03810020072563951
1 0.86875 0.08515625 0.125 0.1703125
3 0.3268924912910184 0.8013937973754441 0.09312082884638358 0.24987600362819712
10 0.4144152233443297 0.7975569800449162 0.07497858260730723 0.2164633029025577
0 0.45396580516021423 0.886708760081983 0.025619777117888633 0.07581845553496276
4 0.5953125 0.66015625 0.1 0.2609375
1 0.7265625 0.65390625 0.109375 0.2484375
1 0.88203125 0.65625 0.1265625 0.253125
0 0.7815428873718101 0.7565351320443491 0.021721887305303157 0.049146828130301225