8 0.21171875 0.17762881183600668 0.1140625 0.26984233415618064
7 0.325 0.20703125 0.090625 0.3140625
7 0.3546875 0.17109375 0.15 0.2984375
0 0.4203125 0.2679245438842358 0.0484375 0.0651898953265972
1 0.46484375 0.1528255675355899 0.1515625 0.2863401563445141
1 0.5734375 0.12734375 0.15625 0.2546875
3 0.04140625 0.89375 0.0828125 0.2125
10 0.0390625 0.88671875 0.078125 0.2265625
5 0.03671875 0.87890625 0.0734375 0.2421875
1 0.09453125 0.86484375 0.1640625 0.2703125
2 0.18828125 0.85703125 0.0921875 0.2859375
1 0.32734375 0.91171875 0.0953125 0.1765625
1 0.41171875 0.9046875 0.0984375 0.190625
3 0.50390625 0.8953125 0.1046875 0.209375
8 0.5984375 0.88515625 0.090625 0.2296875
2 0.703125 0.8659041829425689 0.0625 0.2139547036472223
10 0.76953125 0.8534210603173953 0.0984375 0.21791615824437507
0 0.82578125 0.9341430770348952 0.0171875 0.030087543502986237
6 0.85703125 0.8334157252112842 0.09375 0.22093205547083344