4 0.34140625 0.259375 0.1453125 0.240625
1 0.47109375 0.26953125 0.1546875 0.2203125
1 0.59375 0.27734375 0.1125 0.2046875
4 0.95625 0.07265625 0.0875 0.1453125
7 0.4132884353142017 0.5984754240788599 0.18761563487736144 0.34167039129415605
2 0.5528782653863198 0.6219407160369459 0.13663370991548635 0.2991919998036082
0 0.5663978643601393 0.7329418485505033 0.06173889342673622 0.1019079336450254
9 0.603125 0.64453125 0.09375 0.3328125
2 0.8421420935585768 0.7088675025340828 0.144228004368403 0.2898624515990065
1 0.98125 0.76640625 0.0375 0.2921875
1 0.92890625 0.72734375 0.1421875 0.3046875