4 0.29628507021310924 0.23110787681395487 0.09564333116686256 0.29013691818411547
1 0.4276168908299603 0.23023936177026005 0.10490923701106106 0.28415970282385156
1 0.56015625 0.23359375 0.0796875 0.3046875
0 0.48330205479183375 0.35379653371529934 0.021157979707460584 0.04902853338609496
7 0.66484375 0.31171875 0.1296875 0.2953125
4 0.78828125 0.30859375 0.1234375 0.3015625
0 0.84765625 0.42109375 0.0421875 0.0765625
1 0.93203125 0.3 0.1359375 0.31875
7 0.04765625 0.61015625 0.0953125 0.3015625
8 0.18515625 0.59765625 0.1015625 0.2765625
0 0.2348315527632389 0.6860263605166189 0.029215941558013724 0.06331835391920819
10 0.3140625 0.625 0.115625 0.33125
9 0.46015625 0.6109375 0.1484375 0.303125
3 0.95 0.6375 0.1 0.25