8 0.0640625 0.27421875 0.128125 0.2296875
10 0.17421875 0.2640625 0.1703125 0.25
1 0.309375 0.2515625 0.18125 0.275
1 0.4390625 0.23515625 0.178125 0.3078125
3 0.67109375 0.1703125 0.1234375 0.340625
3 0.67421875 0.165625 0.1296875 0.33125
6 0.70625 0.13203125 0.19375 0.2640625
0 0.7805031706610143 0.19011008092513942 0.08976245764913067 0.1223854526972918
1 0.84140625 0.1109375 0.2390625 0.221875
3 0.065625 0.69296875 0.13125 0.4609375
2 0.17242652936685818 0.6186857565526045 0.14607713192438218 0.4033458183886113
0 0.2679213574292977 0.7865109958190283 0.04563975292686635 0.057304660144236054
6 0.31875 0.59296875 0.23125 0.4078125
10 0.50234375 0.55625 0.2140625 0.334375
7 0.86484375 0.84296875 0.2203125 0.3140625
4 0.95625 0.8375 0.0875 0.325