4 0.0515625 0.20859375 0.103125 0.3203125
6 0.17888729018133712 0.21622115260982078 0.1365137930174157 0.3030897320178173
4 0.29700604464556396 0.20625471192713976 0.1046637751605081 0.2683511053469084
0 0.35292303368851535 0.3141757525859582 0.037219356330665934 0.07385567067154533
1 0.5101588352306429 0.35437732264481914 0.0886569456152034 0.24629429201145392
2 0.6133520190780187 0.3492711046308198 0.03358761606989864 0.2237829453373635
5 0.6782366793864443 0.3461728292886839 0.08048988960884892 0.22589088534372692
10 0.749303155847494 0.3469080786123661 0.0791455779204517 0.23837270401018137
6 0.8368304293864443 0.3443274239338212 0.0791183043815014 0.23681020401018138
9 0.9072520235422455 0.3372592639242762 0.07577511606989873 0.22427384134309047
1 0.971875 0.33671875 0.05625 0.2265625
0 0.9468718567409983 0.4391212085853219 0.011482970779006863 0.03137726933481808
1 0.034375 0.80625 0.06875 0.2125
1 0.11484375 0.80234375 0.0890625 0.2046875
1 0.21015625 0.8015625 0.0765625 0.203125
4 0.30234375 0.796875 0.0671875 0.19375
10 0.3640625 0.79296875 0.03125 0.1859375
2 0.6046875 0.834375 0.06875 0.26875
1 0.71875 0.83046875 0.121875 0.2609375
10 0.859375 0.8171875 0.109375 0.234375
0 0.9259787041432105 0.9078701139004137 0.03557503571381489 0.06914998933799979
1 0.96953125 0.81875 0.0609375 0.2375