4 0.046875 0.26953125 0.09375 0.3328125
6 0.12844446979604135 0.309375 0.17762238582729192 0.3140625
4 0.24525011008864545 0.32578125 0.14237456363895867 0.2765625
0 0.2768793569545135 0.44375 0.0470945119678472 0.0765625
4 0.38612903001652743 0.3484375 0.15988937195958358 0.290625
7 0.60859375 0.29453125 0.0984375 0.3828125
5 0.6328125 0.32421875 0.146875 0.3640625
0 0.6673919881290619 0.49765625 0.037173998100139015 0.053125
1 0.7885792699485412 0.359375 0.187071427430417 0.384375
2 0.98125 0.39140625 0.0375 0.3546875
7 0.1859375 0.8109375 0.203125 0.303125
7 0.34921875 0.81953125 0.1609375 0.3203125
0 0.3908301413394438 0.9328125 0.0453865416031249 0.0703125
1 0.47265625 0.8296875 0.1734375 0.340625
2 0.58984375 0.91484375 0.0609375 0.1703125
3 0.60625 0.91640625 0.09375 0.1671875
1 0.6046875 0.92265625 0.090625 0.1546875
6 0.64921875 0.9390625 0.1765625 0.121875
3 0.79609375 0.94453125 0.1890625 0.1109375