10 0.07890625 0.24453125 0.1578125 0.4890625
2 0.046875 0.2046875 0.09375 0.409375
2 0.30234375 0.17109375 0.0953125 0.3421875
1 0.11875 0.19140625 0.2375 0.3828125
0 0.0203125 0.33671875 0.040625 0.1234375
9 0.69609375 0.1964185412707149 0.171875 0.3572499394987581
9 0.8484375 0.15859375 0.1625 0.3171875
6 0.95546875 0.15 0.0890625 0.3
0 0.78359375 0.3102088513791735 0.06875 0.11602497579950324
4 0.034375 0.73984375 0.06875 0.2828125
1 0.0546875 0.72890625 0.109375 0.2953125
8 0.1546875 0.7352492371141846 0.140625 0.27425563231716554
0 0.20625 0.821486718963812 0.04375 0.07056703005422929
8 0.26796875 0.7265625 0.1421875 0.29375
4 0.32421875 0.7265625 0.0515625 0.29375
4 0.40859375 0.77578125 0.1171875 0.3921875
5 0.51640625 0.7453125 0.2203125 0.33125
0 0.62265625 0.8509696858845206 0.0703125 0.11447156615858275
1 0.70625 0.74765625 0.228125 0.3359375
1 0.88046875 0.73359375 0.2328125 0.3078125