10 0.06875 0.1359375 0.1375 0.271875
2 0.03671875 0.12578125 0.0734375 0.2515625
2 0.2453125 0.1234375 0.0875 0.246875
1 0.07109375 0.12734375 0.1421875 0.2546875
0 0.015625 0.17421875 0.03125 0.1203125
3 0.35078125 0.0984375 0.0890625 0.196875
2 0.496875 0.103125 0.040625 0.20625
4 0.5828125 0.11015625 0.090625 0.2203125
0 0.6265197064001047 0.19851731440145787 0.021258057370694416 0.04109777868534721
1 0.69296875 0.11171875 0.0921875 0.2234375
1 0.79921875 0.11015625 0.0953125 0.2203125
6 0.24375 0.7109375 0.090625 0.278125
9 0.371875 0.653125 0.165625 0.26875
10 0.51328125 0.66484375 0.1515625 0.2921875
1 0.6640625 0.6546875 0.15625 0.271875
1 0.7984375 0.65859375 0.14375 0.2796875
0 0.5775003249412157 0.7643241523573606 0.06122974715020835 0.08106946846486114