3 0.14453125 0.09296875 0.2203125 0.1859375
3 0.2984375 0.08515625 0.178125 0.1703125
2 0.45078125 0.11328125 0.1421875 0.2265625
6 0.67421875 0.08203125 0.1109375 0.1640625
8 0.771875 0.0859375 0.140625 0.171875
0 0.7921875 0.16882765141626893 0.0515625 0.08809998400699967
1 0.87734375 0.0953125 0.1453125 0.190625
2 0.96953125 0.1109375 0.0609375 0.221875
5 0.11796875 0.70546875 0.2359375 0.5890625
8 0.32421875 0.71953125 0.2421875 0.5609375
0 0.365625 0.953125 0.09375 0.09375
1 0.51015625 0.7578125 0.2171875 0.484375
6 0.64453125 0.6265625 0.0515625 0.246875
7 0.6640625 0.65078125 0.090625 0.2484375
1 0.7625 0.6871782094207232 0.1109375 0.2450408746817267
1 0.86953125 0.7157673807685863 0.1203125 0.24671246268299923
0 0.68671875 0.7628589147437692 0.0203125 0.034611357336090796