3 0.06171875 0.3265625 0.1234375 0.246875
3 0.17578125 0.3265625 0.1140625 0.246875
2 0.30390625 0.33203125 0.0828125 0.2359375
6 0.67734375 0.24765625 0.0546875 0.3203125
1 0.6765625 0.24765625 0.053125 0.3140625
1 0.6765625 0.246875 0.053125 0.303125
1 0.69765625 0.24609375 0.0953125 0.3203125
1 0.8446205909482549 0.24025188961543947 0.10660556576579942 0.3315148271096728
1 0.2194246273471959 0.6546527236216759 0.0936237767345796 0.24848413879807013
1 0.3147734887835144 0.6467390377457052 0.09050786709365921 0.24999209172016937
6 0.407751329142594 0.6435537621781598 0.0795612767345796 0.24823867694751697
3 0.49918485021983283 0.637270760149565 0.08731923458010193 0.2390000446422686
3 0.3449235553348806 0.8352560669666984 0.05542381908544902 0.12751707386326191
5 0.5898825730924697 0.6231888948904454 0.0918976502711466 0.22033186525911966
4 0.7533138140172835 0.708291966721817 0.1477396258742579 0.4197239391223816
2 0.9470638140172835 0.7049100478919749 0.0583135115110732 0.35566934740221223