4 0.171875 0.46171875 0.284375 0.3140625
4 0.3421875 0.43828125 0.228125 0.3609375
0 0.45859375 0.5859375 0.0921875 0.065625
1 0.4890625 0.4125 0.2 0.4125
4 0.7491171934075828 0.19949869224805586 0.14392375858420695 0.30174695079743064
8 0.890687069871016 0.17466495924989633 0.14078966822512734 0.3001117156150695
1 0.9609375 0.159375 0.078125 0.31875
0 0.9673990399149826 0.28505890501333386 0.02366475897699054 0.03960801386770836
7 0.103125 0.790625 0.20625 0.34375
1 0.240625 0.7765625 0.221875 0.315625
0 0.2991939405789125 0.8452158082237158 0.07087610226293642 0.09851154160312507
8 0.36796875 0.75625 0.1953125 0.275
2 0.690625 0.809375 0.203125 0.38125
8 0.846875 0.809375 0.240625 0.38125
7 0.93125 0.79375 0.1375 0.35