1 0.33125 0.1234375 0.1875 0.246875
2 0.4484375 0.11640625 0.103125 0.2328125
5 0.5328125 0.0734375 0.065625 0.146875
4 0.62109375 0.06171875 0.1109375 0.1234375
0 0.6930896105604172 0.04103146951170089 0.027508057370694415 0.04124324905006951
1 0.73828125 0.0640625 0.1390625 0.128125
1 0.85078125 0.065625 0.1421875 0.13125
2 0.0640625 0.78359375 0.128125 0.3671875
8 0.17969664494534765 0.7768456022048608 0.2144327080156252 0.3563630220358336
3 0.32671711531006975 0.7796770486338884 0.20789176728618095 0.3437175516711113
0 0.4082781994662505 0.8919029852792704 0.07572865824437507 0.10014677678548622
4 0.4359375 0.75 0.128125 0.3625
5 0.748210908813056 0.567818707162604 0.19292138392743086 0.3714788757593057
8 0.925 0.5328125 0.15 0.365625