7 0.10625 0.1546875 0.2125 0.309375
2 0.35234375 0.1546875 0.2265625 0.309375
1 0.446875 0.1546875 0.10625 0.309375
9 0.94765625 0.0671875 0.1046875 0.134375
6 0.04453125 0.54609375 0.0890625 0.2953125
1 0.0944488227570143 0.5053339572563471 0.16770187195958358 0.2915613069852007
9 0.21261694129812536 0.48102482454639806 0.16683035619201406 0.32123971662612105
0 0.30050076063666714 0.5987077491162373 0.07859908510611113 0.0879454275949012
1 0.346875 0.48046875 0.190625 0.3421875
1 0.46484375 0.45703125 0.0703125 0.2921875
10 0.641505007502535 0.42812201746300155 0.08386977298576408 0.18015110831306042
4 0.7296875 0.41796875 0.1 0.2171875
1 0.81875 0.40703125 0.09375 0.1953125
3 0.909375 0.4078125 0.090625 0.196875
0 0.7899619977188893 0.49694526121648563 0.02434668977951393 0.039198855386194255