7 0.16171875 0.16328125 0.3234375 0.3265625
2 0.4296875 0.15234375 0.11875 0.3046875
0 0.475 0.18828125 0.028125 0.1796875
10 0.53671875 0.20390625 0.0953125 0.4078125
10 0.58046875 0.209375 0.1828125 0.41875
10 0.728125 0.19375 0.234375 0.3875
0 0.8023253482096958 0.3384150009819587 0.08521257142762995 0.13798178903121966
1 0.903125 0.2 0.19375 0.4
3 0.03671875 0.6765625 0.0734375 0.346875
9 0.0515625 0.69296875 0.103125 0.3359375
3 0.17764512783772615 0.7038359887835144 0.1366774342511176 0.3117010901626879
0 0.22668837418427817 0.8277820280111259 0.036782979707460584 0.04864657825883114
1 0.3135144439903502 0.6991388775435876 0.14745129301741572 0.3023897226762452
1 0.43359375 0.728125 0.1109375 0.315625
2 0.51484375 0.6125 0.0515625 0.265625
9 0.528125 0.634375 0.078125 0.309375
1 0.5453125 0.62578125 0.1125 0.2921875
1 0.6755468396882792 0.6454644317001179 0.14004789610167076 0.3257817708808471
1 0.832178669233584 0.6664303957921561 0.1809729050301243 0.34320562021691714
0 0.5779605478853843 0.7843274646812134 0.05815914772652384 0.10970225292686635