4 0.36051612905554214 0.25357624928391137 0.19007516964062104 0.32870789735836253
6 0.5001922836819247 0.28711436059836676 0.17598539610167058 0.32698176535645357
1 0.60390625 0.3125 0.0921875 0.328125
0 0.5391611006453279 0.41559334926004876 0.03998980032431163 0.053579533338636055
2 0.696875 0.121875 0.09375 0.24375
3 0.76796875 0.15390625 0.2359375 0.3078125
9 0.90078125 0.16953125 0.1984375 0.3390625
9 0.08359375 0.61796875 0.1671875 0.1765625
5 0.20078125 0.609375 0.1796875 0.159375
1 0.321875 0.6234375 0.2 0.1875
2 0.45 0.63984375 0.146875 0.2203125
0 0.22050260389173867 0.6451081265913671 0.07055005357072233 0.10392497867599956
3 0.69375 0.88671875 0.0875 0.2265625
9 0.7890625 0.89921875 0.15 0.2015625
10 0.92109375 0.9109375 0.1515625 0.178125