9 0.03671875 0.2328125 0.0734375 0.29375
3 0.07572910926367635 0.20876461691783899 0.14090777531256152 0.2803814849563052
5 0.18252474628698492 0.1900480576674967 0.12995042794496658 0.23479620031656917
0 0.25626729193314846 0.29092258438967394 0.07413195916315977 0.11142088479802066
2 0.3448064914776615 0.19156979057873783 0.1285169027172232 0.28314277210332384
5 0.60546875 0.3125 0.1109375 0.353125
5 0.7342856537287135 0.28234320625557086 0.20317465153609682 0.3649216210079672
6 0.61796875 0.29296875 0.1359375 0.3921875
0 0.66484375 0.4390625 0.0640625 0.1
7 0.896875 0.23359375 0.20625 0.4046875
5 0.22890625 0.8859375 0.1453125 0.228125
5 0.3220361356725462 0.880712510095637 0.11728673683797411 0.22974498746358768
0 0.38984375 0.953125 0.0578125 0.09375
1 0.4294220497376967 0.8674419687919832 0.12698911905195925 0.23939277210332363
1 0.50078125 0.84296875 0.0984375 0.2921875
1 0.9281547048171725 0.6490616933234471 0.12370042794496676 0.23461434389007838
1 0.97890625 0.6375 0.0421875 0.24375
6 0.8237846633473603 0.6653663064138555 0.11783237386128267 0.24536998746358768
4 0.7305703766868715 0.6751026707579049 0.1366022212288774 0.2911825926364372
0 0.8830654049098399 0.7557352421489483 0.04949405771188111 0.07636392319868043