9 0.05078125 0.07265625 0.1015625 0.1453125
3 0.14296875 0.06953125 0.1421875 0.1390625
5 0.2484375 0.05859375 0.13125 0.1171875
0 0.2922525027528824 0.06423663474417554 0.0744570989738195 0.11219208279171564
5 0.6136170500555906 0.2963981185088259 0.2311851033422226 0.40387284253094824
8 0.7868369977188893 0.31760314245481336 0.19430204597152817 0.36262055113509034
0 0.8277548980794796 0.4302161907505299 0.06482752583555573 0.10109094155801372
10 0.91640625 0.328125 0.1671875 0.3625
4 0.03828125 0.659375 0.0765625 0.2875
1 0.04921875 0.68046875 0.0984375 0.2984375
8 0.12959015501333387 0.7205508644516361 0.154838196047778 0.27759098620028233
0 0.15453756325770893 0.8185928981368562 0.046949041603125075 0.07110343262956001
8 0.2448157647207297 0.7349525093387861 0.15898148860083355 0.32139553327818293
4 0.29609375 0.7578125 0.0671875 0.334375
2 0.6435240620234379 0.7305003831193225 0.097353004368403 0.29064436525911963
4 0.7548434217308337 0.7449702118538484 0.1365609747331252 0.29757620373287813
6 0.8927980166205908 0.7621013904262185 0.1443734747331252 0.29771257142762975
0 0.9392392183679519 0.876962731335609 0.024237587005972294 0.03478410308425524
1 0.96953125 0.7984375 0.0609375 0.3125