2 0.053125 0.17421875 0.10625 0.3484375
10 0.07265625 0.18671875 0.1453125 0.3734375
10 0.11875 0.19765625 0.2375 0.3953125
0 0.16151328190645886 0.32358831534514054 0.09097154002227174 0.16561709172016936
1 0.32109375 0.20625 0.2984375 0.4125
2 0.7755779712762754 0.3143611400191813 0.07463856269890759 0.23875458279171563
1 0.8364427459420936 0.319547472000118 0.12349423337045273 0.2755375624991762
1 0.9190643419398665 0.3345082244357501 0.12020560136854393 0.2614205154212755
9 0.96953125 0.3484375 0.0609375 0.271875
2 0.1546875 0.63984375 0.103125 0.1421875
9 0.2515625 0.64375 0.15625 0.15
3 0.36015625 0.6390625 0.1453125 0.140625
0 0.4015126679265034 0.6143809107187579 0.05252611067790856 0.08371252678536116
1 0.48046875 0.64375 0.1390625 0.15
4 0.78828125 0.91015625 0.1109375 0.1796875
1 0.878125 0.91953125 0.109375 0.1609375
2 0.9671875 0.91875 0.065625 0.1625