7 0.15234375 0.1875 0.1921875 0.375
10 0.31428843797656203 0.20288840989809315 0.18699869224805585 0.3843591834403387
0 0.350150589952673 0.3410702483718516 0.06936955547083343 0.09492276217486459
1 0.44375 0.225 0.13125 0.36875
7 0.55546875 0.18515625 0.0921875 0.3703125
1 0.55859375 0.20234375 0.0984375 0.4046875
1 0.671875 0.2046875 0.228125 0.409375
2 0.93046875 0.228125 0.1265625 0.3625
0 0.52734375 0.38359375 0.0296875 0.0515625
2 0.02734375 0.54453125 0.0546875 0.2453125
4 0.0793159855636107 0.5619968084386912 0.14121210714194454 0.2960955243497292
9 0.1775170962209371 0.5738712913925625 0.1303109747331252 0.2974671095770768
0 0.21301687870600655 0.6604633563273706 0.03455814437666671 0.07557274431795698
1 0.2812415082650343 0.5834974817327601 0.1331086664125003 0.28345915665497756
2 0.3967210379003121 0.5917657236150853 0.1121779173624308 0.2565421006486231
7 0.5484375 0.5484375 0.078125 0.278125
6 0.62578125 0.55546875 0.1453125 0.2921875
0 0.6688116306058676 0.6821531700443628 0.037246733282499986 0.05687729139585791
1 0.78359375 0.57265625 0.1671875 0.3265625
1 0.9265625 0.5921875 0.146875 0.31875