4 0.06171875 0.22109375 0.1234375 0.4421875
5 0.090625 0.2625 0.18125 0.375
0 0.09773153124629275 0.4270827508530214 0.03842730032431163 0.05399782218833345
1 0.23622919520816632 0.3084808340592714 0.24094792288703193 0.3820176386770836
8 0.4744889001588605 0.22195296086541685 0.2102433936660387 0.41254028685347244
2 0.693303129866321 0.2754637398351045 0.12688542288703192 0.37936280452090293
0 0.7064594691508584 0.44757512917777814 0.04322389448011297 0.06035692496187508
1 0.8562258697200512 0.30346471931788244 0.2271308847375849 0.3957528303564585
3 0.9546875 0.3453125 0.090625 0.425
6 0.296875 0.80703125 0.14375 0.2703125
4 0.3515625 0.82890625 0.034375 0.2734375
1 0.61015625 0.690625 0.2796875 0.24375
9 0.79765625 0.6796875 0.2609375 0.221875
0 0.8523878035674273 0.6503364532659727 0.08504893019392785 0.1300524823325695
1 0.9265625 0.68203125 0.146875 0.2265625