4 0.12578125 0.1046875 0.1703125 0.209375
5 0.2859375 0.0875 0.0875 0.175
7 0.765650369109792 0.3689591666968407 0.07220622758291687 0.21718880642076394
1 0.8635793760436462 0.3829508911456255 0.08321646276527801 0.22056837955902786
0 0.9125 0.475 0.021875 0.05
1 0.95859375 0.390625 0.0828125 0.21875
7 0.0328125 0.753125 0.065625 0.28125
6 0.02734375 0.759375 0.0546875 0.290625
0 0.009375 0.87265625 0.01875 0.0828125
1 0.053125 0.75859375 0.10625 0.2890625
1 0.1477212527528824 0.7700365831093409 0.13205531268902818 0.3060344072944446
3 0.55546875 0.58046875 0.1453125 0.1609375
5 0.703125 0.57734375 0.125 0.1546875
7 0.82734375 0.58125 0.1328125 0.1625
0 0.887348103626563 0.6209600374221533 0.04095361474138883 0.08215918977951393
1 0.94765625 0.596875 0.1046875 0.19375