2 0.1453125 0.36796875 0.096875 0.0640625
9 0.2703125 0.35390625 0.153125 0.0921875
9 0.39609375 0.34609375 0.1640625 0.1078125
7 0.72890625 0.34921875 0.1796875 0.1015625
9 0.878125 0.3328125 0.16875 0.134375
9 0.3264360806621898 0.8203125 0.15882445081045732 0.3421875
5 0.4574851840202344 0.7921875 0.1420536130615094 0.309375
1 0.56328125 0.8109375 0.1109375 0.296875
0 0.5245139713136955 0.921875 0.05812501324684387 0.0984375
3 0.6421875 0.51953125 0.046875 0.1953125
1 0.6375 0.525 0.0375 0.190625
1 0.640625 0.5109375 0.04375 0.178125
1 0.66171875 0.50546875 0.0859375 0.1921875
1 0.7303373522617364 0.5015625 0.08623514427970277 0.1875
0 0.628125 0.56875 0.01875 0.046875