4 0.21953125 0.453125 0.2265625 0.3125
2 0.3769030192552763 0.40720136388183115 0.13777490937299816 0.2960974131695506
0 0.4421274825748224 0.5106960884132951 0.061882929344363194 0.08302310015828454
9 0.475 0.37109375 0.15 0.3296875
5 0.7309001759230036 0.2686831185006846 0.28975667472945166 0.4707744674053279
1 0.8875 0.23203125 0.225 0.4640625
3 0.25234375 0.88671875 0.2546875 0.2265625
1 0.4015625 0.86953125 0.215625 0.2609375
7 0.4859375 0.8578125 0.128125 0.284375
3 0.63984375 0.875 0.1765625 0.25
2 0.81484375 0.8640625 0.1078125 0.271875
8 0.9265625 0.84140625 0.146875 0.3171875
1 0.98125 0.82578125 0.0375 0.3296875
0 0.996875 0.9609375 0.00625 0.040625