1 0.48359375 0.10234375 0.0921875 0.2046875
7 0.23671875 0.08203125 0.2078125 0.1640625
3 0.38828125 0.08203125 0.1578125 0.1640625
0 0.4343937880714554 0.13493096523381992 0.06500052586424747 0.08739220364722229
6 0.5671875 0.15546875 0.075 0.3109375
1 0.59375 0.1703125 0.128125 0.340625
4 0.72890625 0.19921875 0.2078125 0.3984375
8 0.915625 0.209375 0.16875 0.41875
0 0.7917265664429853 0.3513742360353825 0.0737223079967011 0.11882404160312507
2 0.0328125 0.665625 0.065625 0.428125
10 0.05 0.67578125 0.1 0.4078125
9 0.10777511526848631 0.6760086004924309 0.2029912370013694 0.4294368461240278
0 0.16114049300687805 0.857059885161702 0.04799488229073816 0.09324216014423606
7 0.276860084389674 0.7221601679311117 0.19334345236163308 0.41984364057694457
6 0.7223748243605441 0.7029152861878822 0.14407557508545993 0.2828514804327085
4 0.8366275409744492 0.7259008041396532 0.1297857545523465 0.2747116721120834
5 0.940625 0.73203125 0.11875 0.2859375
0 0.8783483765512574 0.8503929642838894 0.062057382290738164 0.09356946846486114