4 0.40625 0.09375 0.165625 0.1875
2 0.509375 0.2703125 0.040625 0.178125
1 0.57734375 0.278125 0.1546875 0.1625
1 0.73984375 0.28828125 0.1578125 0.1421875
1 0.9109375 0.296875 0.165625 0.125
3 0.2724592446372468 0.6169094415613088 0.060020415494652826 0.11197389448011279
1 0.33257004284184877 0.6236719103117208 0.05378859621281205 0.11498980032431164
9 0.385690497662309 0.6235258599874093 0.05069995764913067 0.12118525324641087
0 0.40490358509452234 0.6778724407505299 0.009502265027114732 0.022038641233702094
1 0.4387700458669109 0.6304110596630977 0.053806776930971266 0.11811480032431163
1 0.478125 0.6265625 0.021875 0.115625
4 0.7083331121236895 0.6601685178602027 0.19743055366555087 0.36747169236879246
9 0.8418177778147342 0.6765866302799487 0.1833135115110732 0.35785123051823947
0 0.8808888472929667 0.808703655036715 0.05834883118569749 0.09319662094116268
1 0.9453125 0.68359375 0.109375 0.3328125