5 0.30703125 0.08984375 0.1765625 0.1796875
3 0.4453125 0.084375 0.146875 0.16875
0 0.490625 0.0546875 0.05625 0.103125
2 0.665625 0.12421875 0.196875 0.2484375
2 0.82734375 0.13515625 0.1921875 0.2703125
8 0.93671875 0.16484375 0.1265625 0.3296875
0 0.97890625 0.271875 0.0421875 0.109375
7 0.09765625 0.61328125 0.1953125 0.4671875
1 0.26953125 0.63125 0.2828125 0.503125
0 0.3229810412707149 0.8395322161351416 0.08353063836728972 0.12391928903121982
10 0.43203125 0.6734375 0.1734375 0.5375
3 0.59140625 0.75078125 0.1453125 0.4921875
3 0.90234375 0.78203125 0.1953125 0.4359375
0 0.97421875 0.96640625 0.0515625 0.0671875
1 0.740625 0.76484375 0.275 0.4703125