2 0.096875 0.11953125 0.18125 0.2390625
8 0.22890625 0.13125 0.2265625 0.2625
6 0.35859375 0.16328125 0.1828125 0.3265625
0 0.42421875 0.28359375 0.0515625 0.0890625
4 0.7741685847389966 0.2573210358268703 0.19278967337681613 0.32581365690134445
4 0.8720793734086328 0.2820375424907879 0.15665217870781625 0.3075804824490227
3 0.034375 0.70703125 0.06875 0.1546875
4 0.0671875 0.725 0.125 0.190625
9 0.1625 0.7390625 0.134375 0.21875
0 0.19480834874281464 0.832378523290458 0.02699885200509051 0.038272889812585476
1 0.278125 0.75625 0.1375 0.253125
1 0.3778566587364513 0.7908455558186229 0.1309612880330894 0.24747805674305995
6 0.528125 0.77265625 0.15625 0.2859375
1 0.53125 0.7625 0.1625 0.265625
0 0.515625 0.69296875 0.1 0.1265625
1 0.68203125 0.76953125 0.3234375 0.2796875
1 0.86484375 0.765625 0.2703125 0.271875