2 0.06953125 0.28671875 0.1390625 0.3734375
8 0.1912517407850351 0.2506665787498106 0.19630095706569478 0.37921584308955403
6 0.3535880866247226 0.24268993140553033 0.19964416261277815 0.38860902380771345
0 0.46198442771475745 0.36785758216765607 0.06915134992375016 0.08476588544042354
1 0.51875 0.196875 0.20625 0.39375
1 0.66640625 0.19375 0.1671875 0.3875
3 0.9703125 0.4171875 0.059375 0.359375
6 0.20625 0.79453125 0.1375 0.1296875
9 0.3171875 0.7953125 0.125 0.13125
0 0.38046875 0.74296875 0.0390625 0.0265625
1 0.4328125 0.79765625 0.134375 0.1359375
2 0.56484375 0.7921875 0.1109375 0.125
6 0.88515625 0.86484375 0.2296875 0.2703125