7 0.2265625 0.19296875 0.290625 0.3859375
8 0.4140625 0.21640625 0.26875 0.4328125
1 0.5390625 0.240625 0.2 0.4375
2 0.6875 0.38671875 0.096875 0.3546875
6 0.6984375 0.42109375 0.11875 0.3765625
1 0.73515625 0.41796875 0.1921875 0.3828125
1 0.86796875 0.44921875 0.2328125 0.3203125
2 0.959375 0.46875 0.08125 0.28125
0 0.75390625 0.55859375 0.1015625 0.1015625
5 0.0609375 0.7140625 0.121875 0.209375
3 0.15859375 0.71640625 0.2578125 0.2140625
6 0.33046875 0.72578125 0.2359375 0.2328125
0 0.38088495048317206 0.8328125 0.08329551542127547 0.1171875
1 0.509375 0.75 0.228125 0.28125
1 0.60546875 0.76640625 0.0671875 0.3140625
4 0.675 0.678125 0.071875 0.1375
8 0.7265625 0.69375 0.1375 0.16875
1 0.83515625 0.71015625 0.1578125 0.2015625
2 0.9609375 0.7265625 0.078125 0.234375
0 0.7433031298663211 0.76875 0.022393197240056395 0.0296875