2 0.034375 0.2 0.06875 0.31875
2 0.03125 0.184375 0.0625 0.35
8 0.08984375 0.20078125 0.1109375 0.3171875
1 0.25546875 0.2078125 0.1484375 0.303125
1 0.4046875 0.21328125 0.153125 0.2921875
0 0.15234375 0.3421875 0.0703125 0.034375
5 0.5640625 0.12578125 0.06875 0.2515625
8 0.646875 0.12421875 0.11875 0.2484375
0 0.72890625 0.2671875 0.0765625 0.184375
1 0.8375 0.1296875 0.14375 0.259375
0 0.0819104709277294 0.7084970909205776 0.07565450585373235 0.11468227711788863
1 0.20390625 0.559375 0.1734375 0.4
1 0.39609375 0.55625 0.1765625 0.39375
9 0.04375 0.5578125 0.0875 0.396875
5 0.05546875 0.5609375 0.1109375 0.403125
0 0.8649643863241863 0.6853012833195878 0.0362920240041051 0.06198317445232178
2 0.7389973048439014 0.5792749406831507 0.0686328670936592 0.2503924565847752
3 0.5921813921779189 0.5648450646606187 0.11887830678880888 0.2940348079967011
6 0.8280598048439014 0.5818663947606435 0.0842487767345796 0.24928459765100203
1 0.9311529885871227 0.5903357757977404 0.09514991529826115 0.24335284639736088
1 0.98671875 0.584375 0.0265625 0.221875