2 0.04453125 0.209375 0.0890625 0.365625
2 0.04296875 0.18125 0.0859375 0.3625
8 0.13125 0.18828125 0.15625 0.3765625
1 0.290625 0.1609375 0.190625 0.321875
1 0.44140625 0.16796875 0.1953125 0.3359375
0 0.2158367795383686 0.3022144014494968 0.08212412860909737 0.1051511083130606
8 0.6984375 0.4453125 0.1875 0.309375
2 0.93359375 0.4265625 0.1078125 0.346875
2 0.10078125 0.65859375 0.0921875 0.1171875
8 0.18203125 0.6640625 0.1109375 0.128125
7 0.26171875 0.66015625 0.1109375 0.1203125
0 0.3209054860353824 0.6489485008837628 0.03586607123840295 0.06426248789975161
1 0.35546875 0.6578125 0.1078125 0.115625
1 0.453125 0.65859375 0.115625 0.1171875
6 0.9296875 0.73515625 0.140625 0.2703125
3 0.79765625 0.7421875 0.2234375 0.284375