5 0.32737594401739945 0.1915685223244296 0.2269940974524129 0.37404897483619653
1 0.40625 0.22265625 0.0875 0.3796875
4 0.7453125 0.25546875 0.225 0.3265625
7 0.9578125 0.30390625 0.084375 0.2296875
7 0.8859375 0.290625 0.215625 0.25625
1 0.3609375 0.55859375 0.178125 0.2796875
6 0.215625 0.54921875 0.26875 0.2609375
2 0.0921875 0.54375 0.184375 0.25
0 0.2528248334029607 0.6394469147759476 0.08292660580511538 0.13886367694751697
7 0.57734375 0.58515625 0.2109375 0.3328125
1 0.7163590545470202 0.6051207333642038 0.19303575970346482 0.3406637305182393
1 0.8671204571794254 0.6477740633165456 0.2026835782151192 0.3486398717519414
1 0.94375 0.6984375 0.1125 0.36875
0 0.7487846302302505 0.7497786684293957 0.09170140507947586 0.12183981818121907