5 0.1 0.16328125 0.2 0.3265625
1 0.24140625 0.175 0.1953125 0.35
0 0.27974104348173173 0.3072990238769811 0.062011918184115444 0.09269842068857255
1 0.3875 0.19296875 0.2125 0.3859375
2 0.553125 0.2046875 0.071875 0.35
2 0.5984375 0.0375 0.01875 0.075
9 0.6109375 0.04453125 0.04375 0.0890625
2 0.5984375 0.3234375 0.01875 0.11875
5 0.93828125 0.15703125 0.1234375 0.2828125
7 0.2640625 0.8359375 0.240625 0.2125
2 0.4859375 0.81484375 0.14375 0.1703125
0 0.4765625 0.76875 0.078125 0.078125
8 0.5546875 0.8234375 0.06875 0.1875
2 0.6125 0.7953125 0.046875 0.13125
3 0.62578125 0.803125 0.0734375 0.146875
9 0.68203125 0.80390625 0.1453125 0.1484375
3 0.796875 0.82421875 0.140625 0.1890625
9 0.9171875 0.83203125 0.140625 0.2046875
0 0.7089966344688163 0.8758332582678845 0.024528638558944493 0.038318455534962936