3 0.03125 0.384375 0.0625 0.23125
2 0.08203125 0.38515625 0.0640625 0.2296875
10 0.196875 0.3875 0.109375 0.225
1 0.34140625 0.39296875 0.1359375 0.2140625
1 0.44921875 0.39609375 0.0609375 0.2078125
5 0.55703125 0.11953125 0.1546875 0.2390625
2 0.70546875 0.103125 0.1109375 0.20625
6 0.81484375 0.12265625 0.1515625 0.2453125
0 0.8810185687459964 0.1984375 0.050963610677908555 0.0828125
1 0.94921875 0.121875 0.1015625 0.24375
0 0.18735038474695082 0.67890625 0.04471361067790856 0.0828125
1 0.25546875 0.6078125 0.1203125 0.215625
1 0.36328125 0.603125 0.1078125 0.20625
5 0.046875 0.6046875 0.09375 0.209375
3 0.0328125 0.6078125 0.065625 0.215625
3 0.13671875 0.60859375 0.0984375 0.2171875
5 0.51640625 0.72109375 0.0734375 0.3171875
10 0.5125 0.725 0.065625 0.328125
0 0.549069134746951 0.86953125 0.06364542401336308 0.0984375
1 0.6319078120623608 0.7375 0.1412089920432706 0.31875