8 0.0375 0.1640625 0.075 0.284375
1 0.0756407254137236 0.20625 0.1501476400381801 0.28125
2 0.1742327667488599 0.21953125 0.12011469470081657 0.2515625
5 0.23984375 0.23828125 0.1390625 0.2671875
0 0.245817960097041 0.32890625 0.04634883601209037 0.0890625
8 0.71484375 0.10859375 0.2515625 0.2171875
3 0.84296875 0.12265625 0.2234375 0.2453125
0 0.8831270560948138 0.2015625 0.08741018801718106 0.1265625
10 0.93984375 0.15546875 0.1203125 0.3109375
8 0.2127032787237247 0.8078125 0.15192831604072535 0.3
5 0.28359375 0.8421875 0.0515625 0.290625
7 0.7418458860598154 0.696875 0.24044647071927033 0.3875
6 0.8890625 0.728125 0.221875 0.353125
0 0.918110036083678 0.87265625 0.07140338001272664 0.09375
1 0.95390625 0.76640625 0.0921875 0.3796875