8 0.19044789859168523 0.2844140993793616 0.14549650270527098 0.2860295013526354
1 0.2743410932527309 0.3268021413908155 0.14702264003818008 0.2829226826861809
2 0.3726422332511401 0.3396663154041786 0.11542719470081657 0.25287155601527206
2 0.5432905405792767 0.37993842142740475 0.10741470003181668 0.23559314934754488
5 0.44352689791536754 0.3584623160804963 0.1437340080362711 0.26882382001909005
0 0.44404397123650446 0.44832424741404175 0.044786336012090366 0.0895715773392725
6 0.92265625 0.3625 0.1546875 0.275
1 0.267620567950366 0.5954077854073602 0.10843176002545327 0.18873633068109025
1 0.358045573281366 0.613649802752996 0.11802493602799871 0.20759541868236298
1 0.44217512527850256 0.63572534476445 0.13722946936663477 0.24687609468490823
0 0.28771434460536643 0.6815907334102238 0.0382454346753633 0.06449885200509069
7 0.1890625 0.58515625 0.140625 0.1703125
4 0.9125 0.9015625 0.175 0.196875