9 0.20442606003340758 0.17539142273646205 0.09015447469763496 0.23067098997087018
6 0.2950601507001803 0.17880959092057752 0.0869749306969986 0.22589256175762476
0 0.3305714840467706 0.27746605126627655 0.017605670671545327 0.03643760517284953
1 0.38585787336886207 0.19629025910469303 0.08821016669318063 0.19781302586424748
5 0.477364120703362 0.20754365934211988 0.09304311736154425 0.21044941818411553
3 0.7854044347151341 0.17343646615168673 0.11364651869827132 0.23604045157021042
4 0.8799447753819069 0.1769682946023589 0.09776698002863507 0.2137108105039835
1 0.95390625 0.18984375 0.0921875 0.2359375
0 0.98984375 0.26640625 0.0203125 0.0578125
3 0.17421875 0.8 0.1203125 0.140625
2 0.284375 0.79296875 0.103125 0.1265625
6 0.3703125 0.79765625 0.115625 0.1359375
0 0.40703125 0.7453125 0.0390625 0.03125
1 0.47109375 0.796875 0.1296875 0.134375
1 0.56015625 0.78671875 0.0421875 0.1140625
1 0.559375 0.7859375 0.040625 0.1125
3 0.596875 0.78515625 0.090625 0.1109375
8 0.69375 0.78671875 0.075 0.1140625
2 0.8 0.7828125 0.046875 0.10625
10 0.8671875 0.784375 0.084375 0.109375
0 0.9017032387412238 0.8276719544066973 0.015970445337363515 0.030142141066226813
6 0.95625 0.7890625 0.078125 0.11875