9 0.1390625 0.13671875 0.15625 0.2734375
6 0.24453125 0.115625 0.1515625 0.23125
0 0.329132294071667 0.18641694081616472 0.029216027735416716 0.04769335391920819
1 0.3578125 0.09609375 0.15 0.1921875
5 0.43515625 0.08515625 0.0890625 0.1703125
5 0.8668303561920142 0.29141198086617714 0.1743519154625698 0.3126771594086269
6 0.9359375 0.27734375 0.128125 0.3390625
5 0.98125 0.25 0.0375 0.28125
7 0.34296875 0.8171875 0.2734375 0.365625
4 0.434375 0.80078125 0.090625 0.3890625
6 0.5700664185967017 0.6469322066512823 0.15400174145062523 0.24338159012915472
5 0.6766976250937156 0.6266304153476286 0.14506315254479193 0.2618588054894186
0 0.7445955995425004 0.7223771728694761 0.04683993882958344 0.06694345909205772
1 0.7754617802039586 0.6042121945770884 0.16326763867708358 0.23896687476889084
1 0.87890625 0.59375 0.1828125 0.228125