3 0.159375 0.14296875 0.21875 0.2859375
2 0.32734375 0.13515625 0.1390625 0.2703125
0 0.3554547332511401 0.23296504958381892 0.0413704346753633 0.06500805737069441
1 0.42265625 0.14296875 0.1140625 0.2859375
2 0.49296875 0.29453125 0.0265625 0.2453125
9 0.5328125 0.30546875 0.10625 0.2703125
8 0.6625 0.3359375 0.09375 0.265625
0 0.68984375 0.4515625 0.0203125 0.034375
1 0.7609375 0.34375 0.115625 0.25
1 0.8828125 0.35703125 0.121875 0.2234375
2 0.015625 0.878125 0.03125 0.24375
8 0.071875 0.88125 0.096875 0.2375
6 0.1796875 0.88671875 0.09375 0.2265625
0 0.2140625 0.99453125 0.021875 0.0109375
1 0.2859375 0.89453125 0.103125 0.2109375
1 0.39375 0.8953125 0.109375 0.209375
3 0.6162302432765936 0.7084599313270483 0.08835561736154415 0.20981271751493064
1 0.7113063859405028 0.7265540082650344 0.08844652402927142 0.21762521751493064
3 0.7970257099379574 0.7433037907501038 0.08995448002863497 0.21297408510611113
0 0.8294831265913671 0.8401781375397217 0.017732940006363405 0.04727504350298624
7 0.8874688966025029 0.7568194704616313 0.09146243602799871 0.20832295269729179
2 0.98125 0.77734375 0.0375 0.2015625