8 0.5348396500747548 0.23953649076229294 0.241653252337691 0.45226850831327015
6 0.689000430128984 0.287764705264627 0.23075211377400962 0.4582002595669115
0 0.7414174238824681 0.4361400207831755 0.08682835518980259 0.15562552586424747
1 0.856333375874258 0.31762936467325387 0.2260373426967707 0.45337636724704355
1 0.9546875 0.3421875 0.090625 0.409375
3 0.07421875 0.75546875 0.1484375 0.1515625
4 0.18359375 0.75390625 0.1328125 0.1484375
3 0.4625 0.77265625 0.171875 0.1859375
2 0.61875 0.75078125 0.1375 0.1421875
2 0.73125 0.75078125 0.10625 0.1421875
1 0.8328125 0.74921875 0.14375 0.1390625
1 0.94453125 0.7515625 0.1109375 0.14375
0 0.7546875 0.703125 0.05 0.046875