7 0.05390625 0.1953125 0.1078125 0.390625
4 0.04765625 0.2390625 0.0953125 0.3875
8 0.04453125 0.27109375 0.0890625 0.3734375
0 0.01796875 0.44140625 0.0359375 0.1015625
4 0.12734375 0.29765625 0.2078125 0.4046875
7 0.7148387721698308 0.31508211445163614 0.13728000580598768 0.26320120373287814
7 0.8056085246771133 0.33536161242304124 0.12942204169936494 0.2615023360381265
10 0.8883611887045937 0.362808728089198 0.13732546991261038 0.2647637037328782
9 0.95078125 0.3765625 0.0984375 0.246875
0 0.97421875 0.48828125 0.0234375 0.0234375
2 0.3453125 0.1359375 0.03125 0.121875
9 0.3798596815784577 0.15382660917333507 0.08248955423577735 0.151363676947517
7 0.0484375 0.5859375 0.096875 0.171875
9 0.15859375 0.584375 0.1828125 0.16875
0 0.19229486777576882 0.6143866392084025 0.060722202823851566 0.10100912094116268
1 0.2703125 0.5921875 0.11875 0.184375
4 0.6171875 0.63515625 0.171875 0.2703125
2 0.92890625 0.7015625 0.1421875 0.2875
0 0.7315512475592245 0.7697638859619916 0.055534597651002215 0.08373980032431164
1 0.7152934132360576 0.6576048051988709 0.1616267879384413 0.29486030681713327
1 0.813466488783736 0.6918104354755242 0.17587114436493217 0.3013557686676863