3 0.09921875 0.13125 0.1984375 0.2625
8 0.21640625 0.09296875 0.2171875 0.1859375
0 0.31484375 0.11171875 0.0296875 0.1171875
8 0.3828125 0.26484375 0.10625 0.3703125
8 0.3921875 0.2546875 0.125 0.390625
0 0.40078125 0.403125 0.0953125 0.09375
1 0.45625 0.225 0.253125 0.45
3 0.03046875 0.828125 0.0609375 0.234375
1 0.03125 0.809375 0.0625 0.234375
7 0.03046875 0.78125 0.0609375 0.228125
0 0.0046875 0.8640625 0.009375 0.03125
1 0.03359375 0.759375 0.0671875 0.2375
2 0.07866718692222693 0.7345981020846325 0.09431961599340219 0.23539315467854482
4 0.48984375 0.565625 0.1453125 0.23125
2 0.68515625 0.5375 0.0921875 0.175
0 0.7956668188172538 0.5981713481062678 0.021221782132453626 0.0314863573360908
2 0.34140625 0.55703125 0.0234375 0.1296875
9 0.34765625 0.5546875 0.0359375 0.14375
2 0.43515625 0.565625 0.0859375 0.23125
6 0.57265625 0.55390625 0.1359375 0.2078125
1 0.7328125 0.53984375 0.134375 0.1796875
1 0.8171875 0.5234375 0.121875 0.146875