2 0.08671875 0.28965691574334 0.134375 0.26640991316955065
2 0.18515625 0.30398017702611113 0.1234375 0.2692166644231918
5 0.26953125 0.3327751152684863 0.140625 0.2697167695960413
0 0.28828125 0.43691704598901426 0.0484375 0.07640938730530315
1 0.37734375 0.35073184191152135 0.1546875 0.2638759465556454
3 0.459375 0.38359375 0.11875 0.2796875
2 0.68828125 0.32265625 0.2515625 0.4140625
7 0.84921875 0.33046875 0.3015625 0.3984375
7 0.0640625 0.62734375 0.125 0.1953125
7 0.1515625 0.646875 0.146875 0.234375
0 0.159375 0.7288257496707956 0.034375 0.04318771034569906
1 0.23515625 0.6477144904995955 0.1203125 0.20662573620994654
1 0.3234375 0.6771770184754141 0.15 0.24342705423577726
5 0.73125 0.646875 0.284375 0.234375
1 0.8890625 0.66953125 0.221875 0.2796875
0 0.9640625 0.75234375 0.071875 0.1734375