4 0.3234375 0.253125 0.171875 0.3125
9 0.45546875 0.259375 0.1484375 0.3
10 0.521875 0.225 0.034375 0.3125
0 0.5171875 0.35390625 0.04375 0.0796875
6 0.60078125 0.14453125 0.1234375 0.2890625
6 0.64609375 0.10703125 0.1890625 0.2140625
1 0.8328125 0.10703125 0.2375 0.2140625
6 0.03828125 0.67578125 0.0765625 0.3234375
8 0.11277743193032137 0.6362949203621936 0.1412817173774524 0.3290008413827959
0 0.17406837324954932 0.7383826060972863 0.05568747334499946 0.08752874373179384
1 0.22860242659932126 0.6157430764721152 0.16599081604072552 0.30472826708875883
2 0.3601615092695939 0.58536159151581 0.11744422803945262 0.2939438797834558
3 0.584375 0.72421875 0.090625 0.3515625
3 0.6456450232734119 0.7074939704413359 0.17447602538190682 0.36276808762187224
1 0.7882597846117297 0.6666379867386719 0.17267716804581604 0.3424101235152495
1 0.9140625 0.6703125 0.171875 0.365625
0 0.7272393739258671 0.8097718727903338 0.07329314401654478 0.1239663489046432