6 0.04375 0.0875 0.0875 0.175
8 0.059375 0.0828125 0.11875 0.165625
0 0.12066376491454811 0.11953125 0.07463893692972227 0.11875
1 0.18828125 0.08984375 0.1921875 0.1796875
1 0.353125 0.090625 0.203125 0.18125
1 0.85625 0.4078125 0.1125 0.121875
2 0.9484375 0.40234375 0.103125 0.1328125
5 0.77109375 0.41171875 0.1203125 0.1140625
6 0.68125 0.40859375 0.125 0.1203125
4 0.05390625 0.61015625 0.1078125 0.2828125
1 0.084375 0.59296875 0.16875 0.2484375
0 0.1887234338924994 0.68125 0.0680252610179167 0.103125
1 0.2578125 0.58515625 0.25 0.2328125
1 0.41796875 0.5671875 0.2015625 0.196875
7 0.7545497620647564 0.86484375 0.09960387575930571 0.184375
7 0.8286230417000343 0.87109375 0.0968061840799308 0.1984375
7 0.9078566000206593 0.85703125 0.09815047853284753 0.1890625
8 0.96640625 0.84765625 0.0671875 0.1953125
0 0.8779859556439925 0.93203125 0.045459276785486225 0.0734375