7 0.06015625 0.375 0.1203125 0.428125
3 0.0921875 0.359375 0.184375 0.459375
0 0.18933922862159208 0.5457866436726293 0.05686977711788863 0.07595457386326174
1 0.271278235747728 0.32627693872193503 0.24420727038746418 0.4493489837646504
1 0.42109375 0.29296875 0.1578125 0.4546875
10 0.66640625 0.37734375 0.3328125 0.4234375
2 0.89765625 0.35546875 0.2046875 0.4671875
0 0.98515625 0.5421875 0.0296875 0.09375
3 0.18515625 0.94765625 0.1359375 0.1046875
9 0.27734375 0.9328125 0.1265625 0.134375
1 0.3625 0.92890625 0.1125 0.1421875
1 0.4421875 0.91171875 0.115625 0.1765625
7 0.8375 0.840625 0.21875 0.31875
6 0.9421875 0.83359375 0.115625 0.3328125