5 0.05625 0.25546875 0.1125 0.2265625
6 0.18359375 0.253125 0.1078125 0.23125
0 0.23203125 0.36171875 0.0328125 0.0140625
7 0.328125 0.25 0.11875 0.2375
8 0.6296875 0.34140625 0.059375 0.0546875
6 0.6953125 0.34296875 0.084375 0.0515625
8 0.78046875 0.3421875 0.0734375 0.053125
3 0.071875 0.64765625 0.14375 0.3609375
2 0.37909984897115034 0.6587133041396532 0.11018395988348058 0.3523275258355557
0 0.4108319191085523 0.804081008736806 0.043716559250342256 0.10719555737069442
1 0.5089321014784328 0.6836249980032297 0.1546159214828208 0.3767833183886111
1 0.22590665281121627 0.6574930302039587 0.1716215650563301 0.37093336189159737
3 0.62265625 0.7296875 0.0453125 0.24375
2 0.7091390384671667 0.7516619107129171 0.04271165188677948 0.2336489545971528
4 0.7948719499873647 0.7606933782278477 0.09164925705962901 0.25196384992375015
0 0.8324735868969565 0.8655451855985422 0.02149456677218975 0.04109777868534721
1 0.9048008794542513 0.771069793406077 0.09463786473976085 0.24734908510611114
1 0.98046875 0.78046875 0.0390625 0.2296875