5 0.3559336901607636 0.18460075552711358 0.17093597473312522 0.30104168874473985
6 0.43671875 0.203125 0.0453125 0.29375
1 0.58671875 0.11171875 0.2546875 0.2234375
6 0.73515625 0.1015625 0.2171875 0.203125
0 0.771875 0.04921875 0.065625 0.0984375
1 0.89140625 0.096875 0.2171875 0.19375
5 0.13335017534312463 0.7202580025318888 0.10123911094166686 0.19088294954451296
1 0.21590810220486079 0.7340873787554241 0.09324477298576409 0.18279763103285873
1 0.30636944804454824 0.7442833234906138 0.10294708130638916 0.19718751324684386
0 0.23918064162378433 0.8091791479927177 0.01773301386770836 0.02403770072563951
1 0.3914165952710066 0.7519445452676454 0.1029107137152085 0.19562501324684387
7 0.60234375 0.5609375 0.2546875 0.403125
10 0.80078125 0.596875 0.2328125 0.475
1 0.93515625 0.62578125 0.1296875 0.4796875
0 0.8486446009705897 0.7715377603364371 0.0741297906531944 0.0993849303072194