2 0.0453125 0.1203125 0.090625 0.240625
8 0.1625 0.121875 0.171875 0.24375
1 0.31640625 0.13203125 0.1984375 0.2640625
0 0.39609375 0.2140625 0.0671875 0.1125
1 0.45234375 0.0640625 0.0453125 0.128125
1 0.50625 0.059375 0.0875 0.11875
5 0.60390625 0.05625 0.0734375 0.1125
3 0.68828125 0.05703125 0.0734375 0.1140625
2 0.790625 0.053125 0.040625 0.10625
1 0.8453125 0.04921875 0.0625 0.0984375
6 0.91875 0.0484375 0.05625 0.096875
0 0.8734375 0.0109375 0.015625 0.021875
7 0.0375 0.63125 0.075 0.284375
5 0.04921875 0.63125 0.0984375 0.284375
0 0.10629083396874943 0.7618721435070023 0.030851262917777865 0.05086381802583091
1 0.20703125 0.64453125 0.1390625 0.3109375
2 0.41953125 0.64296875 0.0203125 0.3078125
3 0.47734375 0.60078125 0.0890625 0.2234375
2 0.6229373925737148 0.6136021280675961 0.04135627108590292 0.2338581744523216
4 0.7087112384134023 0.6231339039318435 0.09019381458888916 0.2524550617576248
0 0.7469177935998953 0.7282222207040332 0.021258057370694416 0.04121603338609479
1 0.8186856504574995 0.6341516234487425 0.09320971181534751 0.24785848997087018
1 0.9247538125015968 0.6450556826990849 0.09593466831236128 0.23076191818411546