2 0.02109375 0.09296875 0.0421875 0.1859375
1 0.27890625 0.12109375 0.1484375 0.2421875
4 0.38671875 0.11328125 0.1296875 0.2265625
6 0.48203125 0.12421875 0.1390625 0.2484375
3 0.57109375 0.1421875 0.1203125 0.284375
7 0.67421875 0.1234375 0.1265625 0.246875
0 0.7055816659407286 0.22776567897281658 0.029834276785486225 0.07392842370110611
1 0.765625 0.12265625 0.109375 0.2453125
0 0.5208111949104162 0.641321844152506 0.04051720364722229 0.0631818384737585
2 0.4015625 0.54765625 0.084375 0.2171875
3 0.25546875 0.54921875 0.1390625 0.2203125
6 0.490625 0.55078125 0.1 0.2234375
1 0.5921875 0.55546875 0.1125 0.2328125
1 0.67890625 0.54921875 0.0984375 0.2203125