2 0.0265625 0.09296875 0.053125 0.1859375
9 0.0484375 0.09296875 0.096875 0.1859375
7 0.175 0.0875 0.159375 0.175
0 0.26875 0.04453125 0.065625 0.0890625
1 0.3359375 0.08671875 0.190625 0.1734375
1 0.4828125 0.08984375 0.153125 0.1796875
0 0.9921875 0.25390625 0.015625 0.1046875
3 0.9296875 0.153125 0.140625 0.30625
5 0.78828125 0.16796875 0.2234375 0.3359375
0 0.17241408785899354 0.8207439259230036 0.05370818787965277 0.09278748400699968
7 0.2253734740675352 0.7122859885821402 0.15055073955076423 0.29386018268618097
9 0.3326761745806254 0.6555536359007318 0.16410409327423636 0.27214881468808994
4 0.10057349581902822 0.7223342452657758 0.15727351823611144 0.31424540802036277
5 0.03984375 0.7375 0.0796875 0.2875
5 0.93671875 0.70703125 0.1265625 0.3265625
7 0.8223380866247225 0.7249330812778662 0.16839285619201405 0.3221851773551808
3 0.6971932694703824 0.7537404286282745 0.15887238582729193 0.3158260893539081