5 0.44609375 0.2390625 0.1046875 0.259375
6 0.51953125 0.2390625 0.0609375 0.259375
2 0.578125 0.0984375 0.05625 0.196875
3 0.72265625 0.09375 0.1296875 0.1875
6 0.9125 0.0953125 0.125 0.190625
0 0.99296875 0.1609375 0.0140625 0.046875
3 0.2591963530875504 0.6939444634721108 0.1098149253226639 0.29557732710967277
4 0.40022077354224556 0.7182877187471166 0.1122229050301243 0.34404210064862306
6 0.5046875 0.72421875 0.090625 0.3140625
7 0.7203696323085437 0.7149718039744642 0.16482970779006792 0.31528190097293474
2 0.8872571233800898 0.7350775726421507 0.08261722564697553 0.3482114034085665
0 0.9262905754914103 0.8717378214243346 0.05007391233702041 0.09459547970746059
1 0.96953125 0.74375 0.0609375 0.36875