1 0.378125 0.14296875 0.153125 0.2859375
5 0.246875 0.1546875 0.146875 0.309375
7 0.11435495413308913 0.16011378074160038 0.15340784289316237 0.3180692648307229
3 0.0359375 0.18359375 0.071875 0.3140625
0 0.31801174013924677 0.2503382840612501 0.05049087939029935 0.0846658914905479
0 0.9439379150036735 0.3392553383159761 0.041088608313060604 0.07992384933607007
5 0.9734375 0.24140625 0.053125 0.2640625
5 0.6668572645361353 0.2518018318730685 0.1342487767345796 0.24764768052176755
2 0.8019544272021178 0.24085926581268158 0.09528627068445542 0.264607921544777
2 0.8933652223816576 0.24110872980652392 0.09681240924813697 0.2583670119038567
4 0.190625 0.565625 0.10625 0.19375
2 0.38984375 0.5515625 0.0546875 0.165625
2 0.00625 0.5125 0.0125 0.0875
9 0.01328125 0.51640625 0.0265625 0.0953125
2 0.13359375 0.5640625 0.0484375 0.190625
6 0.275 0.559375 0.1 0.18125
1 0.42890625 0.5546875 0.0796875 0.171875
1 0.71796875 0.5546875 0.1359375 0.171875
1 0.8328125 0.56875 0.14375 0.2
8 0.6 0.5796875 0.10625 0.221875
6 0.5046875 0.584375 0.071875 0.23125
0 0.6547759419346448 0.6427030460633025 0.04567611436318479 0.06276362041330899