1 0.4640625 0.17421875 0.071875 0.3328125
5 0.38125 0.16328125 0.165625 0.3265625
7 0.25 0.1484375 0.171875 0.296875
3 0.12265625 0.140625 0.1609375 0.28125
0 0.4204729979747004 0.27996337864850507 0.056187544642268605 0.08689207386326192
3 0.95 0.35234375 0.1 0.2734375
6 0.86328125 0.33828125 0.1765625 0.3015625
2 0.05441734984113951 0.837509277189103 0.0782376428552598 0.27628185633066593
8 0.15666564245481326 0.8447644439903502 0.11077740746575646 0.2612296006486231
6 0.26351961445163613 0.8567889314084486 0.10735239853730275 0.24398755357072233
0 0.29140625 0.9765625 0.0234375 0.046875
1 0.36875 0.8796875 0.11875 0.240625
1 0.45703125 0.88515625 0.0859375 0.2296875
5 0.55078125 0.56796875 0.1015625 0.1578125
8 0.646875 0.575 0.09375 0.171875
1 0.73828125 0.5796875 0.0984375 0.18125
1 0.834375 0.58125 0.096875 0.184375
0 0.6764969013832671 0.6298270109537534 0.022529564934808198 0.037881829545304765