4 0.071875 0.1296875 0.14375 0.259375
10 0.23046875 0.1265625 0.2609375 0.253125
0 0.38252369203284076 0.12933843982522086 0.088309041958086 0.1416084899708702
1 0.43984375 0.12890625 0.2578125 0.2578125
9 0.70390625 0.29140625 0.1953125 0.0953125
9 0.84765625 0.2765625 0.1953125 0.125
1 0.94609375 0.265625 0.1078125 0.146875
1 0.42421875 0.54375 0.2890625 0.409375
1 0.215625 0.5828125 0.359375 0.4875
0 0.3883611224564124 0.7080461130239013 0.1024624455488821 0.1576426669304743
7 0.09375 0.62890625 0.1875 0.5796875
3 0.7626970053627531 0.7378566673261856 0.30128278239192036 0.49774614436493214
9 0.909375 0.69296875 0.18125 0.4609375