4 0.31640625 0.15390625 0.2046875 0.3078125
8 0.490625 0.12578125 0.165625 0.2515625
0 0.5565270987428146 0.2109375 0.060520424013363085 0.0984375
1 0.61484375 0.13984375 0.1890625 0.2796875
1 0.6734375 0.1015625 0.071875 0.203125
7 0.8328125 0.409375 0.190625 0.18125
1 0.9453125 0.409375 0.109375 0.18125
10 0.3222600920591791 0.80625 0.2357407893857248 0.3859375
6 0.46487430605504293 0.77578125 0.1949157947167249 0.36875
0 0.5520844994032241 0.88515625 0.06846019334818117 0.109375
1 0.61015625 0.74921875 0.1984375 0.3484375
7 0.91171875 0.9 0.1765625 0.2