4 0.0609375 0.1609375 0.121875 0.321875
8 0.23359375 0.1484375 0.1015625 0.296875
0 0.27227027741086013 0.26930259308680515 0.04326019867918127 0.09316942496187508
1 0.3640625 0.17265625 0.140625 0.3453125
1 0.48359375 0.14375 0.1390625 0.2875
5 0.7782101000556793 0.2791529846136802 0.10825104137490715 0.30868662860909735
8 0.8879299980505886 0.23908906943545097 0.07952605736790748 0.2564695119678474
0 0.9426276834022695 0.37300882133531205 0.020077237348817435 0.11449891109416672
1 0.971875 0.2515625 0.05625 0.284375
3 0.13715893340226953 0.736441420593472 0.11150331070972533 0.31969686379145834
3 0.2995862080680878 0.7264091911106941 0.13199762404517976 0.33579464247680557
2 0.48714075206872415 0.7267325801690273 0.06653625604708875 0.34832970364722227
0 0.525204920751087 0.8415029417762842 0.03364884134309047 0.0726387194147918
4 0.625 0.609375 0.13125 0.18125
2 0.76953125 0.60546875 0.0921875 0.1734375
0 0.8126583727323151 0.5769124584937841 0.04162497334499946 0.08688305737069442
1 0.89921875 0.60390625 0.1328125 0.1703125