7 0.05703125 0.1828125 0.1140625 0.359375
7 0.09765625 0.2109375 0.1953125 0.340625
7 0.23524135005567928 0.24223890381889907 0.19611466804581604 0.3408546452908919
0 0.2657111947405875 0.3761093433483177 0.05556020401018138 0.07595457386326174
10 0.3709248587284971 0.2851922426996946 0.2040908000477252 0.35505351298564347
3 0.672914072724361 0.3712498883943282 0.20283738271799762 0.3815887394466932
3 0.8343333780633152 0.4098469638824433 0.1949703387173613 0.3767648717519414
5 0.9546875 0.43515625 0.090625 0.3390625
4 0.0828125 0.80703125 0.165625 0.2765625
0 0.29375 0.70625 0.103125 0.075
1 0.2296875 0.80625 0.28125 0.275
1 0.40859375 0.79296875 0.1828125 0.2484375
5 0.840625 0.834375 0.24375 0.33125
8 0.95390625 0.85625 0.0921875 0.2875