7 0.075 0.0703125 0.11875 0.140625
1 0.1703125 0.06953125 0.115625 0.1390625
0 0.20683004387744308 0.10208078893792356 0.03931856426490725 0.06380952885594056
1 0.27734375 0.07109375 0.1203125 0.1421875
2 0.390625 0.0734375 0.109375 0.146875
2 0.5828125 0.1890625 0.065625 0.325
5 0.58828125 0.2265625 0.0765625 0.28125
9 0.6506231594751339 0.2225520347615723 0.13947900329870527 0.28739585099579185
0 0.6841366899582348 0.33142603775679713 0.05893238229073816 0.09415179328391084
1 0.768713929929105 0.24106144338442728 0.1520699315119506 0.2909573606144387
1 0.8792877170761235 0.2496874205189365 0.15335964687221448 0.28163692431676957
6 0.07969557937510903 0.6930282258685649 0.05698944906292791 0.1346676658792491
5 0.13817566910855233 0.6948883370311577 0.056580272103323816 0.12060516587924894
10 0.19330343830888222 0.7046700755984124 0.05524509263643722 0.12836310217691818
9 0.2488403844688163 0.700389314165667 0.060068984956305374 0.13321429328391082
0 0.15595655100357905 0.754362540752022 0.01001149749271768 0.02220238221398514
1 0.58046875 0.8375 0.0609375 0.25625
1 0.609375 0.84453125 0.11875 0.2578125
6 0.6993632216949771 0.8568799055428119 0.11044472116625173 0.2551637043538365
3 0.7896699729486183 0.8646527108076224 0.1164219365265156 0.24600695916315996
3 0.59921875 0.98515625 0.0703125 0.0296875
5 0.8817438126820616 0.8653397023701019 0.1190922954602888 0.23049108656782166
4 0.95703125 0.87734375 0.0859375 0.2390625
0 0.9875 0.9796875 0.025 0.040625