2 0.02109375 0.29296875 0.0421875 0.3171875
6 0.02734375 0.284375 0.0546875 0.303125
7 0.11699521067798564 0.28223555766749664 0.13180073955076424 0.2958246285298145
0 0.16730172236149254 0.40178352804232553 0.04102634992375016 0.08551160266556704
1 0.2409593875397217 0.2895586611909936 0.11414046086541703 0.27501202335696495
9 0.53828125 0.203125 0.2109375 0.40625
10 0.76015625 0.1921875 0.2484375 0.384375
4 0.04921875 0.6734375 0.0984375 0.346875
7 0.1796875 0.66640625 0.125 0.3328125
0 0.24944272834541614 0.8114851369760988 0.05040134992375016 0.08578438730530316
6 0.2875 0.68828125 0.0625 0.3765625
10 0.52421875 0.5328125 0.0609375 0.065625
2 0.578125 0.53046875 0.04375 0.0609375
0 0.5974107157119788 0.5282323677757688 0.019841027735416718 0.04742056927947225
0 0.63828125 0.5296875 0.0421875 0.059375
0 0.68828125 0.5296875 0.0421875 0.059375