1 0.28125 0.1796875 0.284375 0.359375
1 0.42265625 0.1796875 0.1921875 0.359375
9 0.1078125 0.1796875 0.215625 0.359375
5 0.084375 0.1921875 0.16875 0.334375
9 0.81484375 0.32890625 0.1609375 0.0609375
7 0.934375 0.315625 0.13125 0.0875
3 0.13262868262626454 0.7516705425472612 0.18379789610167077 0.32603630093507635
2 0.3129786558409034 0.6990535608940255 0.12590357548481954 0.3210124576491305
10 0.4233979586008469 0.6687206453993727 0.16820016964062107 0.32750789734428026
0 0.50546875 0.78671875 0.0265625 0.0734375
1 0.49296875 0.63359375 0.0515625 0.3296875
2 0.54375 0.7203125 0.05 0.275
8 0.5982809561652149 0.6863353922761146 0.13111718100470676 0.2616738190854491
6 0.7008332118472578 0.6529229285768599 0.12612967207625303 0.2444590480082102
0 0.7775514448011291 0.7509240913410382 0.028970479707460584 0.048601126463433175
1 0.8067150190714282 0.6312110341594459 0.13550467207625302 0.24451359016268787
1 0.9093081850618965 0.6001423204601911 0.14030126623205455 0.2507908612399268