0 0.034375 0.359375 0.06875 0.121875
1 0.16796875 0.2203125 0.2421875 0.440625
1 0.33515625 0.23046875 0.1890625 0.4609375
9 0.0609375 0.203125 0.121875 0.40625
5 0.07421875 0.19453125 0.1484375 0.3890625
7 0.653125 0.1375 0.2 0.275
9 0.80703125 0.14453125 0.1828125 0.2890625
0 0.8584537727561777 0.24240674115800437 0.06373633068109026 0.10806856426490725
9 0.934375 0.15 0.13125 0.3
9 0.3515625 0.571875 0.121875 0.125
1 0.7413646280633153 0.784938885127225 0.17102376137808867 0.3345521594086268
1 0.8798913260661788 0.8100562085633325 0.1817612667090888 0.3176829081549856
5 0.6076436087284971 0.7701142040109857 0.16317489871099794 0.3311998388755136
7 0.49453125 0.74140625 0.1296875 0.3265625
3 0.46953125 0.72734375 0.0796875 0.3203125
0 0.6496322087444055 0.8884837707831755 0.05568747334499946 0.08752874373179384