2 0.134375 0.090625 0.084375 0.18125
10 0.22578125 0.10859375 0.1203125 0.2171875
10 0.34765625 0.1015625 0.1046875 0.203125
0 0.39370871125082196 0.1690021202830513 0.03831816000954511 0.07140363855894431
9 0.46875 0.13203125 0.15 0.2640625
9 0.7015625 0.2953125 0.146875 0.328125
9 0.8613512919319122 0.28911472882111305 0.1396464920432706 0.32270537727617316
6 0.96875 0.28671875 0.0625 0.3390625
0 0.765625 0.41796875 0.0625 0.0828125
6 0.1664484192791389 0.7653184937983009 0.11542719470081657 0.25483591567683306
2 0.31165183127786616 0.7704653318823915 0.07178628270208928 0.26293792069139793
0 0.3384768659293669 0.8813657279631834 0.04474997334499946 0.08721049498543501
1 0.39580865527532083 0.7867602701247668 0.1171351453691802 0.26738137978345583
1 0.5046875 0.79140625 0.090625 0.2546875
4 0.6065552512730937 0.7993381411327338 0.05312609468490823 0.1358753155185486
6 0.6541205946053664 0.8057639858807419 0.057649962682999246 0.12194920783841638
0 0.6793654952657758 0.8511075781214679 0.020839758672817864 0.045903533386094965
1 0.7119330946053665 0.8040818139357029 0.05143632535009015 0.12489235141192587
1 0.7696455972708666 0.8109933919906636 0.06235564401654479 0.12364810015828454