2 0.01796875 0.3109375 0.0359375 0.2375
10 0.05234375 0.3390625 0.1046875 0.18125
10 0.171875 0.34296875 0.09375 0.1734375
9 0.29453125 0.35390625 0.1390625 0.1515625
4 0.5265625 0.15 0.034375 0.159375
7 0.5830739399665925 0.15276495031656911 0.04240677068745358 0.15430706677218975
9 0.6399961019653198 0.16379939020829698 0.0469670013526355 0.1435059590920577
5 0.7009063299650016 0.16791624036658154 0.04358746268299925 0.12154003087881246
3 0.9609375 0.2609375 0.078125 0.26875
6 0.04296875 0.884375 0.0859375 0.23125
2 0.040625 0.89296875 0.078125 0.2140625
1 0.20390625 0.89140625 0.1859375 0.2171875
1 0.3671875 0.90546875 0.165625 0.1890625
3 0.96015625 0.6375 0.0796875 0.396875