1 0.115625 0.15859375 0.178125 0.3171875
1 0.5314010449980703 0.20852687276497434 0.15472357007089493 0.32851192431676957
2 0.2546877808123054 0.16686512930357827 0.1192574315119506 0.2898115228654907
2 0.3471707975053528 0.18024063774109872 0.1022517879384413 0.2954613221398514
10 0.43271349241164564 0.19649560951813036 0.1446044239901033 0.35625497840045367
4 0.621875 0.22890625 0.115625 0.3453125
0 0.6671875 0.3625 0.025 0.059375
1 0.90234375 0.203125 0.1953125 0.40625
1 0.7625 0.19765625 0.165625 0.3953125
0 0.8015724556603384 0.3330853847458739 0.08552362602253201 0.14971231252120454
7 0.75859375 0.2 0.1578125 0.4
2 0.07265625 0.76640625 0.1453125 0.4671875
9 0.2359375 0.7671875 0.275 0.465625
1 0.490625 0.790625 0.26875 0.41875
1 0.6296875 0.79921875 0.1 0.4015625
6 0.7390625 0.8078125 0.11875 0.384375
10 0.73203125 0.821875 0.1046875 0.35625
2 0.8734375 0.83515625 0.16875 0.3296875
10 0.959375 0.8421875 0.08125 0.315625