6 0.0546875 0.20625 0.109375 0.4125
3 0.0484375 0.19921875 0.096875 0.3984375
0 0.09686504433966156 0.315472547419035 0.08382473370266404 0.1426511083130606
1 0.19921875 0.1796875 0.2109375 0.359375
1 0.3265625 0.17578125 0.084375 0.3515625
2 0.4265625 0.11328125 0.115625 0.2265625
3 0.58125 0.1203125 0.1875 0.240625
9 0.74140625 0.11484375 0.1671875 0.2296875
7 0.8984375 0.09140625 0.15 0.1828125
2 0.09741427678868426 0.7344260387366321 0.09393918276559195 0.27549996974937907
5 0.31171875 0.703125 0.1140625 0.28125
6 0.20090298964166572 0.7225260024358869 0.12091085972519604 0.2897170058537325
0 0.3640625 0.8140625 0.009375 0.078125
5 0.50625 0.60078125 0.19375 0.1828125
5 0.65390625 0.596875 0.1484375 0.175
0 0.7232038869760987 0.5957009237842723 0.06223923871722885 0.0987829336450254
1 0.79375 0.60234375 0.1625 0.1859375
1 0.92890625 0.60546875 0.1421875 0.1921875