6 0.19453125 0.13125 0.2109375 0.2625
3 0.3796875 0.07890625 0.159375 0.1578125
6 0.48359375 0.07421875 0.1609375 0.1484375
7 0.60078125 0.06953125 0.1359375 0.1390625
0 0.6334435874044967 0.10364509124284238 0.0413704346753633 0.06429884933607007
1 0.7078125 0.07890625 0.146875 0.1578125
2 0.834375 0.078125 0.125 0.15625
2 0.13773109806649692 0.6929449823406066 0.12512945870463454 0.2803965480082102
6 0.23203125 0.7046875 0.1359375 0.296875
3 0.50234375 0.4515625 0.1453125 0.24375
3 0.6359375 0.4609375 0.140625 0.2625
9 0.760904968730088 0.4748479255517978 0.13606695870463453 0.2804601805217676
0 0.8029662940801782 0.5980490762157278 0.02699885200509069 0.03765453610435347
1 0.8955345073997242 0.49594115467095073 0.14704082137172564 0.2836488130353249
1 0.96953125 0.5125 0.0609375 0.275