6 0.0359375 0.0734375 0.071875 0.146875
5 0.1265625 0.06796875 0.10625 0.1359375
0 0.18046875 0.0203125 0.0390625 0.040625
1 0.23828125 0.0671875 0.1203125 0.134375
1 0.346875 0.06015625 0.11875 0.1203125
8 0.95390625 0.3515625 0.0921875 0.334375
2 0.86171875 0.35625 0.0953125 0.325
7 0.0359375 0.88984375 0.071875 0.2203125
4 0.07421875 0.89296875 0.1203125 0.2140625
8 0.25546875 0.89609375 0.1078125 0.2078125
4 0.39609375 0.8859375 0.0671875 0.228125
6 0.54453125 0.70078125 0.1203125 0.3640625
1 0.69296875 0.70625 0.1859375 0.375
4 0.87890625 0.7265625 0.1734375 0.415625
0 0.9660367832019278 0.8870980834251927 0.06486608656782167 0.11285452400410509