6 0.19286578977430002 0.17755580438150131 0.10877853084255103 0.2362023271096728
5 0.29599078977430004 0.17935585795222378 0.07722852191409721 0.21846935633066603
0 0.3359379054404569 0.2636723567344078 0.029243215096964016 0.0645534237011061
1 0.38414930884902354 0.187928062902918 0.08967397483619663 0.2155625446422687
1 0.4708544220795483 0.1902229943146619 0.0877023717519414 0.19209777110331833
1 0.6694810625024715 0.15879571631148465 0.13352516071216733 0.31161143019392784
1 0.81875 0.16796875 0.153125 0.3359375
6 0.62421875 0.15703125 0.0703125 0.3140625
3 0.62265625 0.1515625 0.0671875 0.303125
0 0.6 0.26796875 0.021875 0.0984375
6 0.0390625 0.78984375 0.078125 0.2203125
1 0.1734375 0.796875 0.15 0.234375
1 0.3453125 0.80390625 0.146875 0.2484375
1 0.50078125 0.8046875 0.1546875 0.25
0 0.24938497646434493 0.8833263376596843 0.05454322402541765 0.08217730032431163
1 0.6109375 0.78671875 0.04375 0.2140625
1 0.6109375 0.7875 0.04375 0.215625
1 0.61015625 0.79140625 0.0421875 0.2234375
3 0.634375 0.79375 0.078125 0.228125
7 0.72890625 0.79609375 0.0734375 0.2328125
4 0.8266174525183576 0.8007668023496113 0.06190353084255094 0.23538412094116268
1 0.9108969951320314 0.8077083234529295 0.0742944366867496 0.22935230925276526
0 0.8584520592560606 0.9021344334370435 0.011537517856907441 0.03456591477265238