2 0.078125 0.38515625 0.146875 0.1078125
9 0.1890625 0.37109375 0.196875 0.1359375
1 0.31796875 0.403125 0.2078125 0.071875
4 0.81015625 0.0546875 0.1140625 0.109375
7 0.88671875 0.0609375 0.1359375 0.121875
0 0.9167197114099055 0.071875 0.05730451734563573 0.090625
1 0.95859375 0.0546875 0.0828125 0.109375
1 0.0640625 0.64921875 0.128125 0.2609375
1 0.15186577605822463 0.66015625 0.13584878270208928 0.2609375
5 0.23950213605981538 0.671875 0.13254196936663476 0.2453125
4 0.31791803739654256 0.696875 0.1311612827020893 0.2609375
1 0.4039464440642698 0.7046875 0.13415901336727104 0.25
4 0.4861685980664969 0.72109375 0.12489310136854392 0.259375
7 0.5471702800763601 0.79375 0.06864200668363551 0.125
0 0.5053282254137235 0.8234375 0.025418170671545327 0.0359375
2 0.8852140780553611 0.6046875 0.12821809603754372 0.2765625
7 0.94921875 0.61328125 0.1015625 0.2890625