2 0.3265625 0.36171875 0.10625 0.1546875
5 0.16484375 0.36015625 0.1734375 0.1578125
1 0.92109375 0.1859375 0.1578125 0.371875
5 0.72421875 0.196875 0.2359375 0.39375
8 0.49296875 0.215625 0.2265625 0.43125
0 0.84921875 0.3375956185948669 0.09375 0.17296588001272664
5 0.3375 0.65390625 0.084375 0.1859375
6 0.2546875 0.6529580839433662 0.1 0.21210110534690846
0 0.375 0.7375 0.009375 0.053125
2 0.40234375 0.875 0.0453125 0.24375
9 0.49140625 0.86875 0.1109375 0.2625
8 0.63046875 0.871875 0.0859375 0.25625
0 0.68125 0.9828125 0.01875 0.034375
1 0.73359375 0.8703125 0.1078125 0.259375
1 0.85703125 0.87265625 0.1140625 0.2546875