1 0.39921875 0.24765625 0.0609375 0.3640625
2 0.33169244505790285 0.2258150629095086 0.128607830792914 0.35377165665497756
0 0.3598634177341481 0.36752527597787754 0.04270565046753809 0.08979888555165907
5 0.1659310896717086 0.20526855803824465 0.1881828186926656 0.38918305113509033
3 0.48046875 0.25625 0.1015625 0.38125
1 0.565331646853301 0.2606515332814783 0.1692601018701529 0.35916826866768636
9 0.7263464149054777 0.2711236087695933 0.16762487899751582 0.34664099512873603
0 0.7865395472226433 0.4107122142894804 0.06316359621281205 0.11515344155801373
1 0.8937020865484506 0.29711159010190685 0.19735783079291397 0.35497169236879245
1 0.9796875 0.29765625 0.040625 0.3453125
8 0.18046875 0.7171875 0.1765625 0.334375
1 0.32421875 0.6984375 0.1734375 0.296875
0 0.3786315984523073 0.8250729488682047 0.07555451190385672 0.0966216298696164
0 0.70078125 0.57109375 0.0296875 0.0421875
2 0.82421875 0.59453125 0.0703125 0.0890625
2 0.559375 0.58984375 0.059375 0.0796875
7 0.7453125 0.5921875 0.08125 0.084375
7 0.6140625 0.58828125 0.071875 0.0765625
9 0.6796875 0.59375 0.08125 0.0875