3 0.16017870124100594 0.20235680720527824 0.15232599577685785 0.352574733702664
4 0.32026675508107194 0.2000404862764535 0.16326349577685786 0.3528929824490227
8 0.4724059166012699 0.20263898588074197 0.14451349577685804 0.3523474131695504
0 0.5228425226320492 0.34714149214894824 0.04813127461060631 0.09819345909205772
7 0.634375 0.51875 0.078125 0.08125
7 0.69765625 0.5078125 0.0703125 0.103125
7 0.77265625 0.5171875 0.0734375 0.084375
8 0.8375 0.5140625 0.065625 0.090625
7 0.365625 0.846875 0.165625 0.30625
7 0.49609375 0.8609375 0.1078125 0.278125
0 0.53984375 0.98046875 0.0203125 0.0390625
2 0.575 0.66875 0.05 0.21875
9 0.63359375 0.66328125 0.1453125 0.2078125
0 0.6807686828986059 0.732314462523777 0.054199418184115444 0.09212531551854859
1 0.76796875 0.67265625 0.1609375 0.2265625
2 0.9265625 0.6640625 0.140625 0.209375