2 0.10900026785361216 0.4016817164297293 0.14696036931630943 0.27426472267624524
2 0.34773548538620813 0.3843225413689108 0.10806151055001152 0.2834124636992549
10 0.20390625 0.4046875 0.1640625 0.290625
0 0.3986997418790299 0.4846088876799188 0.04810230925276535 0.07058521077238851
1 0.390625 0.3796875 0.078125 0.303125
8 0.57421875 0.40625 0.2078125 0.2875
5 0.7109375 0.40234375 0.19375 0.2953125
0 0.8 0.509375 0.08125 0.08125
1 0.8390625 0.37734375 0.209375 0.3453125
1 0.93828125 0.34921875 0.1234375 0.3453125
2 0.028125 0.846875 0.05625 0.303125
3 0.04140625 0.83046875 0.0828125 0.3328125
7 0.04375 0.809375 0.0875 0.321875
0 0.09862187540209408 0.9263923875817228 0.04007162094116268 0.05803975897699054
1 0.14704396428288974 0.7915315742518104 0.1775206225627203 0.3244374394987579
1 0.28558826704283324 0.7626531162098964 0.1851694813290184 0.31510789129415606
3 0.759375 0.63671875 0.11875 0.1734375
7 0.85859375 0.63203125 0.1234375 0.1640625
0 0.9302497508074836 0.6803849959929792 0.04015344155801355 0.06272725897699054
1 0.94609375 0.61328125 0.1078125 0.1265625