2 0.11100597697223939 0.27389732057281274 0.14545621865896924 0.276637848023889
2 0.31796875 0.26328125 0.0421875 0.2859375
10 0.20656852955866417 0.28470949363482667 0.16180864436493217 0.30200152393569457
2 0.396875 0.228125 0.115625 0.26875
2 0.5006571618494023 0.21765058662472256 0.13630853919208263 0.28423214247680556
6 0.5820064502500621 0.19612238516170183 0.15064382383181857 0.29393445079743064
0 0.6549331363808663 0.28760267676482687 0.07036998746358769 0.11093880642076392
1 0.69161713097059 0.17993630033993108 0.1627801109788372 0.28172539152687504
1 0.8006056860642972 0.16920078172257008 0.17389946740532808 0.288229964665139
7 0.04609375 0.81484375 0.0921875 0.3421875
2 0.025 0.7640625 0.05 0.3125
0 0.0078125 0.9 0.015625 0.046875
1 0.05078125 0.74765625 0.1015625 0.3453125
2 0.20524405878812396 0.6928746710652437 0.14084292649738578 0.33274237765916687
7 0.609375 0.54375 0.171875 0.209375
1 0.73984375 0.5390625 0.1890625 0.2
0 0.8309691359851549 0.5691065966927088 0.043960600158284534 0.06191942496187508
1 0.88125 0.52109375 0.19375 0.1640625
3 0.9609375 0.51875 0.078125 0.159375