8 0.2676998613939972 0.34886602665567024 0.15227376137808885 0.33400659012915473
5 0.4075890647278609 0.35684131419840026 0.1426442227084525 0.3118588054894186
0 0.47616743674408735 0.47832752078317553 0.06520792401336309 0.10030152837152997
1 0.5395112267265881 0.35130803120801674 0.15243739337999784 0.3480690901291547
1 0.63828125 0.34375 0.0609375 0.33125
5 0.6921875 0.178125 0.046875 0.178125
7 0.68671875 0.18515625 0.0359375 0.1796875
0 0.675 0.253125 0.0125 0.05
1 0.6859375 0.1796875 0.034375 0.184375
1 0.6890625 0.18671875 0.040625 0.1765625
4 0.07109375 0.6625 0.1421875 0.1875
4 0.2109375 0.6578125 0.121875 0.178125
0 0.272596994072224 0.7052620938235714 0.05276246801399935 0.10462531551854859
1 0.33359375 0.65078125 0.1359375 0.1640625
3 0.465625 0.65625 0.14375 0.175
2 0.69609375 0.66953125 0.0546875 0.2015625
2 0.696875 0.68828125 0.05625 0.2390625
1 0.76328125 0.6984375 0.1578125 0.259375
1 0.890625 0.709375 0.15 0.28125
10 0.7 0.67265625 0.0625 0.2078125
0 0.69140625 0.76171875 0.0453125 0.0796875