3 0.26875 0.2375 0.246875 0.24375
1 0.4015625 0.22265625 0.175 0.2734375
4 0.553125 0.27734375 0.128125 0.1640625
9 0.64375 0.28046875 0.18125 0.1578125
9 0.89296875 0.253125 0.1859375 0.2125
10 0.76484375 0.2578125 0.1890625 0.203125
5 0.09988185837621569 0.7474028150563301 0.13983013867708358 0.23828491316955044
7 0.17595339589527814 0.7285368062808415 0.13554268218006965 0.2553360208496825
0 0.2401808564763545 0.8045741205457487 0.043605836056041625 0.06216503087881229
1 0.26457948480111143 0.7123782603583343 0.12885627108590292 0.2364041644231918
1 0.34853625750253503 0.696864572115959 0.12496755167111129 0.20350073620994652
2 0.765625 0.5171875 0.14375 0.315625
8 0.878125 0.496875 0.18125 0.275
8 0.9734375 0.4796875 0.053125 0.240625