3 0.046875 0.1375 0.09375 0.275
1 0.05703125 0.146875 0.1140625 0.29375
7 0.1734375 0.1359375 0.15 0.271875
0 0.2508895332748876 0.2297275994275118 0.06597164772652384 0.11049321509696383
1 0.309375 0.1203125 0.15625 0.240625
1 0.43203125 0.1296875 0.1140625 0.259375
2 0.6760280807598255 0.4345655093321955 0.09293534253094826 0.22342959172016935
10 0.7416803542987758 0.4372734979681098 0.09156375730360064 0.23433981818121907
5 0.8315104675293007 0.4380604764577544 0.09436147483619664 0.21564436525911965
1 0.928125 0.44609375 0.090625 0.2265625
1 0.9828125 0.446875 0.034375 0.225
0 0.88125 0.52265625 0.0375 0.0734375
2 0.13359375 0.73515625 0.1234375 0.3515625
8 0.26328125 0.72421875 0.1609375 0.3296875
10 0.409375 0.73125 0.159375 0.34375
0 0.48125 0.85 0.015625 0.109375
6 0.5328125 0.9 0.0875 0.2
5 0.65859375 0.90078125 0.1328125 0.1984375
1 0.815625 0.90078125 0.165625 0.1984375
2 0.975 0.89921875 0.05 0.2015625