2 0.040625 0.20859375 0.08125 0.3984375
8 0.05625 0.1796875 0.1125 0.359375
6 0.1671875 0.1640625 0.1625 0.328125
0 0.2599076448904453 0.29666599531463944 0.06301028896022594 0.12052310015828453
1 0.32265625 0.1671875 0.2078125 0.334375
1 0.4625 0.1484375 0.19375 0.296875
2 0.8488900986233234 0.33032897532288674 0.06812625730360064 0.23467652837152997
9 0.9302219192401745 0.3280056088672662 0.1280467280826075 0.2676541644231918
2 0.0734375 0.9328125 0.146875 0.134375
2 0.2890625 0.903125 0.1875 0.19375
8 0.16640625 0.9125 0.1921875 0.175
1 0.41953125 0.8953125 0.1796875 0.209375
1 0.50625 0.87890625 0.10625 0.2421875
9 0.89296875 0.615625 0.1265625 0.19375
6 0.95859375 0.603125 0.0828125 0.16875