7 0.05078125 0.31015625 0.1015625 0.3296875
6 0.16403873409837538 0.2984311460454979 0.16267246239076308 0.32990677068745367
0 0.24423836262818988 0.42432203138922475 0.071750631037097 0.10392497867599956
1 0.30645355463148877 0.30789814739813337 0.17503607007089492 0.3253647213558171
1 0.4444392879384414 0.2993509454169052 0.1711669239901033 0.3534351773551808
8 0.57109375 0.0921875 0.0640625 0.184375
8 0.56796875 0.07265625 0.0578125 0.1453125
0 0.5790429231321734 0.123404968730088 0.04248902837152997 0.0645352146721816
1 0.63125 0.0734375 0.13125 0.146875
6 0.03203125 0.60078125 0.0640625 0.1421875
3 0.0734375 0.5984375 0.1375 0.1375
0 0.14609375 0.5484375 0.0671875 0.0375
1 0.2171875 0.6125 0.1625 0.165625
2 0.32578125 0.584375 0.0671875 0.109375
10 0.9099937432695754 0.821378297382225 0.11751307508545991 0.2809601933481811
9 0.97734375 0.81953125 0.0453125 0.2796875