6 0.17734375 0.3796875 0.1671875 0.2
7 0.32734375 0.3671875 0.1609375 0.225
1 0.471875 0.353125 0.18125 0.253125
1 0.56953125 0.33515625 0.0796875 0.2890625
5 0.92578125 0.215625 0.1484375 0.39375
5 0.16953125 0.603125 0.2359375 0.246875
8 0.33046875 0.57578125 0.1671875 0.1921875
0 0.4221361587571576 0.6342984432686393 0.06010222872636941 0.12569089067472702
1 0.48984375 0.57265625 0.2078125 0.1859375
9 0.7161083516737611 0.7426114772835932 0.09173402380771334 0.19167951734563574
9 0.8004060836215844 0.7283484352721391 0.09336015632127079 0.20263519867918128
0 0.861707197984769 0.7901393632638668 0.020457945745273775 0.0252363573360908
2 0.9033356409013725 0.6935547172581399 0.06356357201231529 0.18353975334181777
5 0.9625 0.684375 0.075 0.196875