6 0.26484375 0.33125 0.1921875 0.2375
7 0.4109375 0.3171875 0.184375 0.265625
1 0.5453125 0.30078125 0.1875 0.2984375
1 0.828125 0.16328125 0.234375 0.3265625
1 0.92734375 0.1578125 0.1453125 0.315625
2 0.7125 0.1703125 0.146875 0.340625
0 0.7790321241842781 0.2862991451563549 0.05470686525911965 0.09217077962517113
5 0.6984375 0.19921875 0.11875 0.3984375
3 0.115625 0.715625 0.23125 0.44375
10 0.2670991400125908 0.6988743868430847 0.25601954382819453 0.4416037929530063
8 0.42347582507778264 0.6659435295586642 0.20873544074393954 0.41680236975432583
0 0.521533269882207 0.7812395721159591 0.07534664772652384 0.11151181301126592
1 0.5453125 0.63828125 0.1875 0.3765625
6 0.7771520243464339 0.6475081151354724 0.21351266964062104 0.33260922618081673
2 0.93203125 0.590625 0.1359375 0.28125
0 0.9875 0.68515625 0.025 0.1234375
1 0.96875 0.60234375 0.0625 0.3046875