6 0.090625 0.10859375 0.18125 0.2171875
6 0.24375 0.10546875 0.153125 0.2109375
0 0.3356886996600689 0.1249501679265034 0.05185605357097245 0.14743862133990876
1 0.4390625 0.10390625 0.18125 0.2078125
2 0.56328125 0.1109375 0.0671875 0.221875
8 0.67421875 0.1109375 0.1578125 0.221875
1 0.82734375 0.11875 0.1828125 0.2375
0 0.9200091482732982 0.1526382685789586 0.07442073138263901 0.11021134134309048
4 0.29786661702249967 0.6374876252785026 0.0816916367772225 0.2883727040101814
8 0.44223421286218717 0.6428371019255489 0.07856663677722242 0.2883363413430905
1 0.51796875 0.65234375 0.0234375 0.3015625
0 0.48778048936333285 0.7664922305856401 0.014935322188333443 0.03766363200190916
2 0.74140625 0.559375 0.0953125 0.159375
2 0.859375 0.553125 0.084375 0.146875
1 0.94765625 0.553125 0.1046875 0.146875
0 0.99453125 0.5765625 0.0109375 0.06875