6 0.20748140459900308 0.3116365239426922 0.2145192227084526 0.3114944277582959
4 0.332227413271821 0.26849227028924416 0.18019876670908896 0.31558190990138846
9 0.425 0.23828125 0.128125 0.2953125
2 0.534375 0.16640625 0.090625 0.3328125
4 0.54765625 0.1703125 0.1171875 0.340625
6 0.57109375 0.146875 0.1640625 0.29375
0 0.6395393792568671 0.22533042572640571 0.07614542401336308 0.0997466298696164
1 0.6859375 0.134375 0.215625 0.26875
1 0.83203125 0.115625 0.2265625 0.23125
4 0.22578125 0.72265625 0.2078125 0.3671875
2 0.41796875 0.6953125 0.1421875 0.3125
0 0.46953125 0.80234375 0.0390625 0.1078125
1 0.459375 0.69921875 0.059375 0.3203125
6 0.79296875 0.91875 0.1734375 0.1625
4 0.9078125 0.91171875 0.159375 0.1765625
5 0.96640625 0.88984375 0.0671875 0.2203125