6 0.5390625 0.084375 0.0875 0.16875
10 0.621875 0.08359375 0.075 0.1671875
1 0.69921875 0.084375 0.0828125 0.16875
2 0.80859375 0.078125 0.0390625 0.15625
0 0.8205469103117208 0.1431373088424329 0.011482970779006863 0.03144091477265239
2 0.88046875 0.0734375 0.0328125 0.146875
2 0.1640625 0.0265625 0.009375 0.053125
9 0.1859375 0.03359375 0.053125 0.0671875
1 0.05390625 0.79375 0.1078125 0.4125
1 0.0796875 0.7828125 0.159375 0.434375
7 0.053125 0.784375 0.10625 0.43125
5 0.06171875 0.78359375 0.1234375 0.4328125
7 0.420083260149565 0.588652991475288 0.16249564041962783 0.36053985389503396
8 0.5914088352306429 0.5783581939903503 0.12162517856907477 0.3457682418823252
0 0.6679598782513538 0.7594366444768177 0.07257620373287814 0.13091480925276536
1 0.7531412220001181 0.5803997552717105 0.16244109334172735 0.35741485389503397
3 0.897904297081196 0.569641307624617 0.15769904626382641 0.3542080332781829