3 0.0796875 0.15390625 0.146875 0.3078125
10 0.2375 0.159375 0.159375 0.31875
8 0.39921875 0.15546875 0.1140625 0.3109375
0 0.46452065058086767 0.24023203571611065 0.05274428668045381 0.10276263050895836
1 0.540625 0.14296875 0.11875 0.2859375
2 0.63046875 0.21640625 0.0609375 0.4328125
1 0.63984375 0.2265625 0.0796875 0.440625
7 0.6375 0.21015625 0.075 0.4203125
0 0.6862683812460494 0.36908308111895777 0.06751585868872638 0.16402743882958326
1 0.8125 0.20546875 0.178125 0.4109375
3 0.95234375 0.22265625 0.0953125 0.4453125
6 0.053125 0.71171875 0.10625 0.2453125
5 0.05625 0.7046875 0.1125 0.23125
1 0.22578125 0.703125 0.1765625 0.228125
1 0.3984375 0.70234375 0.18125 0.2265625
0 0.11875 0.6265625 0.065625 0.075
5 0.61953125 0.946875 0.0390625 0.10625
8 0.61953125 0.93828125 0.0390625 0.1234375
1 0.69765625 0.93671875 0.0796875 0.1265625
3 0.8046875 0.9296875 0.075 0.140625