3 0.04296875 0.17890625 0.0859375 0.3578125
10 0.04609375 0.18359375 0.0921875 0.3671875
8 0.11171875 0.1765625 0.1390625 0.353125
0 0.1862030611886131 0.27906330667655277 0.05842155405833438 0.1063696719450391
1 0.26875 0.1640625 0.178125 0.328125
2 0.44765625 0.15390625 0.1453125 0.3078125
5 0.6296875 0.17421875 0.1 0.3484375
6 0.73359375 0.17421875 0.1421875 0.3484375
0 0.8077644438003663 0.2885830591838353 0.0553147347764936 0.10940374373179385
1 0.87109375 0.1640625 0.1484375 0.328125
1 0.965625 0.16171875 0.06875 0.3234375
7 0.059375 0.69140625 0.11875 0.4640625
7 0.053125 0.68828125 0.10625 0.4578125
7 0.18671875 0.67890625 0.2109375 0.4390625
3 0.42265625 0.67421875 0.2421875 0.4296875
0 0.09048149503003025 0.8538239627864744 0.0820408612399266 0.1383016335443795
7 0.64375 0.73828125 0.128125 0.5234375
1 0.6546875 0.74765625 0.15 0.5015625
0 0.71875 0.9390625 0.071875 0.121875
10 0.84140625 0.73515625 0.2515625 0.5296875