5 0.10078125 0.0640625 0.1703125 0.128125
1 0.20859375 0.06328125 0.1609375 0.1265625
1 0.3328125 0.06640625 0.16875 0.1328125
1 0.4515625 0.0671875 0.178125 0.134375
0 0.24609375 0.04375 0.0734375 0.0875
6 0.7125 0.1140625 0.125 0.228125
1 0.70859375 0.12421875 0.1171875 0.2484375
0 0.6703125 0.22578125 0.040625 0.1203125
7 0.7109375 0.146875 0.121875 0.29375
10 0.82421875 0.159375 0.2203125 0.31875
6 0.08515625 0.79921875 0.1703125 0.4015625
10 0.21171875 0.82265625 0.2609375 0.3546875
2 0.425 0.8484375 0.21875 0.303125
10 0.54453125 0.8625 0.2109375 0.275
0 0.9703125 0.790625 0.059375 0.1
9 0.8984375 0.64453125 0.203125 0.3703125
3 0.77265625 0.621875 0.2453125 0.325