5 0.2586330939733169 0.3300972355636108 0.12329309601642038 0.24658667211208343
1 0.3687575277165383 0.33300207038538154 0.11547150565734085 0.24484233415618065
1 0.47265625 0.33046875 0.0734375 0.2578125
0 0.42437574776050485 0.4402865871028815 0.059847698672140126 0.08263196846486114
6 0.9250706393492484 0.19304987082222178 0.0842396863754999 0.2472399823325695
3 0.03203125 0.92890625 0.0640625 0.1421875
6 0.0546875 0.92734375 0.10625 0.1453125
1 0.1625 0.928125 0.1125 0.14375
1 0.26796875 0.9328125 0.1078125 0.134375
5 0.5484375 0.84375 0.078125 0.3125
6 0.55 0.853125 0.08125 0.29375
0 0.58125 0.97265625 0.053125 0.0546875
1 0.66328125 0.85546875 0.1359375 0.2890625
1 0.80234375 0.8546875 0.1484375 0.290625