4 0.0359375 0.4078125 0.071875 0.45
9 0.10987246307166432 0.3984484984813886 0.14152066720498907 0.41250261284152784
0 0.20210305317027596 0.5727925754193747 0.06317393019392803 0.12954333605604162
1 0.30643381737373543 0.41183493199263843 0.14971499675029384 0.43455945079743064
3 0.46953125 0.25859375 0.1015625 0.5140625
8 0.55078125 0.2203125 0.1640625 0.440625
0 0.6534706842577082 0.41174662585621497 0.06333757142762994 0.13891833605604162
1 0.7796875 0.2234375 0.2 0.446875
2 0.96953125 0.228125 0.0609375 0.45625
4 0.1234375 0.86328125 0.140625 0.2734375
8 0.26796875 0.8609375 0.1234375 0.278125
7 0.38046875 0.859375 0.0765625 0.28125