4 0.13828125 0.1234375 0.1671875 0.246875
9 0.29375 0.10703125 0.090625 0.2140625
1 0.83515625 0.1703125 0.2078125 0.340625
1 0.96015625 0.15546875 0.0796875 0.3109375
9 0.61640625 0.1828125 0.2234375 0.365625
6 0.43125 0.19765625 0.184375 0.3953125
0 0.7276815259778775 0.2942559293798537 0.06487279788867965 0.13702844155801355
2 0.02890625 0.784375 0.0578125 0.43125
9 0.05078125 0.77734375 0.1015625 0.4453125
2 0.05625 0.7734375 0.071875 0.453125
0 0.1 0.96328125 0.053125 0.0734375
1 0.22265625 0.75234375 0.2328125 0.4953125
1 0.7816753250843732 0.679273631894916 0.2483900503210162 0.538547851459402
1 0.95078125 0.67109375 0.0984375 0.5234375
1 0.5344457690780187 0.6952769127407622 0.25984574756107276 0.5684262662320544
0 0.6612871383976235 0.9053667532431156 0.07753643912238176 0.1466216298696164
7 0.409375 0.715625 0.140625 0.56875