7 0.03984375 0.29140625 0.0796875 0.3046875
0 0.01171875 0.4296875 0.0234375 0.04375
2 0.14402720084529452 0.33903999148187863 0.11387124953778169 0.3174523271096728
10 0.262140703352577 0.3588422025216529 0.16106449828414035 0.32920803327818293
1 0.6587706285963215 0.2493013814977647 0.26999688057487853 0.4232501339268061
1 0.8345458669178389 0.3001120848269011 0.284832270387464 0.4500580957773591
6 0.5140625 0.23203125 0.128125 0.4421875
2 0.49765625 0.225 0.0953125 0.45
0 0.502570789720808 0.41132191477594765 0.07587584138279588 0.13875458279171565
2 0.0265625 0.678125 0.053125 0.25625
1 0.04453125 0.68828125 0.0890625 0.2765625
1 0.06875 0.709375 0.1375 0.31875
1 0.21484375 0.7265625 0.1921875 0.353125
5 0.36953125 0.75546875 0.1609375 0.3609375
0 0.08967232145755019 0.8452781290621327 0.037665136051661816 0.06000229139585791
2 0.52421875 0.9046875 0.1484375 0.190625
6 0.61484375 0.9125 0.2265625 0.175
1 0.753125 0.90390625 0.209375 0.1921875
1 0.89609375 0.9296875 0.2078125 0.140625