7 0.190625 0.07421875 0.134375 0.1484375
0 0.24549052478871589 0.04877527597787763 0.02754442496187508 0.042651150162155815
2 0.365625 0.07890625 0.084375 0.1578125
10 0.4859375 0.08046875 0.134375 0.1609375
7 0.60390625 0.11015625 0.0484375 0.2109375
1 0.621875 0.115625 0.084375 0.20625
0 0.6507189661837505 0.2073281156694521 0.03582970364722229 0.06310001785690744
1 0.7050414838511809 0.1235337682672398 0.10185735999173637 0.21575345941492116
1 0.7870727338511809 0.12210190747234702 0.10472778685347243 0.20487050649282174
7 0.16090701130225718 0.5435673989476351 0.18067465064493077 0.31396486282348773
5 0.3046031131258683 0.572321870133679 0.14909734232430588 0.299356892044481
0 0.34057894034819486 0.6740792390462467 0.050655923062014094 0.09615797970746058
7 0.41228832655673636 0.5649712459461055 0.14597234232430586 0.29930234496658026
9 0.515625 0.57265625 0.128125 0.3046875
2 0.6046875 0.61875 0.05 0.3
7 0.6991187921718061 0.6333372366106147 0.15102351823611143 0.3150091655834313
1 0.6125 0.62578125 0.065625 0.2984375
1 0.845739872243924 0.6534434107187579 0.15429398860083357 0.321313712661332
1 0.9484375 0.665625 0.103125 0.334375
0 0.7545901550133338 0.7667985730557783 0.04462412860909737 0.10542388555165907