3 0.028125 0.31328125 0.05625 0.3109375
4 0.028125 0.31015625 0.05625 0.3359375
3 0.028125 0.2953125 0.05625 0.31875
0 0.0046875 0.4109375 0.009375 0.04375
1 0.0328125 0.27421875 0.065625 0.3109375
2 0.12237115527532083 0.2588385439439501 0.06786239871099795 0.32842652837152997
3 0.39609375 0.1015625 0.1046875 0.203125
2 0.5046875 0.09296875 0.08125 0.1859375
10 0.57734375 0.0921875 0.1015625 0.184375
0 0.6246956292568672 0.1517835280423255 0.025636346674090583 0.05541492570596294
1 0.6765625 0.08515625 0.090625 0.1703125
1 0.778125 0.07890625 0.109375 0.1578125
8 0.025 0.59140625 0.05 0.1640625
10 0.02734375 0.58359375 0.0546875 0.1484375
1 0.04375 0.58671875 0.0875 0.1546875
1 0.1640625 0.5859375 0.115625 0.153125
0 0.0078125 0.6015625 0.015625 0.046875
3 0.3234375 0.8015625 0.146875 0.396875
10 0.51875 0.80625 0.146875 0.3875
5 0.7042296826066391 0.8059505393250965 0.13866579471672508 0.3726599131695506
0 0.7867501865850037 0.9628704775674718 0.028597714672181595 0.04144335391920819
1 0.8765625 0.803125 0.159375 0.39375
2 0.98203125 0.77578125 0.0359375 0.3578125