3 0.03203125 0.09921875 0.0640625 0.1984375
4 0.053125 0.0921875 0.10625 0.184375
3 0.14921875 0.07421875 0.1328125 0.1484375
0 0.21574314162378433 0.09836551189608152 0.02114895459715278 0.03664682813030105
1 0.2671875 0.06484375 0.146875 0.1296875
2 0.39765625 0.06640625 0.0984375 0.1328125
5 0.621875 0.13515625 0.084375 0.2703125
4 0.6125 0.10234375 0.065625 0.2046875
1 0.67890625 0.0859375 0.1546875 0.171875
3 0.78046875 0.06796875 0.1421875 0.1359375
0 0.6271345833031593 0.15924101371018012 0.02903418977951393 0.04004464664195524
7 0.0421875 0.6140625 0.084375 0.26875
5 0.04296875 0.596875 0.0859375 0.234375
0 0.02120993199263843 0.6640475647986392 0.03248649810013884 0.05421627404661713
1 0.08984375 0.58359375 0.1796875 0.2078125
7 0.696775589287083 0.6228893406593549 0.12475065254479185 0.2619593413771451
4 0.79375 0.60703125 0.11875 0.2546875
1 0.884375 0.59765625 0.11875 0.2359375
0 0.9474464300927774 0.6859523027329216 0.013045513867708358 0.02387400961864685
3 0.9578125 0.5890625 0.084375 0.21875