3 0.2296875 0.19375 0.134375 0.271875
3 0.33359375 0.19921875 0.1421875 0.2609375
9 0.41328125 0.215625 0.0921875 0.228125
7 0.7890625 0.08359375 0.203125 0.1671875
2 0.94453125 0.10234375 0.1109375 0.2046875
0 0.971875 0.165625 0.05625 0.1
3 0.0734375 0.65859375 0.146875 0.6109375
3 0.20877756737373546 0.6876491687128409 0.29435711525582453 0.580149467405328
2 0.40234375 0.74140625 0.1140625 0.5171875
2 0.50234375 0.77734375 0.0859375 0.3359375
8 0.6233991749222174 0.7863296757724699 0.14788766964062106 0.33069973370266403
9 0.740150298299012 0.8079198677757689 0.16992631087432314 0.34071123119538155
0 0.8016899959461055 0.9505870894042389 0.041825035713814886 0.06993206677218958
1 0.9101491526010831 0.8209330301538966 0.16666494317957153 0.3328078029821361