3 0.03515625 0.1375 0.0703125 0.275
3 0.1 0.1515625 0.15 0.303125
3 0.3099333620703149 0.17791098858214022 0.13911923337045273 0.2750192760184536
9 0.20431916140195144 0.16663822859645777 0.14700445870463455 0.28136018268618096
8 0.4187180160725421 0.19305363590073182 0.14393400270527099 0.28601132001909
0 0.24066628874917803 0.2685728985916853 0.057140885343726744 0.07721702800763594
7 0.87421875 0.07421875 0.1015625 0.1484375
10 0.9484375 0.0796875 0.084375 0.159375
0 0.9699987054025877 0.13662346459263972 0.02549089600572696 0.04247840133672724
1 0.98671875 0.08359375 0.0265625 0.1671875
6 0.0484375 0.596875 0.096875 0.346875
7 0.14442544605345206 0.6327263052594125 0.16958853071290694 0.3425522213558171
1 0.2744856633911337 0.6632485045751405 0.16600899737427088 0.30345335868872636
1 0.4073527073917701 0.6663905912237778 0.1692430853755436 0.3128647213558171
0 0.1919646120703149 0.7564087059198219 0.07296588001272682 0.09458634134309048
8 0.7323163447246792 0.6722995246260474 0.18063511871417964 0.3520544906906352
5 0.8645657707272246 0.6895132019414573 0.16782603604390706 0.32534654002227176
0 0.9130589094127691 0.8280302619350939 0.06667951734563574 0.09138861600890866
5 0.96875 0.71484375 0.0625 0.3171875