7 0.059375 0.30625 0.115625 0.146875
6 0.2234375 0.303125 0.103125 0.153125
1 0.3859375 0.31640625 0.128125 0.1265625
1 0.5171875 0.31953125 0.084375 0.1203125
7 0.57890625 0.26015625 0.0390625 0.2390625
4 0.59609375 0.2625 0.0703125 0.234375
1 0.6875 0.2671875 0.071875 0.225
0 0.72890625 0.3765625 0.0078125 0.00625
3 0.77890625 0.26796875 0.0734375 0.2234375
1 0.0328125 0.565625 0.065625 0.3375
1 0.06328125 0.5646901968363146 0.1140625 0.3519909683433749
1 0.1796875 0.5892208181845143 0.115625 0.34420574188232517
7 0.2796875 0.5898190616916926 0.109375 0.32534664772652383
9 0.38671875 0.6020133242735943 0.1140625 0.3160534683433749
1 0.4828125 0.6003360016281484 0.1078125 0.30031937418757354
0 0.5390625 0.7345104042259362 0.0296875 0.052080697240056394
5 0.54296875 0.6140625 0.0328125 0.278125
6 0.5953125 0.721875 0.071875 0.334375
7 0.67890625 0.7376429070653099 0.121875 0.33025233603812654
1 0.81171875 0.748605906254531 0.125 0.2912443831160271
1 0.940625 0.73203125 0.11875 0.2984375
0 0.7421875 0.8529445787378211 0.0609375 0.08700116801906325