7 0.1109375 0.184375 0.221875 0.36875
7 0.30703125 0.1875 0.2328125 0.3625
7 0.528125 0.2015625 0.228125 0.334375
1 0.7234375 0.27734375 0.0875 0.1828125
1 0.7734375 0.31796875 0.153125 0.1015625
2 0.70859375 0.3078125 0.0578125 0.121875
4 0.87109375 0.32421875 0.1296875 0.0890625
5 0.09140625 0.88125 0.1390625 0.2375
4 0.2375 0.88125 0.1125 0.2375
1 0.36015625 0.87890625 0.1296875 0.2421875
1 0.48671875 0.88671875 0.1171875 0.2265625
3 0.7357177687395479 0.7375669187221339 0.0997737827847038 0.23083292401336308
10 0.8379660699692119 0.7551640460693605 0.0950226502711466 0.2198408800127268
1 0.9324836844305924 0.7586077667488599 0.08889082493918146 0.240080654678545
1 0.98828125 0.76875 0.0234375 0.221875
0 0.8670172448336386 0.8648844914067239 0.022102258976990363 0.039317038669636165