7 0.07265625 0.20078125 0.1453125 0.4015625
7 0.1671875 0.184375 0.271875 0.36875
7 0.375 0.16015625 0.25 0.3203125
0 0.31574166123956166 0.28483424526577583 0.09709823320977691 0.14169769867918128
8 0.6171875 0.209375 0.209375 0.41875
1 0.74765625 0.1703125 0.2046875 0.340625
1 0.9015625 0.15703125 0.196875 0.3140625
0 0.8550720013507623 0.29502521590550435 0.0830704495445131 0.09780224801081765
3 0.04765625 0.68984375 0.0953125 0.2328125
10 0.13858885108060992 0.6754592452657759 0.11243554573098144 0.2230931493475449
1 0.228125 0.6640625 0.10625 0.209375
1 0.31953125 0.65 0.1140625 0.18125
0 0.20285473692279207 0.7700626732575035 0.024801592558271322 0.0393352200031817
4 0.5453125 0.81015625 0.090625 0.3796875
6 0.55390625 0.79296875 0.1078125 0.3421875
0 0.6208606924577549 0.9043285852562308 0.07278771397248338 0.11642497867599957
3 0.677668709247978 0.7629854225811858 0.18587802413143512 0.35826812802354446
9 0.825 0.72734375 0.184375 0.3359375