5 0.10859375 0.16171875 0.1453125 0.0953125
8 0.21328125 0.15078125 0.1078125 0.1171875
1 0.32421875 0.14609375 0.1421875 0.1265625
1 0.4375 0.146875 0.1375 0.125
1 0.1491471714828208 0.4372965086824029 0.10870036473976094 0.24590337334017515
1 0.25199938684308465 0.4285214723816576 0.10383100831327016 0.23962610226293624
1 0.3460532637235465 0.4126651891059745 0.10525711599340219 0.23494769262201592
8 0.4488372829238765 0.40154640280522924 0.08793322367353404 0.23016019867214013
3 0.30040109758449507 0.6154902072563472 0.0520746285298145 0.12528180113146803
3 0.56171875 0.64140625 0.0859375 0.3171875
3 0.5962387833195878 0.601786776439992 0.1464564290046681 0.3086124515990063
7 0.7246676602000497 0.5861304810640605 0.16534282132453626 0.3134090359079618
0 0.8205688450772126 0.6874526074292977 0.06430184389007838 0.11597952400410509
1 0.8756391268139548 0.5666997458947833 0.16070078543115898 0.3149442648307229
1 0.96640625 0.525 0.0671875 0.3