5 0.034375 0.21953125 0.06875 0.3171875
8 0.0359375 0.19453125 0.071875 0.2640625
0 0.05521859006999676 0.3354454742022595 0.03259541868236297 0.11653428213245362
1 0.12659305605504292 0.22317514324430485 0.1361942280394528 0.2944894490629279
1 0.23853907272436103 0.23945570962078316 0.13286923337045273 0.27721102084968247
8 0.628125 0.2390625 0.284375 0.478125
8 0.55078125 0.215625 0.1421875 0.43125
0 0.7216537540976773 0.3896699729486183 0.11286472135581711 0.1688529515702104
1 0.8703125 0.23984375 0.259375 0.4796875
2 0.04609375 0.84140625 0.0921875 0.3171875
1 0.1484375 0.84375 0.178125 0.3125
9 0.32734375 0.85625 0.1671875 0.2875
1 0.43828125 0.86015625 0.0828125 0.2796875
3 0.66640625 0.7984375 0.1671875 0.278125
3 0.83046875 0.80703125 0.1609375 0.2953125
5 0.96171875 0.80078125 0.0765625 0.2828125