5 0.1912839487337235 0.26401146126336783 0.16235421364440422 0.3180783551898026
10 0.3335312847062431 0.23428253376666247 0.17517246239076306 0.32908857806243946
2 0.5102900129986307 0.19966611837020548 0.11382578543115898 0.31467155405833436
0 0.5691301524155049 0.3250837540070208 0.03454013605166182 0.0595658975406721
1 0.6313754028112163 0.17240366072107488 0.1769622829238763 0.3369101684215191
1 0.73359375 0.1515625 0.0921875 0.303125
2 0.23359375 0.64609375 0.0984375 0.1546875
7 0.33515625 0.6453125 0.1578125 0.153125
8 0.48515625 0.64375 0.1359375 0.15
9 0.6109375 0.6421875 0.153125 0.146875
9 0.7296875 0.64140625 0.1 0.1453125
0 0.5553942613492782 0.653676907499621 0.02935253087881229 0.04235112646343318
1 0.8453125 0.80390625 0.13125 0.3921875
10 0.90859375 0.79453125 0.1828125 0.4109375
0 0.98671875 0.92890625 0.0265625 0.1359375