5 0.02890625 0.1890625 0.0578125 0.309375
10 0.0546875 0.18046875 0.109375 0.3203125
2 0.22521064090137255 0.17382592378427225 0.06432716217500314 0.31442611436318463
0 0.2705145714231401 0.3068974990180413 0.02688975292686635 0.056404536104353656
1 0.3485935987468949 0.16516906215156207 0.12689988504764002 0.3272897287263694
10 0.4671875 0.30078125 0.075 0.3578125
10 0.540625 0.29453125 0.221875 0.3703125
10 0.7234375 0.284375 0.196875 0.390625
0 0.82578125 0.44921875 0.0734375 0.0609375
1 0.909375 0.2640625 0.18125 0.43125
4 0.2484375 0.5703125 0.171875 0.18125
2 0.39296875 0.56640625 0.0734375 0.1734375
1 0.9734375 0.54296875 0.053125 0.1265625
4 0.89765625 0.53984375 0.0859375 0.1203125
3 0.78984375 0.540625 0.1234375 0.121875
0 0.9405998124461498 0.5767463907049809 0.03789997579950324 0.06896816861791084