1 0.41778020000784916 0.23000983792173085 0.28155760108060973 0.45934082670272575
2 0.59609375 0.19921875 0.1265625 0.3984375
5 0.22054061225890126 0.2651040952816842 0.2645337921876024 0.46382833203372587
7 0.09765625 0.3078125 0.1953125 0.48125
0 0.3367409872164922 0.4261859512651395 0.08734128729346118 0.13065111067790874
1 0.68359375 0.29609375 0.0484375 0.1796875
7 0.68125 0.303125 0.04375 0.15625
2 0.6765625 0.30234375 0.034375 0.1546875
2 0.67890625 0.28203125 0.0390625 0.1515625
0 0.665625 0.3546875 0.0125 0.046875
3 0.16643595481717263 0.8482347686187295 0.12013891832631982 0.22005905601527206
1 0.275629905542812 0.829783665937321 0.12989586424263583 0.2311056440165448
1 0.3826437973754441 0.8066723352562308 0.12784229092165802 0.21702496268299926
0 0.4384275167054049 0.8864592852482766 0.04258929328391083 0.056722714672181596
8 0.5028298118034144 0.7865314632400043 0.11388891832631991 0.21998633068109025
3 0.93828125 0.72578125 0.1234375 0.2515625