1 0.40546875 0.34765625 0.0671875 0.4234375
5 0.27109375 0.3484375 0.1765625 0.421875
7 0.1 0.353125 0.2 0.4125
0 0.3625 0.51796875 0.0625 0.0828125
7 0.62109375 0.35528557891289064 0.1390625 0.3759213054894186
4 0.815625 0.3472815476383668 0.1140625 0.3783188797834557
8 0.97265625 0.32890625 0.0546875 0.3640625
7 0.03125 0.6421875 0.0625 0.165625
9 0.065625 0.640625 0.115625 0.1625
0 0.14140625 0.60625 0.0421875 0.09375
1 0.225 0.64765625 0.1375 0.1765625
1 0.36640625 0.64140625 0.1296875 0.1640625
1 0.66328125 0.64296875 0.0984375 0.1671875
2 0.76484375 0.63828125 0.0671875 0.1578125
6 0.56171875 0.64609375 0.0859375 0.1734375
9 0.475 0.646875 0.071875 0.175
0 0.6140625 0.7058632742814017 0.0390625 0.058949102665567035