5 0.49453125 0.1265625 0.0890625 0.253125
4 0.79140625 0.27890625 0.1171875 0.2015625
3 0.896875 0.28203125 0.134375 0.1953125
1 0.96953125 0.2890625 0.0609375 0.18125
4 0.06640625 0.70390625 0.1328125 0.5609375
5 0.06484375 0.725 0.1296875 0.55
0 0.0359375 0.9546875 0.071875 0.090625
1 0.2 0.75078125 0.265625 0.4984375
1 0.40546875 0.77890625 0.2671875 0.4421875
1 0.6015625 0.64296875 0.125 0.3109375
1 0.83046875 0.6704000458560001 0.128125 0.3084155567430599
6 0.9421875 0.684375 0.115625 0.296875
2 0.74609375 0.6593512340983754 0.0609375 0.28146060015828456