5 0.07265625 0.20625 0.1453125 0.39375
3 0.2296875 0.18359375 0.16875 0.3671875
0 0.31687403859009444 0.3208815543687914 0.07487382535008998 0.12557431301126593
1 0.375 0.18359375 0.128125 0.3671875
10 0.48125 0.38984375 0.084375 0.2984375
9 0.6234375 0.38828125 0.15625 0.3015625
1 0.825 0.37578125 0.15625 0.3265625
1 0.95859375 0.37890625 0.0828125 0.3203125
7 0.04609375 0.88359375 0.0921875 0.2328125
3 0.0734375 0.8796875 0.146875 0.240625
1 0.2640625 0.87421875 0.19375 0.2515625
1 0.4015625 0.86484375 0.075 0.2703125
3 0.55 0.64765625 0.1125 0.2171875
9 0.64609375 0.6390625 0.1015625 0.2
0 0.6886495885980486 0.7076016190294101 0.030323846674090583 0.05555131802583091
1 0.7328125 0.628125 0.090625 0.178125
1 0.81953125 0.6265625 0.0984375 0.175