0 0.16859951662654044 0.06870716521461465 0.07537573620994653 0.12240384890464337
1 0.2671875 0.0921875 0.184375 0.184375
1 0.41015625 0.1015625 0.1984375 0.203125
5 0.1171875 0.0953125 0.1875 0.190625
5 0.0546875 0.109375 0.109375 0.21875
2 0.56796875 0.13515625 0.0578125 0.2703125
1 0.90234375 0.15546875 0.1671875 0.3109375
1 0.76171875 0.146875 0.1515625 0.29375
5 0.6203125 0.13828125 0.1625 0.2765625
0 0.8106960884132951 0.25846834718878375 0.06518238229073817 0.09400606426490725
3 0.1578125 0.540625 0.1625 0.28125
5 0.28515625 0.54765625 0.1640625 0.2953125
0 0.3335114627864744 0.6599375704666064 0.044915346397360875 0.09497753087881229
1 0.4212949561225569 0.5649182386507219 0.15601328543115897 0.31833612602253203
1 0.50546875 0.56796875 0.0671875 0.3046875
7 0.6474913947606435 0.5571415279093115 0.16029160847155471 0.3044100183424
3 0.8288694268930972 0.5936426322242312 0.1317574315119506 0.28952916442319176
0 0.8613446092629775 0.7171399681967507 0.041897994985435005 0.04493206677218957
8 0.9346109615328333 0.6060864594212622 0.12385400329870536 0.28617684389007836
8 0.7440625178801816 0.5763438204666065 0.128859752045064 0.29725073620994635