5 0.19296875 0.2390625 0.2734375 0.478125
4 0.6376808225781774 0.1466592930382405 0.13737093401923312 0.26481699980360823
2 0.8343572457768579 0.19239799815328826 0.0834275801000249 0.2363829275949012
0 0.895852338413295 0.3186241548673424 0.019659282132453625 0.03135908430895533
2 0.33984375 0.03203125 0.0203125 0.0640625
9 0.346875 0.03515625 0.034375 0.0703125
2 0.5818256276718847 0.13370075078556692 0.07892193652651561 0.24260565651766247
6 0.7210388918576497 0.16492750400702075 0.13084814937949715 0.2554056383672898
1 0.8786755471096415 0.21167471809905897 0.12588786473976085 0.24600336729005096
1 0.95390625 0.2265625 0.0921875 0.221875
3 0.4703125 0.790625 0.209375 0.18125
6 0.6265625 0.7859375 0.171875 0.171875
6 0.77578125 0.78359375 0.1609375 0.1671875
1 0.91171875 0.7828125 0.1765625 0.165625
0 0.8082878054229117 0.8064837449318345 0.03431281551854859 0.0517533975406721