5 0.23046875 0.40859375 0.2671875 0.3828125
1 0.36796875 0.3796875 0.2421875 0.41875
1 0.446875 0.33671875 0.084375 0.4296875
0 0.4671875 0.49921875 0.04375 0.1265625
7 0.8887305240690424 0.29163619985435074 0.2121032947167249 0.3747967261808167
4 0.9640625 0.2453125 0.071875 0.3375
2 0.23203125 0.696875 0.1796875 0.19375
10 0.34140625 0.6984375 0.2203125 0.196875
6 0.55859375 0.84609375 0.1390625 0.3078125
2 0.65859375 0.8296875 0.1703125 0.340625
0 0.7515625 0.98125 0.075 0.0375
1 0.8203125 0.8 0.2875 0.4
1 0.925 0.8 0.15 0.4