5 0.121875 0.14453125 0.225 0.2890625
1 0.26640625 0.14765625 0.1984375 0.2953125
1 0.43125 0.15703125 0.196875 0.3140625
0 0.3301100494111783 0.2407179959098719 0.06548064401654478 0.12373902837152997
10 0.5515625 0.08671875 0.04375 0.1734375
4 0.62109375 0.103125 0.0921875 0.20625
1 0.71171875 0.1046875 0.0890625 0.209375
3 0.80110270739177 0.12414059817972749 0.08532152402927125 0.21803459765100222
0 0.6549276887332697 0.18857047420225959 0.023892033338636053 0.03974446159934022
1 0.0484375 0.8328125 0.096875 0.334375
1 0.07421875 0.84296875 0.1484375 0.3140625
5 0.19140625 0.85546875 0.1765625 0.2890625
5 0.41953125 0.86328125 0.1609375 0.2734375
5 0.49453125 0.8640625 0.0703125 0.271875
2 0.3359375 0.86953125 0.125 0.2609375
2 0.77109375 0.6625 0.1484375 0.2875
10 0.903125 0.67421875 0.19375 0.3109375