3 0.04140625 0.2421875 0.0828125 0.375
3 0.0390625 0.26171875 0.078125 0.3671875
5 0.03671875 0.26796875 0.0734375 0.3296875
0 0.052313155207152205 0.4165831372533673 0.030923998100139016 0.05347044533736352
1 0.15222484907072875 0.2849871445735498 0.17053723765090306 0.3472033586887262
1 0.29140625 0.30859375 0.1171875 0.3640625
10 0.5218307938842358 0.37912059460536646 0.17279072188333355 0.37690904002227177
10 0.6743920962209371 0.40155757391791286 0.1751883700597226 0.34569540268936266
0 0.7248979764455551 0.5470240679105951 0.05356271751493065 0.08653748400699968
1 0.8338937295796871 0.4278189872295048 0.19601001633625045 0.36780676002545326
1 0.96015625 0.4203125 0.0796875 0.33125
2 0.025 0.87578125 0.05 0.2328125
7 0.06171875 0.8796875 0.1234375 0.240625
1 0.0328125 0.8796875 0.065625 0.240625
1 0.19453125 0.8796875 0.1546875 0.240625
1 0.29765625 0.8796875 0.1046875 0.240625
0 0.09765625 0.96953125 0.0453125 0.0609375
9 0.61171875 0.8796875 0.2609375 0.240625
10 0.83046875 0.8796875 0.2921875 0.240625