3 0.05234375 0.1125 0.1046875 0.225
3 0.06328125 0.1328125 0.1265625 0.265625
5 0.18828125 0.13984375 0.1796875 0.2796875
0 0.22228329220334145 0.265625 0.03689207386326192 0.0546875
1 0.33359375 0.16328125 0.2109375 0.3265625
1 0.46953125 0.19765625 0.1609375 0.3703125
10 0.61171875 0.18828125 0.1234375 0.3765625
10 0.75078125 0.21015625 0.3234375 0.4203125
10 0.9 0.20546875 0.2 0.4109375
0 0.97109375 0.36484375 0.0578125 0.1421875
4 0.22421875 0.6484375 0.1203125 0.11875
9 0.3265625 0.659375 0.13125 0.140625
1 0.4265625 0.67578125 0.1375 0.1734375
2 0.5296875 0.68203125 0.040625 0.1859375
0 0.34962526785361214 0.7234375 0.022447744317957152 0.0328125
7 0.58125 0.63671875 0.0625 0.0953125
6 0.584375 0.6390625 0.06875 0.1
1 0.65546875 0.64453125 0.1296875 0.1109375
2 0.74140625 0.65703125 0.1203125 0.1359375
0 0.5814986051095546 0.67421875 0.0511454886359143 0.065625