2 0.0296875 0.31484375 0.059375 0.2484375
6 0.0375 0.31015625 0.075 0.2578125
1 0.04609375 0.2875 0.0921875 0.303125
1 0.153125 0.2921875 0.140625 0.29375
2 0.26532935065191837 0.2750127079090042 0.10326491639421001 0.277707924013363
0 0.0890625 0.3921875 0.065625 0.09375
2 0.484375 0.30078125 0.05 0.2765625
1 0.4921875 0.29453125 0.065625 0.2890625
9 0.490625 0.290625 0.0625 0.296875
0 0.496875 0.40234375 0.053125 0.0734375
1 0.559375 0.28046875 0.146875 0.3171875
2 0.7262765332814782 0.2675911065802312 0.08780355762791228 0.2869011106779086
2 0.02578125 0.64609375 0.0515625 0.2859375
6 0.034375 0.6515625 0.06875 0.284375
4 0.05739411972664188 0.6286666086091846 0.10606263392680618 0.2589942866804539
0 0.11122645738962147 0.7217711712683211 0.04325116801906326 0.06142839600572696
1 0.1669736712687694 0.6156751652610033 0.12826491639421017 0.27799882535009013
6 0.2803231051161452 0.6104507685789586 0.1299910576279121 0.2873920066836355
4 0.47578125 0.6234375 0.0328125 0.18125
4 0.47734375 0.60859375 0.0359375 0.1765625
2 0.5794855336885154 0.6458813806095026 0.08887513392680617 0.25879429201145393
7 0.6545673543053663 0.6403211765993213 0.12072515178371361 0.293532918682363
5 0.7442474630716643 0.6486507499204582 0.11880809577735914 0.27320223734881743
3 0.8350497410748415 0.6374399825748224 0.11433878408896181 0.2856476933481812
3 0.911966797081196 0.6162365972310956 0.11113196347211077 0.2809238306810903
3 0.96796875 0.609375 0.0640625 0.25625
0 0.9476394699715233 0.720487745226005 0.030696620941162676 0.058157945337363515