3 0.11640625 0.07578125 0.1203125 0.1515625
3 0.23203125 0.090625 0.1203125 0.18125
1 0.3421875 0.11171875 0.125 0.2234375
0 0.3757109861434394 0.22521504505260106 0.05888691818411544 0.09160684740221221
1 0.45234375 0.13046875 0.1328125 0.2609375
2 0.61953125 0.153125 0.2015625 0.30625
8 0.76875 0.17421875 0.178125 0.3484375
0 0.8119356426490725 0.29165429708119606 0.04942098997087019 0.08831820616851012
1 0.90859375 0.175 0.1828125 0.346875
1 0.97890625 0.1953125 0.0421875 0.36875
2 0.2484375 0.6921875 0.20625 0.225
8 0.4 0.71328125 0.178125 0.2671875
0 0.44318564264907245 0.790091797081196 0.04942098997087019 0.08831820616851012
1 0.48359375 0.71328125 0.0703125 0.2671875
3 0.55859375 0.8140625 0.0796875 0.31875
9 0.6753268897460786 0.824258291399153 0.15454171364440422 0.31972393912238156
4 0.79609375 0.84140625 0.1765625 0.3171875
0 0.821875 0.95859375 0.05625 0.0828125
1 0.90859375 0.84609375 0.1828125 0.3078125
1 0.978125 0.86171875 0.04375 0.2765625