3 0.02734375 0.15234375 0.0546875 0.2390625
3 0.12346340462967795 0.16015625 0.10557171022569989 0.2296875
1 0.2389384001654511 0.16875 0.11045012499835245 0.240625
0 0.2979122053610266 0.28125 0.05311709172016936 0.0890625
1 0.3546588575517772 0.16328125 0.12500354869945837 0.26875
2 0.7046875 0.0953125 0.03125 0.190625
5 0.721875 0.09140625 0.065625 0.1828125
3 0.82734375 0.08125 0.1203125 0.1625
0 0.8984752670494238 0.134375 0.03061480032431163 0.053125
1 0.9515625 0.07890625 0.096875 0.1578125
8 0.13798955479183378 0.69140625 0.12284103084255094 0.234375
8 0.23881171510025928 0.6890625 0.09921261606989873 0.2234375
0 0.2719866793864442 0.7578125 0.04048072402541756 0.08125
1 0.32320035186973434 0.68828125 0.10239216314779931 0.2265625
3 0.4038872901813371 0.67578125 0.10521715421934559 0.209375
6 0.734375 0.784375 0.090625 0.29375
4 0.725 0.75703125 0.071875 0.3046875
9 0.7609375 0.740625 0.14375 0.284375
0 0.8289673364484589 0.84609375 0.034039809252765355 0.0703125
2 0.9217196724865854 0.72421875 0.1443262930174157 0.3015625