1 0.05546875 0.4328125 0.1109375 0.09375
1 0.12734375 0.42265625 0.1390625 0.1140625
1 0.31171875 0.4234375 0.1234375 0.1125
3 0.2296875 0.42578125 0.128125 0.1078125
7 0.39921875 0.41796875 0.1203125 0.1234375
1 0.4875 0.22890625 0.05625 0.2609375
1 0.4875 0.20859375 0.05625 0.2609375
5 0.5281379220639517 0.1915777426848962 0.11375560669954403 0.2447695989738195
4 0.6101146280633152 0.18879954122187542 0.11081242003499839 0.26032186379145833
1 0.6926544080601336 0.16728952355444493 0.11382833203372567 0.2510195989738195
4 0.7745220260582245 0.1551363220914242 0.10454423870145284 0.25861389342673624
7 0.8578708753978151 0.2031575544239937 0.059248825350089976 0.12478310087368065
0 0.8294646120703149 0.24545350398715335 0.022274989337999783 0.034884146276527875
4 0.0625 0.7359375 0.125 0.359375
6 0.1979686167249973 0.6976660481557296 0.14455216804581603 0.34077308320625016
0 0.289394142743451 0.8356946846486115 0.03650112133990877 0.04927395459715278
1 0.352374306055043 0.6770476896826046 0.1475680800445435 0.33147081838861114
7 0.8156470127307245 0.7266612575025351 0.15501695337363444 0.3004026563445141
7 0.92421875 0.7171875 0.1515625 0.33125