1 0.03203125 0.1578125 0.0640625 0.24375
1 0.06328125 0.14765625 0.1265625 0.2640625
1 0.246875 0.1484375 0.115625 0.2625
3 0.16328125 0.15078125 0.1203125 0.2578125
7 0.33671875 0.1421875 0.1203125 0.275
4 0.41328125 0.14296875 0.0921875 0.2734375
0 0.45625 0.25234375 0.00625 0.0484375
7 0.87109375 0.2296875 0.1796875 0.1
3 0.13125136890927241 0.44545521395609294 0.1598149253226639 0.29554995202099904
4 0.27095875121452073 0.4360154846037756 0.15817060470581285 0.29084427068745367
1 0.37578125 0.42890625 0.1421875 0.2984375
0 0.44140625 0.51953125 0.0359375 0.0921875
8 0.503125 0.6546875 0.0875 0.36875
2 0.5860519172049891 0.6370501785885037 0.15169450811437954 0.3673158640197263
0 0.6571747150936686 0.772187699912504 0.058404609577076806 0.12409202800763594
1 0.7349979318154857 0.6196888612349136 0.19571724350388314 0.3834499413589988
1 0.8984375 0.60703125 0.203125 0.3984375