2 0.0375 0.16640625 0.075 0.3328125
2 0.59765625 0.165625 0.1078125 0.33125
1 0.41911636338317954 0.16378059812079818 0.13639422270845253 0.31090374525034736
1 0.2784277287157705 0.16158493132704832 0.11935217337681614 0.3230037017473613
5 0.1378209100493159 0.16642051453329848 0.13019876670908898 0.3154457748856251
0 0.3353146227323151 0.28216888184013855 0.05572383601209037 0.0903353656913195
6 0.8779742900620426 0.3281918562889234 0.1216226507001803 0.24963893692972228
2 0.99140625 0.3109375 0.0171875 0.234375
3 0.10078125 0.878125 0.1296875 0.15625
5 0.22890625 0.87578125 0.1328125 0.1515625
0 0.28359375 0.82265625 0.0359375 0.0453125
1 0.3640625 0.87734375 0.125 0.1546875
1 0.49140625 0.8734375 0.1234375 0.146875
1 0.69375 0.86015625 0.06875 0.1203125
1 0.7875 0.85859375 0.084375 0.1171875
4 0.88671875 0.86015625 0.0859375 0.1203125
8 0.97578125 0.8546875 0.0484375 0.109375