3 0.297523721395588 0.1559359488616142 0.08394083736472586 0.23266822402541756
1 0.41550156206236083 0.1587763510523649 0.09813060669954403 0.2438511858759707
7 0.5373583807288153 0.15934118709049142 0.09391582137172563 0.28439436525911965
0 0.5938089227402694 0.24468439772322856 0.020785214672181595 0.0409795560063543
1 0.60859375 0.1390625 0.0203125 0.253125
2 0.859375 0.43828125 0.103125 0.2015625
1 0.94921875 0.43515625 0.1015625 0.2078125
7 0.18121746873008798 0.7022729809219812 0.10138287603436211 0.25484323295387146
7 0.3718970127307243 0.7102878526739227 0.09011811203054414 0.22652731818121907
3 0.27808337806331523 0.7031826903369023 0.08552151869827114 0.23425799756436802
8 0.4702254247294516 0.7026310856277942 0.08074311203054396 0.22636367694751697
0 0.3166015327418602 0.7913372552717105 0.03670111600890884 0.0662522913958579
2 0.7375 0.86875 0.11875 0.2625
1 0.85546875 0.88203125 0.1640625 0.2359375
9 0.9625 0.88515625 0.075 0.2296875