3 0.0328125 0.21171875 0.065625 0.2421875
1 0.03671875 0.184375 0.0734375 0.25625
7 0.0421875 0.15625 0.084375 0.29375
0 0.08161399366528688 0.22593314637343695 0.029397994985435005 0.04440461664125017
1 0.11015625 0.12109375 0.1515625 0.2421875
2 0.2421875 0.1015625 0.1125 0.203125
7 0.7326021806540208 0.3406879370266315 0.12796719028743925 0.21221167211208342
7 0.8177667908414353 0.3121252195117009 0.15116064937949716 0.2580333183886113
0 0.8724064782258807 0.3898131552071522 0.03560253087881247 0.04298758700597212
1 0.8966586689755383 0.2829267223614925 0.12466033386094857 0.20588893692972238
1 0.95546875 0.26640625 0.0890625 0.2421875
3 0.1046875 0.50390625 0.09375 0.0890625
1 0.16640625 0.50234375 0.0984375 0.0859375
2 0.23515625 0.49765625 0.0796875 0.0765625
0 0.26609899076229293 0.5022053588543745 0.022966138558944315 0.03800914627652787
1 0.290625 0.50078125 0.096875 0.0828125
3 0.50234375 0.6375 0.1453125 0.35625
3 0.5234375 0.6171875 0.1875 0.315625
3 0.63671875 0.5984375 0.2703125 0.278125
0 0.7343873041692703 0.6465365871028814 0.11015991316955062 0.13684799620027785
1 0.7890625 0.57578125 0.271875 0.2328125
1 0.9125 0.56171875 0.175 0.2046875