2 0.021875 0.2296875 0.04375 0.28125
10 0.034375 0.23515625 0.06875 0.2859375
2 0.12462922199352748 0.20400525758835436 0.08246149269310407 0.25071070533113404
1 0.21579001014297444 0.18728310735092757 0.13580468100470675 0.2647564849563052
2 0.37106784537032206 0.1718219287419708 0.09189103977100466 0.2541084899708702
0 0.16635484618110094 0.3106584228694761 0.03206820616851012 0.04778428213245363
5 0.7984375 0.0765625 0.121875 0.153125
9 0.896875 0.06640625 0.134375 0.1328125
0 0.9595303275134146 0.08146501636384303 0.04538641233702041 0.09502299498543501
1 0.96640625 0.06640625 0.0671875 0.1328125
3 0.11796875 0.8421875 0.2359375 0.315625
1 0.28671875 0.83125 0.2265625 0.3375
10 0.4265625 0.81328125 0.165625 0.3734375
0 0.49609375 0.94609375 0.0265625 0.1078125
3 0.7584411603051302 0.6625919620615586 0.11195807792045169 0.24063702335696496
1 0.875 0.65546875 0.128125 0.2328125
7 0.96484375 0.65546875 0.0703125 0.2328125