3 0.05078125 0.1859375 0.1015625 0.371875
4 0.0453125 0.17265625 0.090625 0.3453125
5 0.04296875 0.18046875 0.0859375 0.3609375
0 0.078125 0.2703125 0.0421875 0.096875
1 0.18515625 0.15546875 0.1796875 0.3109375
1 0.3015625 0.1484375 0.075 0.296875
2 0.41640625 0.34921875 0.1 0.35
10 0.5375 0.34765625 0.159375 0.35
7 0.67265625 0.3484375 0.1546875 0.3390625
0 0.734375 0.496875 0.0484375 0.084375
0 0.821875 0.3546875 0.140625 0.365625
8 0.02265625 0.884375 0.0453125 0.23125
1 0.02578125 0.884375 0.0515625 0.23125
0 0.05703125 0.975 0.0390625 0.05
1 0.11875 0.884375 0.109375 0.23125
2 0.265625 0.884375 0.090625 0.23125
5 0.37578125 0.85859375 0.0734375 0.1796875
2 0.3625 0.8546875 0.046875 0.171875
7 0.49765625 0.85390625 0.1359375 0.1703125
0 0.5890625 0.87578125 0.05 0.1
1 0.69453125 0.85859375 0.1453125 0.1796875
1 0.87265625 0.86328125 0.1703125 0.1890625