3 0.0671875 0.11328125 0.134375 0.2265625
4 0.06171875 0.11640625 0.1234375 0.2328125
5 0.06015625 0.12109375 0.1203125 0.2421875
0 0.0140625 0.15625 0.028125 0.103125
1 0.0953125 0.11953125 0.190625 0.2390625
1 0.18828125 0.13203125 0.1421875 0.2640625
4 0.47109375 0.428125 0.1921875 0.28125
7 0.60859375 0.4484375 0.1796875 0.240625
4 0.75703125 0.45703125 0.1734375 0.2234375
10 0.90078125 0.47265625 0.1859375 0.1921875
8 0.0671875 0.784375 0.134375 0.43125
8 0.06953125 0.784375 0.1390625 0.43125
0 0.059375 0.965625 0.10625 0.06875
1 0.159375 0.784375 0.2 0.43125
7 0.3359375 0.784375 0.153125 0.43125
1 0.4328125 0.8 0.28125 0.4
10 0.65703125 0.81640625 0.2984375 0.3671875