5 0.0484375 0.40234375 0.096875 0.3828125
10 0.10069882275701421 0.37654232385996667 0.176133927430417 0.3872932686676863
0 0.1749020018029519 0.5113770198822071 0.06530030452090294 0.12140344155801372
7 0.24344936720993093 0.3696628526739227 0.16617704597152816 0.3621296274339844
8 0.378125 0.33671875 0.14375 0.3265625
3 0.4828125 0.25390625 0.065625 0.3140625
4 0.490625 0.25 0.08125 0.3375
3 0.6019528514423614 0.23428664001259075 0.13401785619201406 0.32252165665497756
0 0.6772639355985421 0.34961735957378154 0.022893292553055566 0.04413182954530477
1 0.7498448375746531 0.21344012621287306 0.15258601823611145 0.31503643912238155
2 0.9157783088893059 0.19603225811108427 0.08888719414791701 0.32954322402541775
2 0.03046875 0.77265625 0.0609375 0.2671875
2 0.06796875 0.7859375 0.1296875 0.29375
1 0.19296875 0.7921875 0.1734375 0.30625
1 0.32109375 0.80078125 0.1671875 0.3234375
10 0.034375 0.7734375 0.06875 0.26875
0 0.1256663744281255 0.8825116801906325 0.050292247150208524 0.08053297970746058
10 0.4921875 0.7765625 0.084375 0.275
2 0.63984375 0.76484375 0.0578125 0.2515625
0 0.6859479513661115 0.8616458011317952 0.028017203647222287 0.06296365016215581
7 0.75546875 0.76484375 0.1328125 0.2515625
8 0.90546875 0.77109375 0.1296875 0.2640625