5 0.28515625 0.2203125 0.1984375 0.3375
10 0.43671875 0.20546875 0.1796875 0.3671875
0 0.5125 0.33984375 0.065625 0.0984375
7 0.58046875 0.2078125 0.1703125 0.3625
8 0.6859375 0.17734375 0.0875 0.3296875
7 0.7921875 0.3578125 0.115625 0.0625
6 0.9265625 0.3546875 0.115625 0.06875
3 0.11705822970416527 0.5751149749271753 0.13179901947846523 0.3036825926364372
3 0.25983606493151284 0.5683374406831507 0.14298198132901838 0.3180633413827959
7 0.39861219277253424 0.5559774961725693 0.13357970779006792 0.3162280567430599
0 0.48031793465485945 0.6739211656103261 0.024092064934808022 0.03818196159934022
1 0.540625 0.54609375 0.1375 0.3140625
1 0.67421875 0.54765625 0.1109375 0.3171875
2 0.9640625 0.54609375 0.071875 0.3140625