2 0.14921875 0.10078125 0.1421875 0.2015625
9 0.2609375 0.13203125 0.2 0.2640625
1 0.3796875 0.13359375 0.140625 0.2671875
0 0.43046875 0.28046875 0.0390625 0.1140625
2 0.5109375 0.1203125 0.121875 0.240625
8 0.56171875 0.115625 0.2234375 0.23125
7 0.69296875 0.115625 0.2703125 0.23125
0 0.7461060541692703 0.16951515280522927 0.09288148495630519 0.13176815046753826
0 0.8765625 0.11640625 0.246875 0.2328125
7 0.09453125 0.68359375 0.1890625 0.2890625
9 0.23515625 0.70078125 0.2484375 0.3234375
1 0.3734375 0.71796875 0.153125 0.3578125
0 0.2832650733696003 0.8189702521412994 0.057006169437756785 0.08000566256778666
4 0.51953125 0.67265625 0.1390625 0.2671875
5 0.6308949281467384 0.7054162913689108 0.13585389812585583 0.2663704094445286
9 0.7528752282258806 0.7365895441975812 0.1643426109788372 0.27903403590796183
1 0.8770628859851548 0.763088932564871 0.16406982633910125 0.2696590359079618
0 0.6632337181967507 0.8235532130118838 0.031005959092057722 0.0454852168225127