7 0.22734375 0.125 0.1734375 0.25
7 0.65546875 0.12734375 0.0671875 0.2546875
4 0.39765625 0.1203125 0.1734375 0.240625
0 0.45924968384408055 0.18110130351086157 0.05974892126547413 0.11261967194503911
10 0.559375 0.11484375 0.178125 0.2296875
2 0.97890625 0.0359375 0.0296875 0.071875
7 0.2703125 0.63203125 0.171875 0.1859375
6 0.42109375 0.6234375 0.1578125 0.16875
0 0.4806082609537533 0.5885273586045688 0.05616027110331832 0.08596624373179385
1 0.5609375 0.6296875 0.1625 0.18125
4 0.71875 0.77265625 0.059375 0.3109375
4 0.728125 0.77734375 0.078125 0.3078125
6 0.7234375 0.78515625 0.06875 0.3765625
0 0.703125 0.90390625 0.028125 0.1171875
1 0.7359375 0.7625 0.09375 0.29375
2 0.8622149967502939 0.7658470618906388 0.10610927272487629 0.3529097028238516