6 0.271875 0.0859375 0.203125 0.171875
6 0.4296875 0.09765625 0.178125 0.1953125
0 0.45312706769662653 0.18053498691779293 0.03582985141192587 0.05019998789975162
7 0.571875 0.35078125 0.10625 0.2578125
1 0.58046875 0.38515625 0.1234375 0.1890625
1 0.69453125 0.4078125 0.2078125 0.14375
1 0.8203125 0.43046875 0.215625 0.0984375
5 0.05703125 0.871875 0.1140625 0.24375
4 0.14765625 0.8953125 0.1203125 0.209375
1 0.24296875 0.90859375 0.1328125 0.1828125
2 0.3609375 0.9328125 0.09375 0.134375
0 0.159375 0.99375 0.028125 0.0125
5 0.8875 0.6640625 0.225 0.36875
1 0.9625 0.7 0.075 0.378125