7 0.21953125 0.1296875 0.2328125 0.259375
4 0.3765625 0.11171875 0.225 0.2234375
0 0.46328125 0.13203125 0.0515625 0.1171875
5 0.54453125 0.30078125 0.1109375 0.2765625
7 0.63515625 0.28125 0.1953125 0.315625
0 0.7234375 0.41015625 0.0625 0.0578125
1 0.79375 0.271875 0.21875 0.334375
1 0.91796875 0.253125 0.1640625 0.365625
3 0.39453125 0.72578125 0.1890625 0.3796875
9 0.54453125 0.8421875 0.1109375 0.315625
10 0.59140625 0.82421875 0.2015625 0.3515625
1 0.7376144172049891 0.7973331505808676 0.20284790503012448 0.344478348026726
1 0.8716757715070601 0.7778008058959593 0.1886490373353727 0.336502216024817
0 0.6832423372526473 0.9503405192552764 0.07183981818121907 0.08831816000954511