10 0.0625 0.53359375 0.125 0.4515625
10 0.20390625 0.50546875 0.3140625 0.5078125
10 0.3799206939903502 0.4423713907049809 0.27547865584090336 0.47655445140261465
0 0.490625 0.590625 0.05625 0.14375
1 0.47109375 0.37734375 0.0953125 0.4984375
7 0.7900866266199101 0.29473280054229295 0.20328428165332985 0.36833288524403185
4 0.91640625 0.25 0.1671875 0.334375
8 0.059375 0.9046875 0.11875 0.190625
7 0.08359375 0.88828125 0.1671875 0.2234375
0 0.21640625 0.8796875 0.2484375 0.240625
5 0.765625 0.90859375 0.159375 0.1828125
6 0.86875 0.89140625 0.14375 0.2171875
0 0.9375 0.98359375 0.05625 0.0328125
1 0.95 0.88671875 0.1 0.2265625