10 0.14428382673481255 0.3704370052750058 0.11646270361527442 0.4065148271096728
10 0.3103718279884538 0.36240413717321696 0.17864445486891567 0.39666826866768634
10 0.46035745612255685 0.3376922836819248 0.1526442445232167 0.3618568920444809
0 0.5401168154520415 0.47573380032101625 0.059341559250342256 0.10723184740221221
1 0.578125 0.31875 0.08125 0.38125
2 0.62109375 0.13515625 0.0046875 0.1515625
9 0.63359375 0.14140625 0.0296875 0.1640625
2 0.6234375 0.4640625 0.009375 0.11875
5 0.8390651293212373 0.2261059472367612 0.10152436223247854 0.2688239123370204
5 0.9375708254811712 0.23016793019063259 0.09353000580598766 0.26243754464226876
1 0.21015625 0.65703125 0.0640625 0.1359375
2 0.29375 0.65703125 0.075 0.1359375
4 0.35390625 0.66484375 0.0765625 0.1515625
0 0.39107391020004967 0.7180695304355138 0.03141513605166182 0.059893197240056394
1 0.4359375 0.671875 0.0875 0.165625
1 0.51640625 0.66875 0.0890625 0.159375
5 0.6453125 0.71875 0.053125 0.259375
1 0.64296875 0.7296875 0.0484375 0.28125
6 0.64453125 0.73046875 0.0515625 0.2828125
10 0.63984375 0.72265625 0.0421875 0.2640625
10 0.6881548133404705 0.728656023128618 0.08879704169936495 0.2607932240254177
0 0.6409424957103509 0.850425883112732 0.025727425705962936 0.02543637662320535