3 0.03203125 0.24453125 0.0640625 0.2703125
4 0.04921875 0.2671875 0.0984375 0.296875
10 0.1384368278660478 0.2584430400620426 0.11568967427525152 0.28101473734881743
0 0.19839815602668312 0.35991518073676954 0.04574883723582168 0.07552725867281787
1 0.25481126160926915 0.25432879941117825 0.11409081283893308 0.2747465560152721
1 0.37503740319801276 0.2408850120941775 0.11893284894328673 0.30136360001590834
7 0.56015625 0.06015625 0.0609375 0.1203125
5 0.55390625 0.0578125 0.0484375 0.115625
0 0.5640625 0.0296875 0.034375 0.059375
7 0.609375 0.0578125 0.096875 0.115625
9 0.71015625 0.05859375 0.1171875 0.1171875
2 0.01640625 0.85 0.0328125 0.3
3 0.02890625 0.84609375 0.0578125 0.3078125
3 0.04609375 0.84765625 0.0921875 0.3046875
0 0.11171875 0.98359375 0.0234375 0.0328125
4 0.5453125 0.9046875 0.03125 0.18125
4 0.5453125 0.89375 0.03125 0.171875
2 0.76953125 0.9125 0.0734375 0.175
7 0.84453125 0.9046875 0.1015625 0.190625
5 0.93515625 0.9171875 0.1015625 0.165625