0 0.2353599906612139 0.24724716764677127 0.09269778896022593 0.12085932028847246
0 0.1875 0.140625 0.225 0.28125
1 0.35234375 0.15 0.2390625 0.3
1 0.4421875 0.17265625 0.075 0.3453125
5 0.06953125 0.13125 0.1390625 0.2625
3 0.515625 0.14140625 0.071875 0.2828125
1 0.5641553721556833 0.17482534735829897 0.1472876517837136 0.2954969507974308
7 0.6934570884704632 0.20048192363069486 0.14087401055001153 0.2859764804327085
0 0.7300957922033414 0.33096951063666713 0.02568183847375849 0.03964438145888884
1 0.8244713092494699 0.23476861749427141 0.1551274253226639 0.29724128875333344
2 0.971875 0.284375 0.05625 0.296875
7 0.0625 0.88671875 0.125 0.2265625
1 0.20078125 0.93203125 0.2828125 0.1359375
7 0.55390625 0.71796875 0.1484375 0.2984375
7 0.5765625 0.7453125 0.19375 0.353125
7 0.75390625 0.76796875 0.2734375 0.3984375
3 0.91640625 0.784375 0.1671875 0.43125
0 0.6025298997518234 0.879386867209931 0.097794392044481 0.1444059230620141