0 0.3097014715864905 0.28002395326597257 0.07375687418757337 0.10948540919430556
0 0.22578125 0.159375 0.1546875 0.31875
1 0.390625 0.1484375 0.171875 0.296875
1 0.52421875 0.15 0.0890625 0.3
5 0.06796875 0.16875 0.1359375 0.3375
2 0.82734375 0.075 0.0765625 0.15
10 0.934375 0.07265625 0.13125 0.1453125
1 0.190625 0.8921875 0.103125 0.215625
3 0.3 0.89921875 0.09375 0.2015625
10 0.40390625 0.90078125 0.0953125 0.1984375
4 0.503125 0.90078125 0.084375 0.1984375
6 0.615625 0.77890625 0.09375 0.4421875
1 0.70625 0.80078125 0.196875 0.3984375
1 0.9125 0.803125 0.175 0.39375
0 0.809375 0.98359375 0.06875 0.0328125