2 0.2125 0.07890625 0.1375 0.1578125
3 0.328125 0.084375 0.203125 0.16875
1 0.4625 0.08046875 0.19375 0.1609375
0 0.5192907579741843 0.14140625 0.058070449544512924 0.096875
8 0.71015625 0.12890625 0.1953125 0.2578125
8 0.85078125 0.12578125 0.1734375 0.2515625
0 0.8845263775742979 0.234375 0.06075893992586625 0.084375
1 0.94453125 0.146875 0.1109375 0.29375
6 0.1819395469969259 0.8125 0.17294151451278825 0.34375
5 0.3092113751272271 0.8328125 0.1539534123358699 0.2921875
0 0.3366146672300115 0.96875 0.041135920688572546 0.059375
1 0.4203125 0.8578125 0.171875 0.284375
1 0.5140625 0.86640625 0.090625 0.2671875
6 0.67109375 0.646875 0.2234375 0.29375
1 0.853125 0.66015625 0.253125 0.3203125
1 0.96484375 0.6796875 0.0703125 0.359375
0 0.9111508757601993 0.77578125 0.05946925843752062 0.0921875