2 0.01875 0.078125 0.0375 0.15625
3 0.0625 0.0796875 0.125 0.159375
1 0.1921875 0.07578125 0.140625 0.1515625
0 0.26328125 0.02265625 0.0421875 0.0453125
6 0.34453125 0.07890625 0.1296875 0.1578125
3 0.49296875 0.08125 0.1421875 0.1625
6 0.95546875 0.07890625 0.0890625 0.1578125
1 0.03203125 0.4296875 0.0640625 0.240625
1 0.10234375 0.4296875 0.1140625 0.240625
1 0.4625 0.4328125 0.103125 0.246875
3 0.19609375 0.43046875 0.1015625 0.2421875
3 0.2921875 0.43203125 0.096875 0.2453125
5 0.378125 0.43984375 0.103125 0.2609375
3 0.54375 0.43125 0.0875 0.24375
6 0.71484375 0.64765625 0.0703125 0.3390625
10 0.71484375 0.6328125 0.0703125 0.31875
0 0.7433656227903337 0.7823447114099056 0.040000525864247474 0.08637385200509069
1 0.8332812321198183 0.646625934754905 0.14038828543115897 0.3155897320178173
1 0.946875 0.6859375 0.10625 0.359375