2 0.10184055843869108 0.25461667451882863 0.08070807792045169 0.23972774122451135
1 0.16290078936396765 0.2598748243605441 0.1298001428552599 0.2786371285298145
1 0.24524568506189653 0.27545670876285333 0.12640240746575646 0.26292120031656907
9 0.32838546752930065 0.29179711111185125 0.12971832223840885 0.2739496285298145
3 0.40625 0.3046875 0.125 0.271875
0 0.4232770020252996 0.3992482467678017 0.03236821509696384 0.06497178213245362
6 0.5140625 0.35703125 0.090625 0.3640625
7 0.6265625 0.36484375 0.165625 0.3484375
0 0.6828125 0.528125 0.040625 0.021875
1 0.79453125 0.37734375 0.1921875 0.3234375
1 0.9296875 0.38125 0.140625 0.315625
3 0.040625 0.6921875 0.08125 0.30625
3 0.2951520020252996 0.7884016749810471 0.15531834009531628 0.3090520542357774
8 0.0609375 0.73984375 0.121875 0.3171875
0 0.08520998619698705 0.851570579375109 0.04829322402541756 0.08261392319868044
1 0.1665360783241935 0.764004731724107 0.16022402840691896 0.32168844655564544
1 0.04140625 0.7 0.0828125 0.3125
7 0.57890625 0.60390625 0.1203125 0.1296875
10 0.69140625 0.596875 0.0984375 0.115625
0 0.7226985292176978 0.6239791252976162 0.020857970779006862 0.031841033386094786
10 0.796875 0.596875 0.10625 0.115625
9 0.89453125 0.59375 0.1046875 0.109375