2 0.0296875 0.1421875 0.059375 0.240625
1 0.071875 0.1328125 0.14375 0.265625
1 0.15078125 0.11953125 0.1515625 0.2390625
9 0.234375 0.1140625 0.15625 0.228125
3 0.30390625 0.10390625 0.1296875 0.2078125
0 0.3546875 0.153125 0.028125 0.065625
1 0.4890625 0.12734375 0.14375 0.2546875
2 0.6109375 0.09921875 0.08125 0.1984375
2 0.70234375 0.0859375 0.0765625 0.171875
10 0.76328125 0.0875 0.1328125 0.175
1 0.85078125 0.07734375 0.1328125 0.1546875
4 0.9359375 0.06328125 0.121875 0.1265625
0 0.9953125 0.10078125 0.009375 0.0234375
3 0.0484375 0.7328125 0.096875 0.30625
3 0.1546875 0.68203125 0.184375 0.2046875
8 0.04140625 0.7078125 0.0828125 0.25625
0 0.01328125 0.76796875 0.0265625 0.0828125
1 0.06015625 0.6984375 0.1203125 0.2375
1 0.0484375 0.71328125 0.096875 0.2671875
3 0.6778372462869849 0.8604236623403156 0.1226637176006804 0.20358074188232517
1 0.7499032192451429 0.8537003295486001 0.1020783990890262 0.1954136858759707
1 0.8156199884824366 0.827568477682161 0.11581351687504089 0.18628414772652374
1 0.8951264392080759 0.8090036639651688 0.12411709019601869 0.20048301542127547
1 0.95546875 0.79140625 0.0890625 0.1953125
0 0.8677529181566838 0.8774087905883743 0.03768353847458741 0.05062729139585791