5 0.22578125 0.30390625 0.1828125 0.2515625
7 0.36484375 0.29296875 0.1640625 0.2734375
1 0.51015625 0.2890625 0.1796875 0.28125
2 0.6546875 0.27265625 0.13125 0.3140625
1 0.7890625 0.084375 0.078125 0.16875
8 0.78046875 0.08671875 0.0609375 0.1734375
0 0.7765625 0.0921875 0.053125 0.084375
6 0.83515625 0.0859375 0.1546875 0.171875
7 0.15542001261141164 0.6633233317493775 0.17033396538827023 0.40950669530200423
8 0.3080728452816842 0.6411935821450889 0.13548625071608847 0.3678814849563052
0 0.371516632598685 0.7633928425699301 0.0351204346753633 0.06506271034569906
10 0.4406580786123662 0.6645892812080167 0.15309192138763378 0.40431909012915473
9 0.5847535239497296 0.6390844790173034 0.18396011338317955 0.3724158722616083
5 0.79453125 0.84609375 0.0890625 0.3078125
4 0.79453125 0.83203125 0.0890625 0.3359375
0 0.821875 0.959375 0.0625 0.08125
1 0.890625 0.8265625 0.175 0.346875
1 0.96953125 0.80703125 0.0609375 0.3578125