5 0.1131474870013693 0.2832250593168493 0.13687082884638357 0.2506485208496825
3 0.21460468692222695 0.24977841033306372 0.13691629295300628 0.25221102084968255
0 0.2915512833195878 0.3413688652684863 0.05686977711788863 0.07659124373179367
1 0.3215988330030187 0.2185163869760987 0.14968907759274241 0.26194973370266406
4 0.41953125 0.17734375 0.1203125 0.2265625
4 0.57578125 0.34453125 0.1921875 0.3515625
7 0.6981111718785321 0.3087729771052534 0.2064679264973858 0.3354159774344579
0 0.7983816080093364 0.39577522044133584 0.06004024122451135 0.0782446719450391
4 0.8438723012662767 0.2662181010827214 0.20416128041659398 0.36345004922121243
10 0.934375 0.20859375 0.13125 0.3296875
2 0.125 0.81953125 0.221875 0.3609375
3 0.27421875 0.81875 0.2953125 0.359375
4 0.39140625 0.80234375 0.1765625 0.3265625
1 0.8765625 0.72265625 0.190625 0.1671875
3 0.74375 0.7296875 0.21875 0.18125
3 0.95 0.72265625 0.1 0.1671875
0 0.9640625 0.6625 0.071875 0.046875
6 0.6 0.734375 0.234375 0.190625