5 0.03671875 0.0875 0.0734375 0.175
7 0.0375 0.090625 0.075 0.18125
0 0.075 0.06964743199263843 0.0640625 0.09680357123840296
1 0.15703125 0.0875 0.1453125 0.175
2 0.3046875 0.08515625 0.1 0.1703125
2 0.425 0.31796875 0.03125 0.2421875
4 0.43046875 0.30703125 0.0421875 0.2640625
1 0.4359375 0.315625 0.053125 0.246875
6 0.4875 0.3125 0.0875 0.253125
0 0.53046875 0.43359375 0.0296875 0.0109375
8 0.6 0.31875 0.084375 0.240625
7 0.028125 0.50234375 0.05625 0.1265625
3 0.034375 0.50078125 0.06875 0.1234375
0 0.0484375 0.4804219310427079 0.040625 0.07125805737069442
1 0.1109375 0.49765625 0.1 0.1171875
1 0.2109375 0.5109375 0.1125 0.14375
2 0.721875 0.5992122178961803 0.090625 0.27085932028847226
1 0.98671875 0.60625 0.0265625 0.246875
6 0.9203125 0.6234997838162496 0.1 0.28826502583555574
7 0.81875 0.6086761772429858 0.1078125 0.26813436379145833
0 0.965625 0.7044763736720133 0.034375 0.060175087005972114