4 0.0390625 0.32265625 0.078125 0.3015625
6 0.0609375 0.30625 0.121875 0.3125
0 0.1051535699692118 0.4227878980744511 0.06302724082661779 0.09135225334181776
1 0.1652467083365016 0.300041288749178 0.15336239109776423 0.31113858935390815
1 0.2809580667477579 0.2865429574315409 0.14704875858420685 0.3001283640197263
2 0.43984375 0.34765625 0.0421875 0.2171875
3 0.4484375 0.32890625 0.059375 0.2328125
1 0.4926086390546608 0.3305356687221338 0.11690674063022613 0.22165791868236298
0 0.5476592325369984 0.4030561060629971 0.03467498184962743 0.05196248933799978
1 0.5793501149523599 0.32763848273390594 0.10437037919390768 0.21526246801399934
1 0.6536779492613153 0.30975209607731463 0.10591469847574846 0.2121556493475448
6 0.67578125 0.9296875 0.1421875 0.140625
10 0.76484375 0.92734375 0.1390625 0.1359375
8 0.86640625 0.9265625 0.1234375 0.134375
5 0.9453125 0.921875 0.109375 0.125
0 0.99296875 0.9109375 0.0140625 0.05625