4 0.05390625 0.24609375 0.1078125 0.3765625
6 0.12664243870459363 0.2203125 0.21605352665567032 0.390625
0 0.20455918705524095 0.36171875 0.08461434389007838 0.115625
1 0.21484375 0.20390625 0.0890625 0.3890625
5 0.711037822248973 0.2265625 0.1683314290046681 0.3078125
6 0.8042111607287751 0.21953125 0.16749635471063104 0.3328125
5 0.889245390274804 0.196875 0.1502346468722145 0.2765625
1 0.94921875 0.18671875 0.1015625 0.2953125
8 0.0515625 0.8640625 0.103125 0.271875
5 0.13671875 0.8609375 0.1921875 0.278125
0 0.21875 0.96796875 0.08125 0.0640625
1 0.2109375 0.83671875 0.096875 0.3265625
10 0.48515625 0.8328125 0.2265625 0.334375
3 0.6244350810244617 0.8078125 0.201036280416594 0.3578125
0 0.6955850038274307 0.91328125 0.07652905925034226 0.10625
1 0.7596511669969812 0.77890625 0.20875785220334855 0.3546875