2 0.065625 0.3203125 0.13125 0.3625
5 0.17999856046728596 0.2848777233847704 0.1886217637964224 0.334939716024817
8 0.32048719277253424 0.27870154340386044 0.1734876874975285 0.36288290268936263
1 0.4046875 0.25390625 0.06875 0.3453125
0 0.41015625 0.396875 0.0578125 0.090625
5 0.5171875 0.36953125 0.15625 0.3609375
4 0.6312513689092724 0.3448447114099055 0.18132746103647895 0.3645363093570898
0 0.7145059740221223 0.46063389075426875 0.06909664772652384 0.11015679734245402
8 0.7861882848997407 0.31618500409767736 0.19404564934808163 0.3771817600254533
9 0.91328125 0.290625 0.1734375 0.38125
1 0.415625 0.725 0.046875 0.290625
4 0.34375 0.746875 0.178125 0.334375
5 0.20390625 0.7484375 0.1921875 0.3375
0 0.41875 0.83203125 0.040625 0.0984375
3 0.68515625 0.8828125 0.1734375 0.234375
5 0.54375 0.88984375 0.209375 0.2203125
1 0.83515625 0.8703125 0.1921875 0.259375
1 0.93125 0.85078125 0.1375 0.2984375