2 0.021875 0.0703125 0.04375 0.140625
5 0.028125 0.0640625 0.05625 0.128125
8 0.0765625 0.0703125 0.096875 0.140625
1 0.19453125 0.065625 0.1078125 0.13125
1 0.303125 0.065625 0.109375 0.13125
0 0.13515625 0.0296875 0.0390625 0.059375
7 0.484375 0.10625 0.090625 0.2125
1 0.5171875 0.09765625 0.15625 0.1953125
0 0.58984375 0.04685101205440656 0.053125 0.09280566534054521
10 0.6953125 0.103125 0.178125 0.20625
6 0.04296875 0.54296875 0.0859375 0.1859375
4 0.16953125 0.5453125 0.1390625 0.190625
0 0.24453125 0.48828125 0.0515625 0.0765625
1 0.34453125 0.53984375 0.1671875 0.1796875
4 0.525 0.5140625 0.0875 0.128125
2 0.7265625 0.50859375 0.0375 0.1171875
0 0.81328125 0.5000702027768587 0.0140625 0.029851132001908986
2 0.44296875 0.48203125 0.0078125 0.0640625
9 0.45 0.484375 0.021875 0.06875
2 0.46796875 0.5109375 0.0296875 0.121875
6 0.6109375 0.51171875 0.08125 0.1234375
1 0.77265625 0.509375 0.0796875 0.11875
1 0.86015625 0.50390625 0.0734375 0.1078125