3 0.17841009472467917 0.4085509152146146 0.1657726400381801 0.28597826708875884
6 0.28329758939367905 0.42878451035833426 0.14393400270527099 0.28846676959604134
0 0.3078896040738147 0.5286852219576744 0.04307838534372692 0.07779003087881228
1 0.3912282680617244 0.44207778371529927 0.148457870703362 0.2745406619159093
1 0.4946532600652243 0.47085966475239627 0.1437340080362711 0.2712792695960413
5 0.68671875 0.196875 0.1140625 0.390625
2 0.66796875 0.2109375 0.0765625 0.340625
6 0.678125 0.253125 0.096875 0.375
0 0.6694816320814508 0.3942025733696003 0.061955654678545004 0.08927310015828453
1 0.7815265514003606 0.29124872109974465 0.1978044373806341 0.35407504922121247
1 0.915625 0.31953125 0.16875 0.3703125
6 0.3359375 0.84375 0.15625 0.26875
3 0.475 0.853125 0.159375 0.2875
1 0.58359375 0.8609375 0.0921875 0.278125
0 0.5191725494111783 0.9605262553437693 0.04769316000954511 0.07167642319868044
7 0.70625 0.89375 0.153125 0.2125
8 0.77421875 0.93359375 0.2546875 0.1328125