3 0.3671875 0.28046875 0.13125 0.0984375
6 0.5296875 0.16484375 0.159375 0.3296875
5 0.68828125 0.16484375 0.1890625 0.3296875
1 0.8859375 0.16484375 0.19375 0.3296875
0 0.771875 0.30625 0.071875 0.046875
2 0.20071838920181184 0.4323980738665572 0.038364844966580235 0.13968979139585774
8 0.2554331627407622 0.43300600000329525 0.04768529788867966 0.13672843262955983
5 0.3102706672049891 0.44064517614003335 0.04604097727182861 0.13201365909060953
0 0.33863717491562684 0.4987616392084025 0.014498876623205348 0.025245461850553142
1 0.3782394172049891 0.4394587771956936 0.05089211850553053 0.14147047970746057
2 0.43984375 0.44453125 0.0203125 0.1296875
6 0.96953125 0.5125 0.0609375 0.25
8 0.9032042353862082 0.5136247544675221 0.09539786931630942 0.27501936525911963