6 0.17637031677309062 0.21439950038124964 0.11417682845659752 0.2759468637914585
3 0.2921875 0.2421875 0.115625 0.259375
0 0.3421875 0.35703125 0.015625 0.0328125
5 0.66953125 0.15078125 0.1328125 0.3015625
5 0.8042784176467712 0.15774684403673564 0.12565984232430588 0.29963893692972227
1 0.93046875 0.16796875 0.1390625 0.2984375
0 0.852645795305938 0.2879421838924995 0.027617160144236052 0.04593074905006951
2 0.2890625 0.61875 0.121875 0.159375
7 0.4625 0.61796875 0.184375 0.1578125
5 0.60546875 0.6140625 0.1546875 0.15
0 0.6406153079393754 0.5924848667381593 0.05221842306201392 0.0964762629177777
7 0.71328125 0.6140625 0.1515625 0.15
9 0.8390625 0.615625 0.175 0.153125