3 0.03515625 0.334375 0.0703125 0.190625
7 0.0453125 0.3265625 0.090625 0.20625
3 0.10843765125310512 0.3043159855636107 0.1404987767345796 0.2501117156150695
0 0.1714371001216369 0.35128059812079826 0.048882927594901204 0.07768989532659738
1 0.20931889520298091 0.2847827759324648 0.1452680899662962 0.2642833183886113
1 0.28379672043674997 0.2385240653513884 0.10894879488495235 0.19782186379145844
5 0.7415546782822723 0.164945014248958 0.17687261397040127 0.32594817021222244
3 0.86328125 0.13828125 0.1859375 0.2765625
0 0.9560711753554061 0.21619447046163148 0.07561814441741391 0.10799564437666671
1 0.94921875 0.12578125 0.1015625 0.2515625
4 0.05703125 0.65390625 0.1140625 0.3546875
4 0.05078125 0.60703125 0.1015625 0.3453125
0 0.10380871770627546 0.7150359332269094 0.07244769262201593 0.10011040919430556
1 0.1578125 0.590625 0.221875 0.321875
1 0.30703125 0.5765625 0.2171875 0.29375
10 0.7235086602300955 0.7717048137358677 0.14696694535249044 0.2877571859797918
9 0.8282961541799715 0.7520806851267705 0.14852035499341074 0.2862310535709723
6 0.926838193309387 0.7318207768823954 0.134430583916172 0.2812162452503474
0 0.99609375 0.840625 0.0078125 0.025
6 0.98125 0.70625 0.0375 0.271875