2 0.596875 0.07578125 0.05625 0.1515625
7 0.728125 0.09296875 0.165625 0.1859375
1 0.62265625 0.0828125 0.1078125 0.165625
1 0.87265625 0.109375 0.1703125 0.21875
1 0.9578125 0.121875 0.084375 0.24375
0 0.7773009564001047 0.1629877804421044 0.049347996200277855 0.10706820616851012
7 0.475 0.4203125 0.1125 0.121875
1 0.53359375 0.4265625 0.0703125 0.134375
0 0.55703125 0.478125 0.0234375 0.053125
6 0.640625 0.68515625 0.14375 0.4671875
6 0.62265625 0.70546875 0.1078125 0.4421875
0 0.58671875 0.89609375 0.0359375 0.1546875
1 0.69140625 0.7578125 0.2453125 0.44375
2 0.9140625 0.771875 0.171875 0.45625