7 0.309375 0.0875 0.1625 0.175
5 0.45390625 0.090625 0.1296875 0.18125
0 0.4984375 0.13203125 0.040625 0.0921875
5 0.5671875 0.184375 0.096875 0.36875
1 0.6515625 0.17890625 0.165625 0.3578125
1 0.82109375 0.17734375 0.1703125 0.3546875
0 0.7345505639357028 0.3007225414146781 0.05497230799670092 0.11778748400699968
2 0.96640625 0.18203125 0.0671875 0.3640625
5 0.21171875 0.7125 0.1203125 0.2875
8 0.32265625 0.68046875 0.0890625 0.2234375
0 0.37509064740093995 0.7994322140754055 0.02519387978345584 0.11431703866963616
1 0.43203125 0.6953125 0.1171875 0.253125
1 0.503125 0.69296875 0.03125 0.2484375
3 0.5609375 0.80625 0.084375 0.3875
4 0.6416560217741194 0.7803271307288153 0.14091713433580216 0.3874465506842718
6 0.8046561269469688 0.7650304894175416 0.13049645988348058 0.3513999626829992
0 0.8814051803913234 0.9206634187619047 0.06917120031656906 0.12263861600890884
1 0.94921875 0.75859375 0.1015625 0.3796875