2 0.26875 0.10078125 0.078125 0.2015625
3 0.3390625 0.1078125 0.08125 0.215625
3 0.45625 0.28125 0.153125 0.115625
3 0.815625 0.246875 0.1375 0.184375
2 0.5640625 0.2875 0.09375 0.103125
2 0.7421875 0.2671875 0.08125 0.14375
9 0.63359375 0.26953125 0.1390625 0.1390625
5 0.325 0.59296875 0.109375 0.2953125
4 0.6538828093968607 0.6605293568887091 0.2237862293920882 0.4391774749271754
1 0.8130305427275427 0.6363607680131956 0.21668170671545237 0.36555811850068454
6 0.93515625 0.6296875 0.1296875 0.38125