9 0.2 0.075 0.19375 0.15
5 0.325 0.07265625 0.175 0.1453125
9 0.39375 0.084375 0.090625 0.16875
6 0.546875 0.07578125 0.20625 0.1515625
1 0.67890625 0.075 0.1953125 0.15
9 0.7984375 0.08203125 0.196875 0.1640625
0 0.83125 0.04140625 0.084375 0.0828125
1 0.90625 0.08984375 0.1875 0.1796875
6 0.0375 0.83984375 0.075 0.2546875
1 0.04140625 0.8703125 0.0828125 0.246875
0 0.03359375 0.96484375 0.0484375 0.0703125
1 0.1078125 0.88828125 0.14375 0.2234375
3 0.20859375 0.90390625 0.1578125 0.1921875
2 0.7283692278672573 0.617867485751042 0.08503353590354194 0.23154224715020835
9 0.8048778296908685 0.650881313923299 0.14524499050069473 0.2688617156150695
4 0.9120915708571532 0.6947605601235769 0.13067334422416685 0.24665940729444458
1 0.9703125 0.725 0.059375 0.25
0 0.9309344494662504 0.7998299198309727 0.03215918977951393 0.039789851823611146