9 0.13828125 0.42578125 0.1390625 0.2265625
5 0.26640625 0.4234375 0.1203125 0.23125
9 0.38671875 0.4234375 0.1203125 0.23125
3 0.5203125 0.42109375 0.096875 0.2359375
6 0.5890625 0.1171875 0.040625 0.234375
7 0.65 0.11953125 0.084375 0.2390625
1 0.7621138359060126 0.13125 0.09128554420664763 0.2375
1 0.8724746743858146 0.13828125 0.09909804420664763 0.2375
0 0.7045717720368168 0.22109375 0.018142246239076343 0.0328125
6 0.06640625 0.76015625 0.1328125 0.2953125
9 0.18547712806759603 0.78125 0.13909857007089493 0.3234375
0 0.2454946372387961 0.85703125 0.045051738717228854 0.0984375
1 0.3016189536152744 0.7453125 0.1473824315119506 0.2859375
1 0.4171757574553404 0.74296875 0.14122335972519603 0.2890625
4 0.65390625 0.82265625 0.1703125 0.3546875
1 0.8046875 0.83984375 0.190625 0.3203125
6 0.93828125 0.84140625 0.1234375 0.3171875