2 0.03671875 0.3625 0.0734375 0.2125
1 0.0859375 0.35859375 0.146875 0.2203125
0 0.14432143009277726 0.42611006556940756 0.0502195119678472 0.07684430113146803
1 0.17846200038124965 0.33567141793053973 0.14429943313000013 0.225809041958086
2 0.2756285943210761 0.2901367250139363 0.13165396276527802 0.21948631908544902
7 0.41875 0.05703125 0.059375 0.1140625
8 0.4484375 0.0515625 0.1 0.103125
1 0.52890625 0.05546875 0.1203125 0.1109375
1 0.609375 0.05078125 0.1 0.1015625
0 0.50234375 0.0078125 0.0265625 0.015625
7 0.06875 0.61171875 0.1375 0.2859375
2 0.20078125 0.590625 0.2203125 0.24375
0 0.29308623841340237 0.6027271077238853 0.09248105357097228 0.1473931504675381
1 0.30078125 0.6015625 0.1765625 0.265625
1 0.421875 0.86875 0.065625 0.25
1 0.42265625 0.846875 0.0671875 0.24375
1 0.4846405716196525 0.8211543999765588 0.13052787385944456 0.23822722872636942
8 0.5860037030785413 0.7967407281371942 0.11319490349472225 0.2318772347764936
2 0.6888565993550693 0.7754611466569091 0.08626872758291686 0.21609769867214013
4 0.7518111942448261 0.7562935110200939 0.12416877108590292 0.23350336729005097
1 0.839039090521354 0.7349230259490127 0.12863806553881965 0.2241556383672898
0 0.8092041605254858 0.8417951946651193 0.02434668977951393 0.039198855386194255
3 0.453125 0.98203125 0.065625 0.0359375