2 0.06484375 0.20078125 0.1296875 0.1171875
1 0.1453125 0.1921875 0.184375 0.134375
1 0.25625 0.1734375 0.18125 0.171875
2 0.3546875 0.14375 0.128125 0.23125
4 0.6921875 0.06640625 0.15 0.1328125
3 0.79296875 0.0703125 0.1671875 0.140625
0 0.875 0.02578125 0.075 0.0515625
1 0.90703125 0.07734375 0.1859375 0.1546875
7 0.3096781521874554 0.800380152415505 0.1756308400953163 0.3096430876218722
0 0.40390625 0.90546875 0.0296875 0.0453125
1 0.928125 0.5359375 0.14375 0.378125
7 0.8206217861175567 0.5680162818032493 0.22526837580913117 0.37980247492717534
6 0.6837627142828897 0.6087358731860452 0.21367631087432315 0.34198422618081653
0 0.9272729809219813 0.6774701866595295 0.08658415665497757 0.12901756175762494