7 0.159375 0.33125 0.11875 0.215625
3 0.31328125 0.3375 0.1109375 0.203125
6 0.41953125 0.1421875 0.1015625 0.284375
8 0.6921875 0.125 0.15 0.25
0 0.5729088092494701 0.2357400458567894 0.06284664772652385 0.11043866801906325
9 0.48359375 0.15546875 0.2015625 0.3109375
9 0.85625 0.13125 0.2 0.2625
1 0.02578125 0.52265625 0.0515625 0.1671875
1 0.02578125 0.52109375 0.0515625 0.1640625
1 0.06875 0.525 0.1 0.171875
1 0.321875 0.5171875 0.08125 0.15625
0 0.35676165786949826 0.5826929123337251 0.02280230032431163 0.053506829545304765
5 0.23984375 0.51328125 0.0953125 0.1484375
4 0.16171875 0.5234375 0.0890625 0.16875
2 0.40546875 0.6015625 0.0734375 0.325
1 0.875 0.59296875 0.159375 0.3078125
1 0.69921875 0.5953125 0.1390625 0.3125
5 0.52421875 0.5953125 0.1515625 0.3125
0 0.777865090499058 0.7047121883083074 0.06753414772652384 0.11052048863591431