3 0.07721719819375066 0.3435944221339523 0.09283237386128267 0.24267837939029935
2 0.22190221561694584 0.36071776873954775 0.04406749164729753 0.23302157825883113
4 0.307594178956457 0.3672490489901688 0.09310519237293705 0.25049087939029935
0 0.34459069275145515 0.47091894965409875 0.02173115626060209 0.04074317466803503
1 0.37890625 0.3734375 0.0203125 0.246875
2 0.5437152174310443 0.33932507865161465 0.08396829454985522 0.30198974687674196
9 0.6596031122589012 0.35349159690018317 0.13516869600113407 0.33665563836728973
1 0.8077504355798789 0.3385700579671592 0.14032742195451675 0.3054419998036083
1 0.9515625 0.35390625 0.096875 0.3203125
0 0.869989996835139 0.5022371273471959 0.05058533175849824 0.10652271077238851
2 0.0171875 0.78984375 0.034375 0.1203125
2 0.13359375 0.784375 0.1109375 0.109375
10 0.02890625 0.7921875 0.0578125 0.125
9 0.0265625 0.79140625 0.053125 0.1234375
0 0.01328125 0.74765625 0.0265625 0.0359375
1 0.0359375 0.790625 0.071875 0.121875
4 0.4609375 0.91953125 0.09375 0.1609375
8 0.60390625 0.925 0.0921875 0.15
1 0.725 0.9296875 0.128125 0.140625
1 0.86328125 0.9328125 0.1296875 0.134375