1 0.61015625 0.278125 0.0390625 0.3625
6 0.5109375 0.2753047039306396 0.1171875 0.34511360001590835
5 0.36875 0.2644592052832751 0.13125 0.3546522320178173
0 0.58515625 0.4150660905872309 0.046875 0.0833579400063634
6 0.83125 0.0609375 0.06875 0.121875
10 0.9140625 0.06171875 0.059375 0.1234375
1 0.97890625 0.0625 0.0421875 0.125
2 0.6328125 0.0265625 0.00625 0.053125
9 0.640625 0.0328125 0.021875 0.065625
8 0.08515625 0.7113791112746846 0.096875 0.22612724267981754
8 0.1859375 0.7188001652610033 0.0734375 0.21804202267663583
0 0.2125 0.7903660825907307 0.03125 0.07848862667090888
1 0.26953125 0.725639963916322 0.075 0.21962270401018139
3 0.3515625 0.7207791939051862 0.08125 0.2040704293443632
5 0.7609375 0.8127512546149115 0.109375 0.29189769334818116
6 0.9140625 0.8187819839274578 0.1015625 0.3136817866804538
0 0.971875 0.9548280245862765 0.0421875 0.08486589600572714