4 0.26953125 0.075 0.1046875 0.15
10 0.40390625 0.0796875 0.1171875 0.159375
0 0.46661726903413536 0.04114733259073074 0.026862481849627428 0.051871582670272434
10 0.540625 0.075 0.10625 0.15
6 0.67265625 0.071875 0.1078125 0.14375
7 0.8796875 0.20078125 0.184375 0.1171875
3 0.08063990417997138 0.4897501066200022 0.13300443930236625 0.3030897320178173
3 0.2119171752572102 0.4835353746021848 0.12044080678880889 0.2920067813494538
3 0.33002682582294424 0.4579439339195037 0.11416353571156997 0.28724655601527205
0 0.3919586783804682 0.5548729305776859 0.030178379390299527 0.08472044533736352
1 0.4519881842342007 0.441682039902959 0.12820785499341075 0.28428518801718106
1 0.578687039620395 0.41677185188577803 0.12336581888905726 0.2576681440165447
2 0.9396825851927183 0.6497336339513204 0.08099651170746495 0.22592724801081765
10 0.98359375 0.64453125 0.0328125 0.2359375