4 0.16800719495970692 0.16136147728359324 0.1283533007386847 0.3092851880171811
10 0.29921875 0.15078125 0.1421875 0.3015625
0 0.37319466470908597 0.2449172225891399 0.03155907220870695 0.053488626670909055
10 0.434375 0.13671875 0.13125 0.2734375
2 0.6125 0.27421875 0.090625 0.2109375
6 0.7640625 0.2515625 0.178125 0.25625
10 0.93671875 0.23671875 0.1265625 0.2859375
3 0.03203125 0.5734375 0.0640625 0.265625
1 0.10797314392643464 0.5706632046069573 0.12822603571156996 0.28741018801718105
1 0.33591633674484234 0.5367587299093224 0.1468487706844554 0.2657533640197263
1 0.43671875 0.53125 0.1265625 0.296875
8 0.22031860782208118 0.5427916485916853 0.1391362646343312 0.28284995735199914
0 0.2732077793668582 0.6359325739179129 0.04583974082661797 0.09115225867281787
2 0.5296875 0.67890625 0.059375 0.2765625
2 0.7940969962875668 0.6330695612269595 0.11089308996629618 0.2622101933481812
1 0.6558884691602038 0.6471786092457312 0.14210672852997774 0.25632382001909004
6 0.5546875 0.67734375 0.109375 0.2953125
7 0.53359375 0.67578125 0.0671875 0.2765625
0 0.6025867280389983 0.7517121152530492 0.040988614363184794 0.0629727146721816