10 0.06171875 0.36796875 0.1234375 0.3234375
5 0.05703125 0.35 0.1140625 0.359375
1 0.2015625 0.3203125 0.25625 0.41875
1 0.3765625 0.2984375 0.165625 0.4625
7 0.503125 0.26484375 0.0875 0.2234375
1 0.592584205283275 0.25617519360397456 0.11671697469763487 0.22878859621281214
0 0.6580450259389119 0.33703885334309086 0.028761346674090582 0.054851126463433174
1 0.696590452617775 0.24697693472517995 0.1324874253659985 0.24137949980360823
1 0.7874154472867748 0.22926219389856212 0.1182976560311804 0.23036018657189175
8 0.04140625 0.61328125 0.0828125 0.1671875
10 0.14140625 0.60546875 0.1546875 0.1515625
1 0.278125 0.609375 0.1625 0.159375
1 0.39453125 0.6078125 0.1296875 0.15625
0 0.22175244259232157 0.6020053231906657 0.038063621339908774 0.04865566861791084
4 0.5109375 0.853125 0.103125 0.228125
1 0.5939643446053664 0.8411728832009284 0.11975106802990769 0.22099427693097126
1 0.7694734219446389 0.7964047629840112 0.11660788669636232 0.21941359621281223
1 0.8580092106142752 0.7740161576960128 0.12125902402927125 0.21631586729005098
2 0.6949819519414573 0.820274055040293 0.10445333203372567 0.24902837334017516
0 0.7340075419319122 0.8903547508837628 0.0335579346753633 0.06425339754067191