6 0.103125 0.2625 0.20625 0.39375
1 0.290625 0.275 0.196875 0.36875
0 0.35546875 0.44140625 0.0703125 0.0359375
7 0.48984375 0.28203125 0.2046875 0.3546875
3 0.6890625 0.09140625 0.159375 0.1828125
4 0.85703125 0.0953125 0.1390625 0.190625
0 0.24897014489044533 0.89696098058564 0.05341710064862326 0.10684998400699967
5 0.20135657954860003 0.7608240332590943 0.1588797167185218 0.33146927068745347
7 0.08125 0.7375 0.1625 0.303125
1 0.34802702800647245 0.7708337379058225 0.17097061363426674 0.3081772213558171
1 0.4938616793864442 0.7839775332193234 0.18061834902377 0.32391130935708984
4 0.77890625 0.6140625 0.1765625 0.309375
10 0.9359375 0.62734375 0.128125 0.3359375