6 0.10625 0.23203125 0.2125 0.4359375
1 0.26953125 0.25859375 0.2421875 0.3828125
0 0.3203125 0.4296875 0.084375 0.040625
7 0.41015625 0.27890625 0.1390625 0.3421875
5 0.9015625 0.17109375 0.196875 0.3421875
6 0.75703125 0.14140625 0.2328125 0.2828125
1 0.97265625 0.19296875 0.0546875 0.3859375
0 0.9519204031134727 0.29084070696175957 0.075983231382639 0.10980224687674216
8 0.228125 0.53359375 0.109375 0.1671875
1 0.35091898793524356 0.5540492340891225 0.11679137575930572 0.1850295058537325
9 0.4147093842117712 0.576292393631847 0.11188567021222226 0.17562723477649378
7 0.28046875 0.5390625 0.1078125 0.178125
0 0.2944520888089241 0.6115253908031767 0.0355023953265972 0.04863748789975162
0 0.5328125 0.83515625 0.10625 0.3296875
9 0.58203125 0.859375 0.2015625 0.28125
9 0.72265625 0.8796875 0.2015625 0.240625
1 0.8625 0.9046875 0.190625 0.190625