5 0.0953125 0.165625 0.190625 0.33125
7 0.22265625 0.1609375 0.1984375 0.321875
0 0.31370379941117826 0.24468913136197967 0.06357269867918128 0.09364220364722228
1 0.38125 0.14453125 0.221875 0.2890625
1 0.48046875 0.12890625 0.1171875 0.2578125
5 0.85703125 0.159375 0.1734375 0.31875
7 0.95625 0.15 0.0875 0.3
7 0.07109375 0.765625 0.1421875 0.46875
7 0.07109375 0.76875 0.1421875 0.4625
0 0.05088617341658708 0.926989219033542 0.07634541868236297 0.11737064437666671
1 0.13984375 0.74765625 0.2578125 0.4359375
1 0.30546875 0.740625 0.2765625 0.421875
6 0.64140625 0.9171875 0.2046875 0.165625
1 0.825 0.90546875 0.203125 0.1890625
1 0.95703125 0.8953125 0.0859375 0.209375