5 0.08125 0.3171875 0.1625 0.3625
7 0.18836644734706826 0.29270225785105175 0.2127012061225569 0.3886773697543259
0 0.2822193989172786 0.4062766760351673 0.06679034639736088 0.09561402837152996
1 0.32890625 0.265625 0.2015625 0.371875
1 0.40390625 0.23203125 0.0515625 0.3734375
10 0.49876673825501044 0.12402515102884966 0.09585337226160835 0.18232441818411543
4 0.5859375 0.11015625 0.1125 0.2203125
1 0.67265625 0.09765625 0.1078125 0.1953125
3 0.7625 0.0953125 0.10625 0.190625
0 0.6512074281467384 0.18544368731793845 0.026136602665567034 0.03978992570596276
6 0.3234375 0.67421875 0.2125 0.3484375
4 0.465625 0.62890625 0.071875 0.2578125
3 0.52578125 0.61875 0.1640625 0.2375
0 0.6066678179593239 0.6987165771305239 0.073313131037097 0.10517088479802048
1 0.6515625 0.61640625 0.2 0.2328125
2 0.809375 0.61328125 0.175 0.2265625