4 0.15859375 0.33203125 0.1359375 0.2734375
8 0.2984375 0.346875 0.13125 0.24375
1 0.4140625 0.3578125 0.16875 0.221875
1 0.54140625 0.37109375 0.1546875 0.1953125
2 0.66015625 0.090625 0.0828125 0.18125
6 0.6703125 0.10625 0.103125 0.2125
4 0.68125 0.10078125 0.125 0.2015625
0 0.6928115218484022 0.16743962028305132 0.06122974715020853 0.08141513605166181
1 0.79609375 0.11796875 0.1953125 0.2359375
6 0.9171875 0.13515625 0.165625 0.2703125
2 0.13515625 0.5734375 0.1734375 0.209375
10 0.2703125 0.58671875 0.2375 0.2359375
8 0.47421875 0.59296875 0.1640625 0.2484375
0 0.4732964960128466 0.6962512789002553 0.07274912860909737 0.10673338479802066
4 0.5609375 0.63125 0.115625 0.325
4 0.6640625 0.78125 0.090625 0.384375
5 0.7015625 0.8125 0.165625 0.375
6 0.83359375 0.83515625 0.1765625 0.3296875
0 0.88046875 0.975 0.0640625 0.05
1 0.9453125 0.84375 0.109375 0.3125