4 0.309375 0.09453125 0.084375 0.1890625
8 0.44140625 0.10078125 0.0546875 0.2015625
2 0.475 0.2359375 0.0125 0.265625
10 0.5397536156628615 0.2365155673671449 0.08914786931630943 0.27491027110331834
5 0.6599706582765353 0.23314687986632104 0.08248876623205437 0.251363676947517
6 0.7804331627407622 0.24384069236549716 0.07642968100470675 0.26219208279171563
2 0.924251346588138 0.25025610794892844 0.03405126623205419 0.2505181972400564
0 0.7151002633893853 0.34891793019063255 0.0209670649348082 0.037854556006354304
2 0.02109375 0.9359375 0.0421875 0.128125
2 0.02109375 0.93515625 0.0421875 0.1296875
2 0.0546875 0.9375 0.084375 0.125
7 0.1640625 0.93828125 0.10625 0.1234375
9 0.2546875 0.9421875 0.11875 0.115625
3 0.77265625 0.7875 0.1484375 0.315625
2 0.92734375 0.78359375 0.0953125 0.3078125
0 0.975834986196987 0.9073071286485049 0.04703073295387128 0.09922843262955983