8 0.2015625 0.24375 0.234375 0.4875
8 0.06875 0.2234375 0.1375 0.446875
0 0.28828125 0.39921875 0.0609375 0.1640625
8 0.64375 0.09765625 0.1125 0.1953125
5 0.76953125 0.1015625 0.1171875 0.203125
0 0.8151640664429852 0.19406445657884258 0.027971887305303155 0.048901150162155814
1 0.90546875 0.11484375 0.1328125 0.2296875
6 0.03203125 0.8953125 0.0640625 0.209375
2 0.0203125 0.89921875 0.040625 0.2015625
1 0.0703125 0.909375 0.13125 0.18125
1 0.18515625 0.91796875 0.1171875 0.1640625
9 0.7036786486545812 0.8256650584452817 0.16167225204506402 0.2964228068171334
0 0.75234375 0.9421875 0.0734375 0.115625
1 0.84140625 0.83828125 0.1921875 0.3234375
2 0.97109375 0.83125 0.0578125 0.3375
4 0.5989827884671668 0.8009435223244296 0.14503032132453625 0.31487279788867967