9 0.03046875 0.27109375 0.0609375 0.2359375
4 0.0484375 0.28125 0.096875 0.215625
1 0.18046875 0.28203125 0.1234375 0.2140625
4 0.59921875 0.0578125 0.0703125 0.115625
8 0.71484375 0.0578125 0.0671875 0.115625
1 0.81171875 0.06015625 0.0953125 0.1203125
1 0.9234375 0.0609375 0.096875 0.121875
0 0.7526139053184988 0.05205479261037853 0.011801318025830908 0.029878414772652385
6 0.02578125 0.7140625 0.0515625 0.2125
3 0.01953125 0.696875 0.0390625 0.178125
1 0.08549225296950089 0.689350241068251 0.08206365690134447 0.1903989034085667
1 0.16156901966254827 0.6805167577073424 0.08840458511458973 0.19363299756436803
0 0.043511689958234886 0.7620922658250173 0.031324207838416385 0.0567681972400564
4 0.46171875 0.428125 0.0234375 0.078125
7 0.4609375 0.42734375 0.021875 0.0765625
9 0.46171875 0.42421875 0.0234375 0.0703125
5 0.4609375 0.41875 0.021875 0.059375
3 0.6484375 0.4640625 0.103125 0.15
1 0.74296875 0.4640625 0.1015625 0.15
6 0.834375 0.46484375 0.096875 0.1515625
1 0.9296875 0.45625 0.1 0.134375
0 0.9638181782797524 0.5323828153352548 0.013181961599340042 0.023655688311602675