1 0.4578125 0.3640625 0.203125 0.33125
7 0.2515625 0.37109375 0.203125 0.3171875
7 0.08671875 0.37578125 0.1734375 0.3078125
6 0.59296875 0.18671875 0.0671875 0.3484375
9 0.6140625 0.159375 0.109375 0.30625
0 0.6789905248878678 0.2845278318823915 0.04429542154477702 0.09502299498543501
1 0.76328125 0.1609375 0.1640625 0.321875
2 0.93671875 0.13671875 0.1203125 0.2734375
6 0.06015625 0.66484375 0.1203125 0.2703125
8 0.23046875 0.65546875 0.1109375 0.2515625
0 0.29321613047045386 0.7751755639357029 0.06161018657189175 0.11739810015828453
1 0.375 0.65859375 0.153125 0.2578125
1 0.51015625 0.653125 0.0984375 0.246875
4 0.5921875 0.821875 0.065625 0.271875
2 0.7600188528521115 0.7888646762346883 0.10163626463433122 0.28415970282385156
0 0.5921268500234411 0.9148230856433152 0.04421360831306061 0.08096049498543505
1 0.5890625 0.81484375 0.059375 0.2890625
1 0.6442529522863774 0.8164477701247668 0.13294080678880887 0.2944439849563053