2 0.4234375 0.21953125 0.090625 0.4390625
1 0.23203125 0.21796875 0.2203125 0.4359375
7 0.06640625 0.215625 0.1328125 0.43125
7 0.0578125 0.21328125 0.115625 0.4265625
0 0.10178545333243169 0.36977867326518743 0.07542846834337488 0.11619931301126592
2 0.51484375 0.2234375 0.0921875 0.359375
8 0.5570474720001181 0.24425583603902662 0.15509224350388298 0.38556909012915475
0 0.6000144476503888 0.3773123769469688 0.04368754464226861 0.08716503087881229
1 0.7005383733800898 0.25491688822973996 0.16841835795222374 0.34379076708875883
1 0.8440292747600615 0.2655779404204533 0.17351496103647895 0.3673646594086268
0 0.44609375 0.753125 0.0453125 0.0875
3 0.3984375 0.66015625 0.140625 0.2421875
6 0.284375 0.6765625 0.15625 0.275
3 0.566677616480231 0.7926659069678514 0.13972061363426658 0.31015991316955044
3 0.7164185178602027 0.803145102732074 0.13681380194586942 0.3225689849563052
1 0.8455878206201464 0.8290590818823915 0.1443262930174157 0.3056088054894186
0 0.89375 0.96015625 0.05 0.0796875
2 0.984375 0.8421875 0.03125 0.296875