5 0.03984375 0.0765625 0.0796875 0.153125
6 0.04375 0.09609375 0.0875 0.1921875
0 0.049212977201667216 0.17424803837208377 0.056796820288472286 0.0918978656913195
1 0.15390625 0.11640625 0.1828125 0.2328125
1 0.2921875 0.12109375 0.153125 0.2421875
2 0.571875 0.38828125 0.11875 0.2234375
10 0.68203125 0.39453125 0.1765625 0.2109375
6 0.7984375 0.403125 0.165625 0.19375
1 0.92265625 0.41328125 0.1546875 0.1734375
2 0.44140625 0.628125 0.0703125 0.25625
4 0.5436682259673962 0.6501708394745143 0.12871210714194464 0.29658667211208345
10 0.6668881736306949 0.6772444453821879 0.14422800436840308 0.292262848023889
0 0.7080606471295491 0.8023542013661116 0.027653527735416718 0.047493249050069505
6 0.7926337092498963 0.7121851026766325 0.12834843123013914 0.28096167211208345
8 0.9354212745043755 0.7412758034740632 0.1159211664125003 0.283795731382639