5 0.3098934214063627 0.32120402790931146 0.1825694856568477 0.31125105172849493
6 0.4390625 0.29765625 0.140625 0.3328125
5 0.63203125 0.36015625 0.2453125 0.3171875
4 0.77734375 0.34453125 0.2046875 0.3484375
0 0.86875 0.46484375 0.075 0.1078125
8 0.91015625 0.3203125 0.1796875 0.384375
3 0.21076395144342958 0.8107318776718847 0.13663693756361345 0.24747805674305975
3 0.3308036329317753 0.8064201138818312 0.1347470553496283 0.23805759263643722
1 0.4421875 0.80234375 0.134375 0.2484375
0 0.5 0.9109375 0.01875 0.09375
3 0.67734375 0.8890625 0.2484375 0.221875
1 0.8453125 0.87109375 0.2125 0.2578125
9 0.946875 0.85546875 0.10625 0.2890625