6 0.415625 0.078125 0.10625 0.15625
4 0.321875 0.0859375 0.146875 0.171875
3 0.165625 0.08046875 0.1625 0.1609375
7 0.51953125 0.2203125 0.1015625 0.359375
4 0.615625 0.22890625 0.178125 0.3421875
0 0.65703125 0.3578125 0.0734375 0.084375
1 0.75390625 0.2390625 0.1890625 0.321875
1 0.89140625 0.2515625 0.1734375 0.296875
6 0.3203265910535915 0.6217386745806254 0.14838264185764966 0.3235492156150695
8 0.4359375 0.63515625 0.065625 0.3015625
8 0.515625 0.53125 0.09375 0.2625
2 0.6359375 0.54375 0.1625 0.2875
0 0.6683799946562307 0.6521743230413547 0.061404164423191784 0.12478310087368065
1 0.784375 0.559375 0.20625 0.31875
1 0.91875 0.578125 0.1625 0.35625