7 0.08818046956448611 0.1530163175636125 0.1318262930174156 0.30524509263643723
5 0.21304410186973435 0.16446594609342702 0.10194787824476315 0.29344377461060633
1 0.3328125 0.14921875 0.103125 0.2984375
0 0.2675895056853381 0.2637589039318435 0.04387845941492117 0.0981025308788123
1 0.45859375 0.43984375 0.0390625 0.2640625
9 0.4703125 0.44609375 0.0625 0.2515625
8 0.561990116480231 0.4393068217202476 0.06987967207625304 0.2456594924781527
3 0.6540821590939048 0.44745795401098576 0.0857228603878557 0.2586141335443795
5 0.7533554561718054 0.44721992478152606 0.07758307792045169 0.2396368130112661
4 0.8501622723244295 0.45394494939213226 0.08437854869945838 0.27106866943775676
0 0.7933883465947286 0.5718849556603385 0.012963650162155815 0.026926212852981378
2 0.0265625 0.71953125 0.028125 0.2203125
4 0.12890625 0.7296875 0.0828125 0.240625
10 0.25390625 0.7328125 0.0984375 0.246875
0 0.3097030933483177 0.8348897578510519 0.019513659090609536 0.044295569279472244
6 0.38203125 0.73828125 0.0859375 0.2578125
2 0.7683025718379624 0.7563291856685858 0.018742091720169364 0.08956260517284953
7 0.8050213218379623 0.7573975921742188 0.03609323295387146 0.09943771034569907
2 0.8626292702958347 0.770798514119258 0.020550053570722326 0.10367056927947224
0 0.872953115669452 0.8062730128656167 0.01126478246740401 0.019068248746358662
1 0.8977582467568844 0.7733839565182683 0.03639324188232518 0.11662521034569906
2 0.9532951806042602 0.7710916823033734 0.020631874187573375 0.10835806927947225