6 0.17109375 0.0890625 0.1515625 0.178125
9 0.33828125 0.0890625 0.1453125 0.178125
10 0.49140625 0.08359375 0.1171875 0.1671875
0 0.53125 0.16640625 0.0375 0.0859375
2 0.9487017651988886 0.23102437694132555 0.0545472553183334 0.26419147477225646
7 0.9734375 0.23359375 0.053125 0.2953125
2 0.0421875 0.69140625 0.084375 0.1828125
3 0.03984375 0.68046875 0.0796875 0.1609375
5 0.12734375 0.6984375 0.1296875 0.196875
1 0.2515625 0.709375 0.13125 0.21875
1 0.365625 0.71484375 0.1375 0.2296875
0 0.16530673052961758 0.7760938294810635 0.0470945119678472 0.07814484736759475
6 0.7015625 0.94296875 0.096875 0.1140625
6 0.81484375 0.95390625 0.0921875 0.0921875
1 0.91796875 0.9640625 0.1015625 0.071875