3 0.13149197321131573 0.2521080707890889 0.07792172618081672 0.2103224303072194
7 0.23243234758449507 0.25405746198874873 0.08159229546028879 0.22918155771188112
0 0.28293010424841275 0.3500495190676577 0.02985263605166182 0.06035714664195542
1 0.3276084552646271 0.2460415761465665 0.076313762074194 0.20870536660488845
8 0.6781958254811713 0.13892107922660948 0.07570600831327016 0.24146330290255769
1 0.7820255191338228 0.15953862487277296 0.09260400329870536 0.28575893992586626
0 0.8377647052646271 0.24752720899352382 0.018369566772189573 0.04122520072563951
1 0.9020197703874642 0.14439971979329708 0.10442204169936495 0.2627579495445131
3 0.03359375 0.759375 0.0671875 0.259375
4 0.053125 0.759375 0.10625 0.259375
4 0.3640625 0.7375 0.05 0.215625
1 0.26484375 0.74609375 0.1109375 0.2328125
1 0.15390625 0.7390625 0.1078125 0.21875
0 0.20966713433580217 0.8332241176163787 0.0282446719450391 0.058740082939624474
5 0.42890625 0.925 0.0796875 0.15
4 0.56328125 0.92734375 0.1109375 0.1453125
1 0.709375 0.91796875 0.1375 0.1640625
3 0.8421875 0.90859375 0.125 0.1828125