5 0.2765625 0.08359375 0.109375 0.1671875
2 0.44921875 0.0890625 0.0578125 0.178125
0 0.4760961473233675 0.1596127484171544 0.02434668977951393 0.03974446159934022
1 0.52265625 0.09453125 0.0546875 0.1890625
2 0.565625 0.10625 0.03125 0.2125
6 0.6546875 0.1109375 0.13125 0.221875
5 0.83046875 0.103125 0.1328125 0.20625
5 0.96796875 0.10625 0.0640625 0.2125
0 0.9033321009705897 0.17818690366914608 0.03237739532659738 0.04934678213245362
4 0.39277907351951347 0.7235485309453195 0.08899499050069473 0.2680345976510021
8 0.5171875 0.71875 0.065625 0.271875
7 0.6169049449104163 0.7682078130777731 0.08848453780340293 0.17901756175762493
6 0.706930532866319 0.7577811269469688 0.0763482137152085 0.1942788489046432
1 0.8023157680486801 0.7518828164429853 0.09179137575930571 0.1869209899708702
2 0.8906152018442703 0.7485328444188039 0.07812891926229178 0.20369931301126593
0 0.7432115653513884 0.8426047563347131 0.04044446846486131 0.060511602665566856