1 0.0890625 0.37421875 0.178125 0.4484375
6 0.19453125 0.38504401258519694 0.225 0.4070523896088488
0 0.22734375 0.5454087682672398 0.0671875 0.09961026217486477
1 0.36171875 0.40868824391751063 0.246875 0.39024671915415376
2 0.47578125 0.4515625 0.0671875 0.4
5 0.6015625 0.234375 0.184375 0.46875
8 0.61015625 0.275 0.2015625 0.55
0 0.5765625 0.48038951461379187 0.109375 0.18784664772652385
1 0.7671875 0.29737464286185045 0.321875 0.58218084902377
7 0.19609375 0.88515625 0.1703125 0.2296875
2 0.3625 0.9125 0.125 0.175
10 0.4515625 0.92265625 0.115625 0.1546875
3 0.6140625 0.80859375 0.209375 0.2984375
2 0.7921875 0.82578125 0.15625 0.3328125
6 0.89921875 0.8296875 0.2015625 0.340625
0 0.94140625 0.97265625 0.0734375 0.0546875