1 0.41796875 0.13203125 0.2078125 0.2640625
6 0.53984375 0.115625 0.0984375 0.23125
1 0.7233146094048148 0.4359375 0.10290901336727121 0.25
1 0.8186725627386785 0.43984375 0.0997840133672712 0.25
6 0.91015625 0.44609375 0.0890625 0.2453125
3 0.9765625 0.45078125 0.046875 0.2359375
4 0.18580497139558805 0.74453125 0.12823627737108917 0.278125
8 0.2983504247294517 0.7484375 0.10637945870463454 0.2796875
0 0.3401663020766783 0.85078125 0.03971702800763595 0.05625
10 0.4117680347310425 0.76015625 0.12511127737108918 0.278125
1 0.52890625 0.7625 0.1203125 0.271875
2 0.61015625 0.865625 0.0421875 0.26875
9 0.6453125 0.86640625 0.1125 0.2671875
1 0.7796875 0.8703125 0.14375 0.259375
1 0.934375 0.878125 0.121875 0.24375