3 0.03671875 0.07109375 0.0734375 0.1421875
9 0.05859375 0.06875 0.1171875 0.1375
3 0.159375 0.0640625 0.134375 0.128125
0 0.1870430203898678 0.06942205636111876 0.033048849336070066 0.041770837748947895
1 0.2671875 0.0625 0.140625 0.125
1 0.3703125 0.06796875 0.13125 0.1359375
3 0.67265625 0.05703125 0.0671875 0.1140625
2 0.66328125 0.05 0.0484375 0.1
2 0.68359375 0.05390625 0.0890625 0.1078125
0 0.6890625 0.015625 0.03125 0.03125
1 0.75078125 0.05 0.1140625 0.1
3 0.828125 0.05234375 0.11875 0.1046875
8 0.28431293012898406 0.5195262384824366 0.19871125253408284 0.3225000264936878
3 0.3876106469514967 0.5456125341286001 0.17676352966144576 0.30923613466105576
0 0.4179708335233885 0.6602008237843139 0.06934087334017516 0.10396330290255769
10 0.5081504059284871 0.5804736290491243 0.18161465612487895 0.33752482576804843
4 0.5890625 0.6078125 0.1 0.328125
8 0.7703873063960255 0.5788392402965352 0.14852944535249044 0.2895039880191003
1 0.8550077460911751 0.618080300370669 0.14851126463433123 0.2863789880191005
2 0.946875 0.62734375 0.10625 0.2546875
5 0.975 0.64375 0.05 0.271875