3 0.18671875 0.08359375 0.1109375 0.1671875
9 0.33671875 0.08125 0.1078125 0.1625
3 0.4828125 0.07578125 0.1 0.1515625
0 0.5428303588543745 0.07772294067710828 0.03230466014423605 0.04549430718159222
1 0.61484375 0.07265625 0.1078125 0.1453125
9 0.75 0.3171875 0.109375 0.084375
3 0.89375 0.31796875 0.10625 0.0828125
3 0.1609375 0.8515625 0.15 0.296875
2 0.321875 0.85390625 0.103125 0.2921875
3 0.4146332768823953 0.8476950730924699 0.10542007750666685 0.3005726926220159
0 0.46910061170416617 0.9575195249860637 0.04872974715020852 0.0799602107723885
1 0.5415594527942009 0.8313337540070208 0.13190984232430586 0.29760222872636943
2 0.653125 0.8265625 0.03125 0.271875
5 0.7125 0.54296875 0.0875 0.3046875
8 0.8147638295034373 0.5072200640172835 0.07776654977125012 0.25354315651766246
0 0.8623810990707288 0.6428621273471959 0.01984233415618064 0.1141624939498758
1 0.9237206022048607 0.5245524888817102 0.1065461664125003 0.2818317829810956