2 0.09578992659932126 0.40405825246854193 0.07000560669954395 0.24375130642076392
10 0.17462345126513945 0.4121448158231601 0.11544537603436211 0.25574346656499997
9 0.26528481393223036 0.4111291361116324 0.10759651336727102 0.2524366286090974
0 0.31969904658659465 0.5030451855985422 0.05556020401018138 0.0762728656913195
1 0.3925285665977304 0.4226868447928478 0.1216226507001803 0.24963893692972228
3 0.49609375 0.4765625 0.0734375 0.3125
2 0.50546875 0.4734375 0.0921875 0.33125
9 0.5798285719287305 0.459021775454306 0.12872717337681613 0.32322190729444455
0 0.6474149665818221 0.5606219494662505 0.04783861067790855 0.08390352773541672
1 0.7088257285964578 0.4542096017267019 0.15845103604390703 0.32703789152687507
1 0.8333808332670486 0.4281945752255562 0.13781127204008908 0.2984401128415278
2 0.0609375 0.86171875 0.01875 0.0453125
4 0.09296875 0.8640625 0.0328125 0.05
6 0.13671875 0.8625 0.0296875 0.046875
1 0.18046875 0.86328125 0.0359375 0.0484375
1 0.221875 0.86640625 0.04375 0.0546875
0 0.15546875 0.8453125 0.0109375 0.0125
9 0.61640625 0.91953125 0.1609375 0.1609375
4 0.78359375 0.91953125 0.1359375 0.1609375
0 0.8581348379217308 0.9422927896063549 0.030214758672817865 0.04600348423243048
1 0.9359375 0.91953125 0.128125 0.1609375