2 0.2645558410464507 0.3787655227248761 0.1092396863755 0.24719437418757337
10 0.29453125 0.40703125 0.0703125 0.2671875
6 0.41796875 0.26328125 0.1765625 0.5109375
5 0.5739808380213886 0.28398090259449243 0.2401089330558502 0.4525830779204517
0 0.6267144317001179 0.4864843396882792 0.08982609016268803 0.13280459172016937
1 0.7901052868899204 0.33619578773911457 0.3028725534691592 0.49898651947846523
1 0.9234375 0.3859375 0.153125 0.50625
3 0.05 0.8953125 0.1 0.190625
3 0.10078125 0.9 0.1921875 0.2
5 0.253125 0.9 0.153125 0.2
0 0.29453125 0.990625 0.0359375 0.01875
2 0.565625 0.9 0.1375 0.2
10 0.64765625 0.9 0.1703125 0.2
10 0.76640625 0.9 0.1515625 0.2
9 0.8796875 0.9078125 0.203125 0.184375