9 0.06171875 0.2 0.1234375 0.375
10 0.05546875 0.24140625 0.1109375 0.3609375
0 0.02265625 0.38125 0.0453125 0.0875
7 0.12117487082222178 0.2844655397775953 0.21981119224805584 0.3849319277582959
9 0.22265625 0.3203125 0.1328125 0.3375
8 0.6344574272429858 0.2989270547918338 0.16058035619201405 0.3229853068171334
4 0.7710664212590621 0.33480823336420384 0.15738262100965308 0.31980575973923264
0 0.7983711908263537 0.47021389935467217 0.03710126291777769 0.05062729139585791
1 0.909375 0.3578125 0.18125 0.33125
1 0.97734375 0.39140625 0.0453125 0.3265625
3 0.09453125 0.68203125 0.1890625 0.2265625
4 0.2140625 0.67734375 0.15 0.2171875
2 0.58984375 0.6328125 0.0921875 0.128125
9 0.68359375 0.63828125 0.1484375 0.1390625
1 0.80625 0.6390625 0.15 0.140625
1 0.92734375 0.6390625 0.1453125 0.140625
0 0.8352198402370135 0.6152303445661337 0.032450130508958355 0.05210797077900686