9 0.19792640531849875 0.2538765451828273 0.21197378041659398 0.3648512176006804
10 0.334375 0.28515625 0.16875 0.3546875
0 0.3854083702830513 0.42230663056952267 0.0570516335443795 0.08315972958158006
4 0.5053237166804122 0.416815544001701 0.06075094655564541 0.15665179328391082
1 0.5657611115075627 0.4361310283926044 0.07021687476889085 0.16010417549789596
1 0.6404201307078925 0.4504688361044854 0.06860891066226812 0.15848711179556502
1 0.7067127204413358 0.4566940434535468 0.06824519780928676 0.14598711179556503
0 0.5943203690294101 0.5028200205880561 0.01657974623907634 0.033358137023308566
3 0.06796875 0.9046875 0.1359375 0.190625
8 0.16015625 0.9046875 0.2359375 0.190625
6 0.31328125 0.9046875 0.2109375 0.190625
3 0.5296875 0.86015625 0.09375 0.1015625
3 0.6234375 0.8625 0.1 0.10625
2 0.7359375 0.85546875 0.05 0.0921875
1 0.80625 0.8625 0.1 0.10625
1 0.8984375 0.8578125 0.090625 0.096875
0 0.75 0.821875 0.015625 0.025