0 0.509375 0.096875 0.040625 0.109375
7 0.24140625 0.1125 0.1984375 0.225
2 0.10625 0.11484375 0.1375 0.2296875
10 0.41640625 0.10546875 0.1765625 0.2109375
9 0.7078125 0.12109375 0.103125 0.2421875
7 0.840625 0.11953125 0.096875 0.2390625
0 0.9063895109537533 0.23429003612414734 0.02258411201270878 0.04100682954530477
9 0.96171875 0.1265625 0.0765625 0.253125
7 0.03671875 0.7796875 0.0734375 0.290625
3 0.19576388230195302 0.780915620133679 0.09547968993316047 0.27970686525911964
0 0.24623326095375334 0.8964763904262185 0.03664661201270878 0.04125229139585791
8 0.3010962646072013 0.771262156254531 0.08917514285525989 0.2764727711033183
8 0.11058035876300262 0.7808395280064724 0.09095583116686257 0.2890000446422686
2 0.96640625 0.665625 0.0671875 0.31875
0 0.7793184963432568 0.7916525227314667 0.0544341298696164 0.07592730032431164
5 0.58828125 0.68828125 0.1171875 0.3421875
1 0.7108803676914565 0.6764053981368562 0.11636493425111763 0.31287392126547414
1 0.8447059427725343 0.687354760556602 0.1338524431795715 0.33036143019392805