1 0.2984375 0.20703125 0.240625 0.3046875
1 0.39296875 0.18828125 0.1140625 0.3421875
7 0.06796875 0.24609375 0.1359375 0.2265625
10 0.11953125 0.23828125 0.2390625 0.2421875
6 0.51796875 0.13515625 0.1359375 0.2703125
1 0.60078125 0.12109375 0.2734375 0.2421875
1 0.81171875 0.1234375 0.2703125 0.246875
1 0.93515625 0.115625 0.1296875 0.23125
0 0.733982031036188 0.15522587338008992 0.08660109621281223 0.1155625446422686
6 0.32429393452878824 0.7888059866106147 0.12020445745273882 0.2520727889602258
6 0.41328125 0.765625 0.0734375 0.24375
6 0.52734375 0.71015625 0.1546875 0.4296875
4 0.6938751815037262 0.6557088888013654 0.19150780659241723 0.42361259821299113
0 0.8131559257481895 0.8309525763021892 0.07243860226293641 0.09812958279171564
4 0.8784592597625573 0.6165531112052253 0.23373166802873566 0.43059898376465033