0 0.4682661274453917 0.43891157590709523 0.06464428298109545 0.1007454346753633
8 0.5746939103282914 0.27284058589277765 0.1522362283335859 0.38612040802036274
1 0.39187686514875164 0.27574905191759475 0.17872600546094902 0.3739294906906352
10 0.23555414227611476 0.2900671852721392 0.18206008371978016 0.4099033533577261
6 0.0671875 0.29140625 0.134375 0.4171875
1 0.68046875 0.32734375 0.0421875 0.2359375
1 0.7494080848981306 0.32267169462127476 0.07941583098930574 0.2227840666772723
3 0.8478092234618121 0.3277762706079118 0.07944310206654456 0.22747156667727228
10 0.9423450186413518 0.3258950499284124 0.07786242134838535 0.22432838534372673
1 0.5625 0.90703125 0.11875 0.1859375
1 0.63671875 0.896875 0.0453125 0.20625
5 0.33515625 0.9125 0.1296875 0.175
3 0.23125 0.915625 0.13125 0.16875
3 0.44375 0.9078125 0.096875 0.184375
0 0.9703125 0.58828125 0.05625 0.0390625
5 0.903125 0.65390625 0.15 0.1703125
3 0.74296875 0.65859375 0.1609375 0.1796875