0 0.13076612744539168 0.30070592272312746 0.06464428298109545 0.10037270472226431
8 0.23671875 0.16328125 0.1515625 0.3265625
1 0.07109375 0.16171875 0.1421875 0.3234375
10 0.0453125 0.17734375 0.090625 0.3546875
6 0.04375 0.17890625 0.0875 0.3578125
5 0.6441797085328933 0.21148135890223568 0.14559534289316237 0.31802381303532473
10 0.773921750687371 0.20135185909862746 0.12065897540671973 0.32881586729005097
0 0.8496933894474443 0.33684393150372605 0.06307269262201594 0.0988011143631848
1 0.9208194765850701 0.1965911153451433 0.13935443325224206 0.31954995159900645
3 0.0234375 0.57109375 0.046875 0.1421875
10 0.021875 0.5765625 0.04375 0.153125
0 0.022967783864858315 0.6472314647794093 0.014244307181592397 0.03133181323171659
1 0.07421875 0.57734375 0.0953125 0.1546875
5 0.19375 0.58984375 0.096875 0.1796875
8 0.4875 0.66640625 0.15625 0.3328125
7 0.68046875 0.65546875 0.1890625 0.3109375
0 0.8068513835937118 0.748072322994274 0.08990790339440444 0.1458306504675381
1 0.90859375 0.65 0.1828125 0.3