8 0.13671875 0.075 0.0859375 0.15
1 0.2171875 0.07890625 0.1 0.1578125
4 0.3015625 0.0734375 0.0875 0.146875
9 0.378125 0.06875 0.0875 0.1375
0 0.4151821014784328 0.10583321588898933 0.025346992478152686 0.06630696159934021
3 0.46640625 0.06953125 0.0921875 0.1390625
2 0.009375 0.03046875 0.01875 0.0609375
9 0.0171875 0.0328125 0.034375 0.065625
3 0.7780912784380369 0.24869328345260183 0.06976223370266403 0.1440969924781527
8 0.831997528438037 0.24712477177411935 0.045779164423191784 0.12466503087881246
0 0.8478438372926679 0.2927184166012699 0.011983174452321776 0.03625574874635866
1 0.8763696540648575 0.25129779473537295 0.053591664423191784 0.12489235141192578
1 0.9272191002247915 0.2474764612701358 0.04532452335696498 0.10904003087881238
7 0.1046875 0.71171875 0.1125 0.1453125
3 0.23828125 0.70859375 0.1109375 0.1390625
0 0.2984375 0.6640625 0.025 0.05
1 0.3859375 0.71171875 0.128125 0.1453125
1 0.51796875 0.70703125 0.1234375 0.1359375