2 0.03125 0.36640625 0.0625 0.1671875
1 0.3046875 0.39453125 0.15625 0.1109375
5 0.18203125 0.378125 0.1640625 0.14375
6 0.06875 0.3703125 0.1375 0.159375
1 0.48671875 0.09140625 0.0734375 0.1828125
1 0.48671875 0.10390625 0.0734375 0.2078125
8 0.48359375 0.11015625 0.0671875 0.2203125
3 0.484375 0.12265625 0.06875 0.2453125
1 0.534375 0.134375 0.1375 0.26875
6 0.6135183981302657 0.14261968982522086 0.1281830957773593 0.2754666644231918
0 0.6280093664736404 0.2570459026782023 0.027789809252765352 0.07108538981258547
5 0.6951775012145207 0.16842132336960028 0.13725808684890542 0.2585519490629279
3 0.06484375 0.6296875 0.1296875 0.359375
3 0.07578125 0.67421875 0.1515625 0.4015625
2 0.0484375 0.6453125 0.096875 0.390625
1 0.20177810308095978 0.7256404414745735 0.19248314934808164 0.38041022868809904
1 0.34097301663579616 0.7820077649106808 0.21027066720498908 0.41528533386094857
0 0.08748555234961115 0.8433471155311837 0.07203073295387145 0.10048338479802048
3 0.51015625 0.7234375 0.1203125 0.459375
2 0.540213311685102 0.7659686101209073 0.12425134658813804 0.4080973079967011
0 0.5560270466675683 0.956176072973889 0.04470457386326192 0.055960494985435004
6 0.69375 0.78359375 0.209375 0.4328125
10 0.89453125 0.80546875 0.2109375 0.3890625