10 0.0484375 0.35859375 0.096875 0.3203125
5 0.08203125 0.375 0.1640625 0.2875
0 0.109375 0.50234375 0.06875 0.0328125
1 0.22734375 0.3796875 0.2296875 0.278125
1 0.36015625 0.390625 0.1796875 0.25625
4 0.50703125 0.29296875 0.1140625 0.4515625
9 0.5046875 0.31875 0.109375 0.4
0 0.47890625 0.4875 0.0578125 0.0625
1 0.59765625 0.34140625 0.2328125 0.3546875
1 0.7703125 0.3671875 0.228125 0.303125
0 0.015625 0.8734375 0.03125 0.109375
1 0.0859375 0.7328125 0.171875 0.428125
1 0.2380519398764231 0.7785128287714497 0.25862042553055586 0.44039083203372564
5 0.06328125 0.71015625 0.1265625 0.3828125
6 0.05703125 0.70234375 0.1140625 0.3671875
6 0.7562233244694441 0.6842964680537703 0.16043488582729193 0.31584427068745347
3 0.8941408985576386 0.7015305160725421 0.16196101823611145 0.31429995202099903
1 0.9765625 0.7390625 0.046875 0.3125
0 0.9335280940367356 0.8223339120782691 0.048511541603125076 0.0708579400063634