6 0.03515625 0.07578125 0.0703125 0.1515625
6 0.0921875 0.0734375 0.134375 0.146875
0 0.1264955376159717 0.05167802878225647 0.026054660144236054 0.04589438145888884
1 0.23046875 0.07578125 0.1578125 0.1515625
1 0.37265625 0.07890625 0.1671875 0.1578125
5 0.5734375 0.22421875 0.109375 0.2890625
3 0.5671875 0.240625 0.096875 0.25625
1 0.56328125 0.25703125 0.0890625 0.2234375
1 0.62890625 0.26328125 0.2078125 0.2109375
1 0.828125 0.27109375 0.16875 0.1953125
7 0.13789089855763859 0.6722645921368746 0.10792552203583342 0.2086502610179167
7 0.2267715606017357 0.6780041394395828 0.12613131458888915 0.25280030452090296
0 0.24337587272208286 0.7697552283454161 0.03219555737069442 0.04135235182361115
1 0.311037457828194 0.6807277895158327 0.1046186840799308 0.20076502583555572
1 0.4019345615516663 0.7004752854317702 0.1304187710859029 0.2357219072944446
6 0.9048433156357287 0.619305205928333 0.18394512100965307 0.3212970378034029
5 0.97890625 0.64765625 0.0421875 0.2921875