6 0.37109375 0.07421875 0.1046875 0.1484375
4 0.7119149878218402 0.1520386381196169 0.10035810470581286 0.29239088584218215
8 0.86171875 0.1484375 0.1015625 0.296875
0 0.9202923238599666 0.2667112294119439 0.020939791395857908 0.03664682813030105
1 0.96953125 0.15234375 0.0609375 0.3046875
2 0.17877697970416526 0.7888814176085296 0.09273651947846524 0.30305556733052796
1 0.2772417532431156 0.7870064043616857 0.12116152840691904 0.3212252139724834
7 0.40616164001259075 0.7832861489193901 0.11272173701106122 0.28501489546082903
0 0.4580026038917387 0.8870088604448026 0.041825035713814886 0.07016865626060209
2 0.7505177917995997 0.6014136447430388 0.07771944561520332 0.24787699400955016
5 0.8279024521080253 0.6010564914776615 0.08978306899199798 0.22331350362819702
7 0.9163746168806775 0.6089111422959681 0.09246378408896198 0.28743056733052796
0 0.9623240909060952 0.6886060767795387 0.03716480925276535 0.07156746515360979
0 0.98203125 0.596875 0.0359375 0.221875