6 0.38515625 0.096875 0.0921875 0.19375
10 0.4703125 0.1015625 0.096875 0.203125
0 0.5102905746232416 0.1611713876799188 0.020159387305303155 0.04854658430895533
1 0.53984375 0.09609375 0.0390625 0.1921875
3 0.6938890216411053 0.3283169393023663 0.0990071159934022 0.2349113311856975
1 0.8115084306540208 0.34384246623333753 0.11495036473976086 0.2459397347764936
7 0.9329886255603135 0.35782821906200796 0.11300743151195061 0.2865465540583344
0 0.9809380437444292 0.44871683947531676 0.02305706677218957 0.04075226502711473
8 0.37890625 0.64765625 0.1359375 0.2359375
9 0.50234375 0.63984375 0.1140625 0.2203125
2 0.603125 0.71015625 0.0875 0.3609375
2 0.6046875 0.72109375 0.090625 0.3828125
5 0.6421875 0.72421875 0.165625 0.3890625
0 0.70431937094146 0.8805208304983264 0.07587584138279588 0.13791815651766245
1 0.8234375 0.75 0.24375 0.440625
1 0.95 0.7609375 0.1 0.44375