6 0.2976083365484506 0.38873822961013216 0.07778060811666876 0.20982042759490122
10 0.3819106136758137 0.37574735021983285 0.0794612827847038 0.2301420179539809
0 0.42762308947531685 0.4442337298065239 0.015906801131468206 0.04852840359079611
1 0.4756378877781146 0.3712956786750558 0.07455561416679295 0.19261474687674215
2 0.55234375 0.35859375 0.0328125 0.1921875
2 0.60859375 0.47265625 0.0796875 0.1734375
2 0.7203125 0.47109375 0.084375 0.1765625
6 0.8046875 0.46484375 0.096875 0.1890625
1 0.915625 0.46875 0.1125 0.18125
3 0.0421875 0.64140625 0.084375 0.1640625
5 0.04375 0.646875 0.0875 0.175
1 0.159375 0.646875 0.125 0.175
0 0.21967877926866244 0.6652820280111259 0.03646474082661797 0.09083407825883114
1 0.28203125 0.6421875 0.1234375 0.165625
1 0.409375 0.63984375 0.115625 0.1609375
2 0.625 0.71328125 0.1125 0.3078125
8 0.778125 0.70859375 0.190625 0.2984375
9 0.9265625 0.7109375 0.146875 0.303125