4 0.04375 0.13125 0.0875 0.2625
8 0.0359375 0.13203125 0.071875 0.2640625
0 0.01484375 0.23515625 0.0296875 0.0765625
1 0.11484375 0.15234375 0.1921875 0.3046875
1 0.4585251607121673 0.22311352005090673 0.1980240373353727 0.33661130402608974
10 0.5902933579522237 0.2543282520687241 0.1682819902574721 0.3331408586887262
0 0.6260417175293006 0.37815665073995114 0.07060460064862309 0.10704997867599957
1 0.7195541639585782 0.2761407120862233 0.1650206225627205 0.3252919960216353
1 0.8408388287312306 0.2884872654359953 0.16469334009531628 0.3065419960216354
9 0.2640625 0.73671875 0.109375 0.1359375
4 0.3859375 0.709375 0.06875 0.08125
7 0.446875 0.7078125 0.065625 0.078125
9 0.50390625 0.70546875 0.0671875 0.0734375
5 0.5640625 0.7 0.059375 0.0625
3 0.82265625 0.7390625 0.1359375 0.140625
1 0.91875 0.746875 0.134375 0.15625
6 0.971875 0.75546875 0.05625 0.1734375