2 0.04609375 0.08359375 0.0921875 0.1671875
10 0.14375 0.08125 0.140625 0.1625
4 0.284375 0.0890625 0.121875 0.178125
0 0.3265625 0.02265625 0.05 0.0453125
1 0.4015625 0.08984375 0.1375 0.1796875
2 0.54921875 0.0765625 0.1203125 0.153125
0 0.0296875 0.7375 0.059375 0.340625
0 0.2592568583762157 0.7065786766303997 0.13554398860083355 0.32247805674305996
1 0.12833416669684067 0.7244601615867049 0.1356530913743752 0.3271655567430599
1 0.3981375204203129 0.6947198711409811 0.12344403210381963 0.3393018438900784
1 0.51903124866882 0.6826026528777234 0.11846559137437537 0.32666545157021043
0 0.3214685304882991 0.8267260405787379 0.04716724715020835 0.08100595909205772
9 0.7693215361878823 0.5948923335317441 0.18151110524208355 0.35192151583511766
10 0.918849410712917 0.6038317613492781 0.15632926728618096 0.3433815901291547
0 0.9765625 0.73203125 0.046875 0.0796875