2 0.159375 0.08515625 0.13125 0.1703125
10 0.26171875 0.0828125 0.1671875 0.165625
4 0.40390625 0.08984375 0.1515625 0.1796875
0 0.46482258674484234 0.07997578708631217 0.058367011903856715 0.09564884328594588
1 0.5046875 0.09140625 0.128125 0.1828125
7 0.87890625 0.25859375 0.1671875 0.0828125
10 0.3218901981811609 0.4703063921779188 0.07916130093507653 0.17857951795398092
4 0.4108981560266831 0.46041324171038056 0.09032605991206691 0.21770565046753818
1 0.5006555476154266 0.44504679606330255 0.08714651775758923 0.20831246974937895
3 0.55859375 0.440625 0.0203125 0.215625
0 0.4676117643397436 0.5397734887835144 0.02366475897699054 0.039198855386194255
7 0.59375 0.5734375 0.05 0.234375
7 0.60546875 0.55078125 0.0734375 0.2265625
1 0.7073464300307882 0.5297030763139237 0.11077491529826115 0.2412613251355733
1 0.8220629150036736 0.5071599349215717 0.10919423458010194 0.2381272347764936
0 0.6626884358845206 0.6424666967272326 0.020521578258831143 0.03605567466803503