6 0.16015625 0.14453125 0.2046875 0.2890625
7 0.2890625 0.14453125 0.040625 0.2890625
10 0.4890625 0.1671875 0.16875 0.24375
6 0.63515625 0.1671875 0.1296875 0.24375
1 0.784375 0.171875 0.1375 0.234375
2 0.93828125 0.1625 0.0984375 0.253125
2 0.00546875 0.5328125 0.0109375 0.265625
10 0.02109375 0.5234375 0.0421875 0.275
5 0.01953125 0.5109375 0.0390625 0.253125
6 0.0663578156676035 0.5124362200456244 0.07339308996629619 0.2630288489046434
2 0.21010327048806374 0.5074722722363377 0.031141957452738823 0.2508638180258309
0 0.00625 0.62265625 0.0125 0.0390625
3 0.43658395725634713 0.6198959967012947 0.1331317043294809 0.3272564849563052
2 0.5764640686926656 0.6220769591585648 0.09249761397040128 0.32451191818411546
6 0.6662669120768072 0.6124315230277606 0.09733055971567524 0.3496483105039836
0 0.7311657251121322 0.7543174946562307 0.0474931444174139 0.10761392319868043
1 0.7992566740788598 0.6390358239648327 0.13795555971567525 0.35083037727617333
1 0.9236708667990717 0.6690151774883295 0.13317715612487896 0.3350689849563052