1 0.43046875 0.26953125 0.0578125 0.4734375
9 0.2859375 0.2633005996960661 0.2234375 0.47837636724704335
6 0.09609375 0.25234375 0.1921875 0.5046875
0 0.37890625 0.44100571404011574 0.065625 0.13784699247815269
6 0.625 0.2657316147397609 0.21875 0.4548024749271754
8 0.97734375 0.26171875 0.0453125 0.4421875
0 0.90234375 0.45505149366528685 0.0671875 0.1144549565847754
9 0.8234375 0.31056805628084144 0.215625 0.44377404671392995
5 0.03125 0.60390625 0.0625 0.0890625
7 0.10234375 0.609375 0.0671875 0.1
5 0.18671875 0.60390625 0.0609375 0.0890625
6 0.2609375 0.60859375 0.059375 0.0984375
0 0.13671875 0.6362225888090064 0.0171875 0.03331260517284953
8 0.73828125 0.8554115433487176 0.1015625 0.2576426669304743
1 0.85078125 0.87578125 0.1015625 0.2484375
0 0.89375 0.97578125 0.040625 0.0484375
1 0.95234375 0.87734375 0.0953125 0.2453125