1 0.240625 0.11640625 0.2 0.2328125
1 0.41484375 0.11171875 0.1703125 0.2234375
9 0.0640625 0.1171875 0.128125 0.234375
6 0.05546875 0.12734375 0.1109375 0.2546875
0 0.1296875 0.03359375 0.0625 0.0671875
1 0.6964360674153459 0.2371055749654402 0.11363594718226029 0.2599057680561674
1 0.8003423174153459 0.23347708876043827 0.09886411905195924 0.23910219473518968
2 0.528125 0.22421875 0.05625 0.2296875
2 0.5234375 0.23046875 0.046875 0.2546875
4 0.5976439033501955 0.23038683821228415 0.08669150126594438 0.24804068511654281
0 0.6417882621505356 0.3297494319516819 0.04269842068857237 0.06079365626060227
5 0.0375 0.5328125 0.075 0.328125
2 0.0953125 0.53046875 0.053125 0.3234375
7 0.23046875 0.528125 0.1421875 0.31875
0 0.31940731986241666 0.6870708586307043 0.05192957694917481 0.10169147477225664
1 0.42578125 0.5359375 0.1484375 0.334375
2 0.53671875 0.75703125 0.0734375 0.3578125
2 0.5955109736759482 0.7319096765942043 0.13836810707105968 0.3871775961864685
8 0.7372818114248961 0.7598114433844273 0.12150798928504472 0.395952395460829
1 0.9017163336574148 0.742336222788522 0.15904270561978073 0.35356648801910034
0 0.8052555398253498 0.8919766134400277 0.07375001324684387 0.10089286660488846