3 0.0546875 0.346875 0.109375 0.39375
4 0.12416037460218483 0.37883735606299707 0.20441806405154317 0.3820147106938169
7 0.273242764600594 0.3922924234165871 0.1996396573838158 0.3741476666931806
0 0.31640625 0.546875 0.0578125 0.084375
2 0.4625 0.428125 0.165625 0.321875
6 0.67578125 0.2171875 0.1328125 0.434375
8 0.703125 0.234375 0.1875 0.45
0 0.628125 0.41484375 0.0375 0.1171875
9 0.675 0.26328125 0.13125 0.4546875
9 0.850623424610139 0.28075712877940384 0.25817941072563355 0.43732037603436213
8 0.0625 0.89921875 0.125 0.2015625
4 0.12421875 0.909375 0.2484375 0.18125
1 0.3078125 0.9234375 0.25625 0.153125
1 0.48203125 0.934375 0.2546875 0.13125
2 0.64453125 0.81875 0.0703125 0.3625
8 0.6515625 0.83203125 0.084375 0.3359375
4 0.65703125 0.8515625 0.0953125 0.296875
1 0.7609375 0.8765625 0.215625 0.246875
1 0.915625 0.88984375 0.16875 0.2203125