3 0.1851388255984124 0.2909544533736345 0.18658735226173623 0.3785806280235443
4 0.3489012252355927 0.3014572433959062 0.17063497004775102 0.3690238146880899
7 0.49911948004491613 0.2969526514162689 0.1657292152384276 0.36271927068745347
0 0.5593699553653269 0.4516225174251776 0.050039694735189676 0.0911704400063634
2 0.6421875 0.321875 0.034375 0.3375
5 0.74765625 0.27265625 0.1765625 0.4546875
7 0.8957315852170591 0.259205561386043 0.20310521886662478 0.44905676002545347
0 0.9703125 0.45 0.059375 0.125
6 0.3140625 0.61640625 0.13125 0.1734375
10 0.4765625 0.615625 0.134375 0.171875
0 0.5245138057281465 0.6858424287475872 0.05338294954451293 0.09745680267345432
1 0.6046875 0.6203125 0.109375 0.18125
0 0.8179488032810758 0.8735504193984516 0.07144346878180663 0.12265679734245402
1 0.921875 0.740625 0.15625 0.421875
6 0.7453125 0.74453125 0.171875 0.4296875
10 0.7203125 0.740625 0.121875 0.421875