2 0.021875 0.33828125 0.04375 0.3015625
10 0.03046875 0.33828125 0.0609375 0.2890625
1 0.03984375 0.34453125 0.0796875 0.3140625
1 0.16492420170757863 0.33984375 0.1332251517837136 0.2921875
1 0.30643954586337996 0.33359375 0.13684107548481972 0.3203125
0 0.08719289367262935 0.4515625 0.04231595941492117 0.096875
10 0.60625 0.10546875 0.053125 0.2109375
5 0.62890625 0.1015625 0.0984375 0.203125
0 0.6763781245979058 0.18515625 0.04198867694751698 0.078125
1 0.75234375 0.1125 0.1359375 0.225
1 0.86875 0.1125 0.109375 0.225
0 0.12475712338008985 0.865625 0.05278980925276535 0.0703125
1 0.20496854910979084 0.74609375 0.134978566556366 0.303125
1 0.34296875 0.75078125 0.1453125 0.3421875
9 0.065625 0.740625 0.13125 0.315625
3 0.0359375 0.7359375 0.071875 0.3125
1 0.59921875 0.6328125 0.0390625 0.10625
1 0.59765625 0.63125 0.0359375 0.103125
3 0.59609375 0.63125 0.0328125 0.103125
6 0.5953125 0.6296875 0.03125 0.1
10 0.6578125 0.62734375 0.0625 0.0953125
1 0.728125 0.62734375 0.065625 0.0953125
5 0.8078125 0.62578125 0.05625 0.0921875
0 0.7609375 0.5859375 0.009375 0.0125