2 0.11362749228606694 0.38724272461809317 0.1272399788933863 0.3982749626829992
1 0.2359375 0.37265625 0.171875 0.4328125
1 0.3796875 0.3921875 0.140625 0.3875
0 0.43515625 0.5203125 0.0296875 0.08125
5 0.50234375 0.14140625 0.1046875 0.2828125
7 0.59921875 0.1375 0.1296875 0.275
0 0.6633758965054125 0.24864165925368553 0.054952327109672794 0.10530566534054522
5 0.12979005478524314 0.7777949992839114 0.1113774253226639 0.29498633068109026
2 0.2976224370904914 0.768028005927776 0.05041265178371361 0.2927147586728179
1 0.39609375 0.7609375 0.1078125 0.284375
0 0.3361957877391145 0.873850744589458 0.033712526785361165 0.051944308004454244
2 0.81328125 0.98203125 0.0609375 0.0359375