2 0.31484375 0.18671875 0.1453125 0.3734375
1 0.43828125 0.19296875 0.1921875 0.3859375
1 0.53046875 0.18671875 0.0578125 0.3734375
1 0.5859375 0.42890625 0.053125 0.2609375
1 0.584375 0.421875 0.05 0.24375
5 0.6248753502247916 0.4157425945085073 0.08779683135366607 0.226891114741389
3 0.7087873489711504 0.40675076063666704 0.08480822367353405 0.23150587955902785
2 0.8100005079840658 0.39425272026781305 0.051495618500684695 0.21355466014423605
1 0.8641113464638679 0.3884761521635422 0.0729159774344577 0.19843880642076392
6 0.9384892208370472 0.38473486274461866 0.06827394154108042 0.1998922036472223
0 0.9029261423863751 0.47850239332982697 0.016352425705962938 0.02536367591180557
2 0.0265625 0.725 0.053125 0.171875
9 0.03984375 0.740625 0.0796875 0.203125
1 0.09765625 0.7375 0.1546875 0.196875
10 0.20859375 0.71875 0.1328125 0.159375
0 0.263498614872775 0.7559890008530215 0.03182431301126591 0.07412848423243049
6 0.31015625 0.72109375 0.1265625 0.1640625
7 0.88984375 0.81953125 0.2046875 0.3609375