2 0.240625 0.29296875 0.159375 0.1734375
2 0.3328125 0.28828125 0.09375 0.1828125
4 0.659375 0.1171875 0.246875 0.234375
8 0.84765625 0.10703125 0.2078125 0.2140625
0 0.94375 0.0234375 0.0625 0.046875
1 0.94296875 0.11328125 0.1140625 0.2265625
0 0.0375 0.81875 0.075 0.34375
0 0.16258122691732674 0.7370526316297946 0.188959929330278 0.33230448165323556
1 0.06640625 0.78046875 0.1328125 0.3390625
1 0.2921875 0.69609375 0.175 0.3484375
1 0.35078125 0.659375 0.0578125 0.334375
0 0.25251785552642403 0.8422491917382532 0.05981271751493047 0.08627384328594587
7 0.49746537319385453 0.5592356620768073 0.14255640159486135 0.28516586123992677
8 0.6216652861878822 0.5255878908031767 0.11693815254479176 0.2584579154946528
1 0.72265625 0.5109375 0.1421875 0.2625
1 0.82109375 0.49453125 0.1171875 0.2296875
0 0.6887820106366671 0.6236213907049809 0.030633057370694418 0.040797716822512695