2 0.25 0.52734375 0.1125 0.2828125
6 0.3359375 0.53046875 0.128125 0.2765625
8 0.4421875 0.534375 0.11875 0.26875
4 0.5421875 0.53359375 0.134375 0.2703125
0 0.57734375 0.65859375 0.0296875 0.0203125
2 0.64296875 0.5484375 0.0515625 0.240625
3 0.69609375 0.14921875 0.0546875 0.2984375
3 0.7 0.15859375 0.0625 0.2984375
0 0.6948559472367611 0.28407230148368007 0.02886138555165907 0.04284211664125017
1 0.7919882715070601 0.16223170944371468 0.14435356655636583 0.3063617156150695
1 0.93203125 0.16875 0.1359375 0.309375
1 0.16240591152294623 0.796725610372986 0.07884556899199797 0.2220581443766667
1 0.2515502321397972 0.7993401576756942 0.08358761606989865 0.22529224715020835
2 0.3571280762955986 0.8031353452710066 0.03641260714144483 0.20701371941479163
4 0.4212451233734993 0.8047692740326038 0.08043534253094826 0.2236570119678472
7 0.5033036469124497 0.8044224754956245 0.07410352191409722 0.21882404160312507
5 0.5893638778377261 0.8094535079806938 0.07870920129724616 0.2142456443766667
4 0.6546875 0.8078125 0.028125 0.2125
10 0.75625 0.7625 0.159375 0.1875
10 0.9109375 0.75390625 0.1625 0.1703125
0 0.97109375 0.68984375 0.0515625 0.0421875