2 0.02265625 0.28828125 0.0453125 0.2421875
6 0.02578125 0.2890625 0.0515625 0.240625
8 0.02421875 0.2890625 0.0484375 0.240625
4 0.09921875 0.2859375 0.1109375 0.246875
2 0.2203125 0.2953125 0.071875 0.228125
5 0.58125 0.146875 0.084375 0.29375
10 0.71640625 0.146875 0.1140625 0.29375
2 0.8953125 0.1453125 0.053125 0.290625
0 0.9312877670494238 0.26999966518298474 0.02441934740221221 0.05665910308425506
1 0.98125 0.1453125 0.0375 0.290625
9 0.1995173900191814 0.6591651254086848 0.1668831314911742 0.343434174511885
10 0.34859977232442957 0.6643730024389273 0.1433365373353727 0.33677507142762997
0 0.4080684553610266 0.7922019476503888 0.04821140340856669 0.07738070616851012
7 0.4796875 0.671875 0.11875 0.3625
7 0.58671875 0.65078125 0.0953125 0.4828125
7 0.60546875 0.6484375 0.1328125 0.446875
0 0.6355934375041191 0.811208866480231 0.056542100648623084 0.10720457386326192
1 0.7698708003276068 0.6354803892084024 0.1732615909060952 0.44039099512873603
1 0.9203125 0.6421875 0.159375 0.45