1 0.18359375 0.2734375 0.1890625 0.290625
2 0.06796875 0.28359375 0.1359375 0.2703125
2 0.35703125 0.278125 0.1296875 0.28125
1 0.47109375 0.26796875 0.1734375 0.3015625
9 0.61796875 0.259375 0.1828125 0.31875
0 0.559375 0.38984375 0.0625 0.0578125
5 0.5173960134864586 0.6504701895327141 0.07721972948277803 0.16378185633066594
7 0.5873448375746532 0.6336178802799488 0.08390614057694457 0.18264095048646745
5 0.6689214926848962 0.6126547694850558 0.07402199430041687 0.16060230925276525
0 0.6355472546527434 0.6898309241114384 0.021112587005972294 0.0347295560063543
9 0.9072404166968407 0.5177958315771949 0.08565047853284735 0.19048072402541774
9 0.9734375 0.51328125 0.053125 0.1890625