1 0.034375 0.32890625 0.06875 0.3140625
4 0.03046875 0.30390625 0.0609375 0.3171875
6 0.03203125 0.2984375 0.0640625 0.31875
6 0.05078125 0.25859375 0.1015625 0.3046875
3 0.02890625 0.28046875 0.0578125 0.3015625
0 0.09696098058564004 0.3730438825057286 0.0304329346753633 0.06475348423243048
10 0.12576832793604842 0.24662619966006893 0.12354877737108919 0.2809253045209029
6 0.46015625 0.209375 0.0609375 0.21875
4 0.46640625 0.209375 0.0734375 0.21875
0 0.49917001261141164 0.280368686076701 0.04471361067790856 0.08383079255305566
1 0.5439108952896383 0.1941941435236454 0.11341016136218052 0.2150820989738195
1 0.6368432826225475 0.19515527184840228 0.1102487986950896 0.21188436379145834
1 0.3 0.69296875 0.153125 0.2484375
1 0.3890625 0.6796875 0.08125 0.221875
7 0.17421875 0.69765625 0.1421875 0.2578125
6 0.06484375 0.69765625 0.1296875 0.2578125
0 0.2442643366088663 0.7787685120647565 0.057377242679817544 0.09818423328249999
1 0.46328125 0.796875 0.0671875 0.328125
1 0.48359375 0.7796875 0.1078125 0.3
1 0.5931558226050483 0.7745395262168053 0.12227717870781625 0.3058889369297223
6 0.7003325232734119 0.7595483462209371 0.11753513470717998 0.30109233415618064
5 0.809798429941139 0.7491901148382982 0.11255673337045273 0.275983231382639
3 0.9122149052753208 0.7405580376159717 0.10963172803945262 0.2930979962002779
9 0.97890625 0.7265625 0.0421875 0.2875
0 0.9771030139242762 0.869481164990798 0.011192038669636162 0.022129573138263935