6 0.04296875 0.2890625 0.0859375 0.315625
2 0.10284516721157963 0.2421875 0.0988774253226639 0.29375
0 0.16417635917663026 0.35390625 0.06301028896022594 0.11875
1 0.2231167569031541 0.24453125 0.18741381980277688 0.353125
1 0.3645599630716642 0.19765625 0.1695444813290184 0.3140625
3 0.6046875 0.1015625 0.228125 0.203125
2 0.76875 0.090625 0.146875 0.18125
0 0.829575262585197 0.10859375 0.043305715096963834 0.0640625
1 0.89453125 0.0890625 0.1765625 0.178125
3 0.2171875 0.91953125 0.115625 0.1609375
1 0.3375 0.90234375 0.11875 0.1953125
3 0.4296875 0.890625 0.040625 0.21875
1 0.56484375 0.7546875 0.2296875 0.471875
1 0.765625 0.73828125 0.240625 0.4390625
1 0.92421875 0.721875 0.1515625 0.40625
0 0.6756945117744181 0.92265625 0.0932432597392328 0.15
3 0.52109375 0.759375 0.1421875 0.48125