6 0.221875 0.4234375 0.05625 0.315625
3 0.5685629273949517 0.25752795261777495 0.18270669605345216 0.39582267202418076
5 0.7288646280633152 0.2681643659293669 0.18572260805217944 0.3864840346912716
0 0.7907481047501326 0.41590188458786725 0.04980110001590834 0.11775112133990877
1 0.8978691667329514 0.2880757819064589 0.1748396520528157 0.39104426535645337
7 0.109375 0.959375 0.084375 0.08125
7 0.17890625 0.96875 0.0796875 0.0625
0 0.584375 0.98359375 0.040625 0.0328125
10 0.5515625 0.915625 0.075 0.16875
6 0.621875 0.90859375 0.084375 0.1828125
3 0.4015625 0.909375 0.10625 0.18125
1 0.4828125 0.91796875 0.0875 0.1640625
1 0.69765625 0.9203125 0.0921875 0.159375