7 0.0921875 0.22890625 0.184375 0.4578125
10 0.2855778244172861 0.259375 0.1840476840202344 0.4828125
1 0.47421875 0.2671875 0.1890625 0.459375
0 0.35287690790506476 0.43515625 0.06566469473518968 0.090625
6 0.676882381496195 0.22734375 0.1718899352013608 0.403125
1 0.8635093622589013 0.25234375 0.16692961668970652 0.3953125
5 0.109375 0.6296875 0.121875 0.140625
7 0.2171875 0.63515625 0.128125 0.1515625
0 0.2662077763240518 0.68125 0.06281251324684387 0.0984375
1 0.34140625 0.6609375 0.1359375 0.203125
1 0.45625 0.6609375 0.1625 0.203125
5 0.83984375 0.8453125 0.2140625 0.309375
4 0.95625 0.8484375 0.0875 0.303125