7 0.03984375 0.1359375 0.0796875 0.271875
10 0.04921875 0.15078125 0.0984375 0.3015625
1 0.234375 0.1421875 0.16875 0.284375
0 0.11796875 0.2347810836215844 0.05625 0.08782725292686636
1 0.425 0.146875 0.184375 0.29375
1 0.565625 0.38125 0.03125 0.21875
1 0.5671875 0.38125 0.034375 0.221875
2 0.55546875 0.38359375 0.0109375 0.2078125
4 0.565625 0.3828125 0.03125 0.21875
7 0.60859375 0.3820833304983264 0.059375 0.2144079336450254
5 0.69453125 0.38492705024770535 0.0640625 0.2097477047222643
4 0.78046875 0.3815207699970843 0.0546875 0.20969316256778664
10 0.8625 0.3898105138487643 0.059375 0.2175329336450254
0 0.8140625 0.48171621271729614 0.0125 0.028197722872636888
7 0.0984375 0.9546875 0.1375 0.090625
6 0.22265625 0.9609375 0.1015625 0.078125
0 0.35703125 0.95546875 0.1171875 0.0890625
0 0.48359375 0.96484375 0.1328125 0.0703125
6 0.66328125 0.797807803567355 0.071875 0.23948065651766245
7 0.7703125 0.8078054931643088 0.075 0.24262383723582168
1 0.88046875 0.8271963634794218 0.0796875 0.23640110831306044
1 0.97265625 0.83984375 0.0546875 0.2359375
0 0.815625 0.9135378635776178 0.015625 0.032903403590796285