5 0.18046875 0.07109375 0.1296875 0.1421875
7 0.28984375 0.07265625 0.1359375 0.1453125
0 0.34222723324044557 0.11558490057248819 0.06540970282385157 0.10109094155801354
1 0.38046875 0.1 0.0765625 0.2
7 0.8107679477427796 0.15437643953271402 0.14149614436493216 0.3007557508107789
0 0.8623568429656416 0.2887008465947286 0.027790030878812287 0.042651150162155815
2 0.96875 0.1875 0.0625 0.31875
3 0.2319800550272002 0.7413032897743 0.2200136009497074 0.3692796542193456
3 0.35859375 0.7515625 0.1203125 0.340625
7 0.57734375 0.62109375 0.1234375 0.1421875
8 0.70625 0.6140625 0.096875 0.128125
1 0.81015625 0.61875 0.1203125 0.1375
1 0.91171875 0.61328125 0.0984375 0.1265625
0 0.7393272052646271 0.611384370133679 0.027699102665566855 0.03952615016215581