5 0.18203125 0.12265625 0.2078125 0.2453125
9 0.30234375 0.08671875 0.1609375 0.1734375
0 0.39975250608083285 0.1578125 0.09269925911805572 0.15625
1 0.43828125 0.0765625 0.1921875 0.153125
1 0.57265625 0.07890625 0.1703125 0.1578125
2 0.7265625 0.11328125 0.034375 0.1421875
2 0.72265625 0.10234375 0.0265625 0.1203125
6 0.72734375 0.09375 0.0359375 0.15
0 0.7140625 0.146875 0.009375 0.028125
1 0.72734375 0.08671875 0.0359375 0.1390625
1 0.7265625 0.0765625 0.034375 0.140625
6 0.13359375 0.59375 0.2671875 0.4875
5 0.3427582768823954 0.55390625 0.25138980698944485 0.4625
0 0.477747606670173 0.72890625 0.09535148043270851 0.1359375
1 0.5640625 0.55 0.271875 0.48125
2 0.8235725189986107 0.7375 0.11177787385944464 0.2375
8 0.9035145921368745 0.7265625 0.13103702013597243 0.259375
7 0.959375 0.72109375 0.08125 0.2453125