5 0.05 0.16015625 0.1 0.3203125
9 0.03828125 0.15 0.0765625 0.3
0 0.03046875 0.3125 0.0609375 0.15625
1 0.11112582954200949 0.18068497784260665 0.18506038717321688 0.3088578912941561
1 0.19375 0.21875 0.071875 0.315625
6 0.41875 0.11875 0.26875 0.2375
10 0.60703125 0.1375 0.2390625 0.275
0 0.6628810186643911 0.24180778844204456 0.07063187418757337 0.10821247579950324
2 0.82265625 0.15390625 0.1984375 0.3078125
10 0.925 0.1875 0.15 0.375
8 0.1953125 0.6828125 0.06875 0.21875
6 0.14460871103647888 0.6714998336215843 0.12232283360249455 0.20537836729005096
0 0.5922861006453278 0.6469634419346448 0.07501936525911965 0.09105224687674215
1 0.690625 0.58984375 0.175 0.2203125
1 0.815625 0.60390625 0.1875 0.2484375
3 0.5515625 0.57578125 0.190625 0.1921875
6 0.42421875 0.58359375 0.1859375 0.2078125