5 0.0640625 0.184375 0.128125 0.36875
9 0.07265625 0.184375 0.1453125 0.36875
1 0.2390625 0.184375 0.18125 0.36875
2 0.43828125 0.1734375 0.1234375 0.346875
0 0.15234375 0.30234375 0.0765625 0.1328125
5 0.7421875 0.08828125 0.171875 0.1765625
7 0.88828125 0.08671875 0.1578125 0.1734375
7 0.12734375 0.5953125 0.2484375 0.453125
1 0.3640625 0.58359375 0.228125 0.4296875
0 0.465625 0.74375 0.06875 0.11875
6 0.53828125 0.57109375 0.0765625 0.4046875
4 0.68125 0.55859375 0.1375 0.3796875
0 0.7748792209277294 0.7352964413987697 0.06146474082661797 0.09133407200827222
4 0.86796875 0.5546875 0.1796875 0.371875