5 0.07734375 0.20234375 0.1546875 0.4046875
9 0.0609375 0.20390625 0.121875 0.4078125
1 0.1890625 0.20703125 0.234375 0.4140625
2 0.4078125 0.21328125 0.2125 0.4265625
0 0.0638479412396861 0.30822683927436634 0.09069882001909005 0.14166133601209036
9 0.609375 0.18984375 0.1 0.3796875
7 0.60390625 0.2390625 0.0890625 0.371875
0 0.6026757259309578 0.414939368594867 0.036664753341817756 0.06291817067154533
6 0.7205001199475024 0.29170985924573134 0.16669988804899774 0.3628283586887263
3 0.8731342239417753 0.3321155885582777 0.18861125071608864 0.36620789735836257
1 0.4140625 0.59921875 0.1375 0.1390625
1 0.503125 0.59765625 0.1125 0.1359375
10 0.30703125 0.59921875 0.1421875 0.1390625
7 0.18359375 0.603125 0.1515625 0.146875
0 0.33633311059836685 0.5746319945894581 0.05254429201145392 0.08497498400699968
5 0.6265625 0.72734375 0.134375 0.3953125
1 0.665625 0.75390625 0.2125 0.4484375
1 0.82890625 0.75 0.2453125 0.440625
1 0.93828125 0.76953125 0.1234375 0.4609375
0 0.6943621445735497 0.9087626412715029 0.07967041335136286 0.13372156667727228