4 0.0359375 0.22265625 0.071875 0.3546875
1 0.06171875 0.23515625 0.1234375 0.3296875
0 0.10952388837407093 0.3971604279121859 0.02184028366526398 0.04398635733609062
1 0.2141518462712865 0.25995023456400473 0.1632936960011339 0.33770108935390813
2 0.396875 0.28203125 0.084375 0.3359375
5 0.5216047369227921 0.22217170794877505 0.11503475607526781 0.25279883068109027
4 0.6521999724948218 0.20189447593095772 0.09444943756361361 0.24474997334499946
0 0.7024033583370041 0.29666153592459443 0.024801592558271322 0.0393352200031817
1 0.7748016587924911 0.19890474124764027 0.12128475607526781 0.2528715560152719
1 0.8913988817506489 0.2030189818985047 0.12451888347992952 0.256032918682363
3 0.1483160259455337 0.7001416192711847 0.08012898801910033 0.1477477040101814
8 0.20241324890369167 0.7049831132638669 0.05436509618646852 0.1255818026734543
0 0.21576890997361725 0.751721753262276 0.015317465153609789 0.03610113200190899
1 0.24651791296884226 0.7146302859245944 0.06217759618646852 0.1256727093411815
1 0.2973810085223385 0.7163831425843674 0.05231152286549072 0.11150112133990878
3 0.6609375 0.64140625 0.15625 0.2828125
3 0.7921875 0.64296875 0.14375 0.2859375
3 0.9125 0.63671875 0.1375 0.2734375
0 0.9661235740387678 0.7321530459102769 0.03732143992586625 0.08477498933799979
1 0.9796875 0.63515625 0.040625 0.2703125