4 0.03046875 0.06953125 0.0609375 0.1390625
1 0.1296875 0.06484375 0.103125 0.1296875
0 0.1772812847062431 0.08963265908731426 0.01506271034569906 0.03462046185055314
1 0.2609375 0.06640625 0.115625 0.1328125
2 0.41328125 0.06640625 0.0609375 0.1328125
4 0.62421875 0.1421875 0.0703125 0.2375
7 0.7199749015575752 0.14750584009531628 0.0798479390337981 0.22159435633066593
6 0.8285004553976411 0.15174510105236494 0.08113765439406198 0.21224662986961632
0 0.8721618756933276 0.23614342045139997 0.02167642319868044 0.04722955600635448
1 0.9384748489711503 0.1599178855483639 0.0927571159934022 0.23587504464226877
7 0.1671875 0.571875 0.1125 0.125
3 0.2734375 0.571875 0.1 0.125
0 0.31015625 0.53125 0.0421875 0.04375
1 0.378125 0.5671875 0.11875 0.115625
1 0.48046875 0.56640625 0.1171875 0.1140625
7 0.6530912784380369 0.7052598388775003 0.09013222116625164 0.25300799756436804
4 0.7521054399582349 0.7140229586008469 0.08227425705962901 0.25130912986961623
1 0.8424576553184988 0.7249798238599666 0.0836094365265156 0.2435239034085665
0 0.8798774358015997 0.8358451858726754 0.01005696159934022 0.023601141233702095
3 0.932900798892008 0.7328116891190863 0.08365490063313814 0.2450864034085667