3 0.06640625 0.16171875 0.1328125 0.3234375
3 0.08203125 0.13515625 0.1640625 0.2703125
6 0.221875 0.1078125 0.221875 0.215625
0 0.3317467228156043 0.14993897189067829 0.057142561757624756 0.08469316256778665
1 0.39296875 0.096875 0.2296875 0.19375
7 0.9417318250854599 0.1726987192583996 0.073313131037097 0.10353406615858277
2 0.98125 0.16953125 0.0375 0.0984375
3 0.05703125 0.89609375 0.1140625 0.2078125
1 0.0875 0.86796875 0.175 0.2640625
1 0.1953125 0.8625 0.21875 0.275
0 0.30234375 0.98671875 0.0828125 0.0265625
1 0.34921875 0.8390625 0.2390625 0.321875
1 0.45625 0.8296875 0.146875 0.340625
2 0.5875 0.7546875 0.115625 0.23125
2 0.5890625 0.7484375 0.11875 0.21875
5 0.6515625 0.74453125 0.24375 0.2109375
0 0.7732141234487425 0.7261014960911751 0.09319973370266403 0.14270565046753808
1 0.8390625 0.76328125 0.303125 0.2484375
1 0.94375 0.753125 0.1125 0.228125