3 0.0921875 0.23671875 0.184375 0.3640625
3 0.27421875 0.2171875 0.2390625 0.403125
6 0.409375 0.20859375 0.08125 0.4171875
6 0.51875 0.11796875 0.1375 0.2359375
8 0.6125 0.1046875 0.115625 0.209375
0 0.6720321018631438 0.18081857407699645 0.05966710064862326 0.10692270934118149
1 0.7046875 0.0984375 0.13125 0.196875
2 0.81484375 0.084375 0.0953125 0.16875
7 0.23828125 0.49765625 0.1140625 0.1578125
1 0.33515625 0.490625 0.0921875 0.14375
0 0.38977693506189653 0.5393486894095874 0.029270488635914305 0.06595226400381797
1 0.40703125 0.4859375 0.0859375 0.134375
8 0.76171875 0.54765625 0.1921875 0.2578125
5 0.9 0.5359375 0.178125 0.234375
0 0.97265625 0.603125 0.0546875 0.10625
1 0.96640625 0.5328125 0.0671875 0.228125