3 0.0578125 0.13671875 0.115625 0.2734375
2 0.25859375 0.1375 0.1109375 0.275
0 0.28870544608595206 0.2609375 0.04248016587924912 0.053125
6 0.4140625 0.15234375 0.196875 0.3046875
10 0.559375 0.15390625 0.08125 0.3078125
1 0.6453125 0.26484375 0.090625 0.2703125
1 0.6546875 0.26953125 0.109375 0.2609375
1 0.7375 0.29140625 0.16875 0.2171875
7 0.8375 0.30390625 0.159375 0.1921875
9 0.93046875 0.31953125 0.1390625 0.1609375
4 0.27172624409436824 0.7234375 0.23713796768549839 0.5265625
6 0.46328125 0.7734375 0.2140625 0.453125
0 0.54140625 0.98125 0.0484375 0.0375
1 0.57265625 0.803125 0.0546875 0.39375
1 0.6625 0.75546875 0.125 0.4890625
1 0.6640625 0.77890625 0.128125 0.4421875
10 0.7140625 0.784375 0.228125 0.43125
1 0.88515625 0.79296875 0.2296875 0.4140625