3 0.10078125 0.1828125 0.2015625 0.365625
2 0.34296875 0.140625 0.1046875 0.28125
0 0.4195695522116226 0.2513890476839579 0.04249657220870695 0.05410692496187508
6 0.49453125 0.13203125 0.1921875 0.2640625
8 0.675 0.16328125 0.090625 0.3265625
5 0.6765625 0.14609375 0.09375 0.2921875
1 0.69296875 0.1328125 0.1265625 0.265625
1 0.8359375 0.10859375 0.18125 0.2171875
0 0.640625 0.2390625 0.021875 0.0625
5 0.1391200246914761 0.7715768739563538 0.14706693930236625 0.3049446859797918
1 0.26352512705260833 0.7366544004574995 0.15641466822512734 0.3004753915268751
1 0.408869443309387 0.7278034644777078 0.16737034894328673 0.303854964665139
0 0.3386836874556545 0.8419218222852425 0.034738614363184796 0.06330008700597212
2 0.5557762595661655 0.7189161609067354 0.09855671642972937 0.29131729065319456
6 0.69453125 0.6265625 0.1296875 0.375
6 0.72109375 0.58671875 0.1828125 0.2953125
1 0.88671875 0.57265625 0.2265625 0.2671875