3 0.06640625 0.20625 0.1328125 0.4125
9 0.05703125 0.21640625 0.1140625 0.4328125
1 0.13954497074597186 0.2543577279371174 0.23013174961875044 0.42956848202865067
0 0.16281620374413155 0.39669156087674207 0.0411354526972918 0.09042659255827132
1 0.2974847573151038 0.25439991187253386 0.2096374116628475 0.4210466538983496
1 0.40546875 0.3140625 0.1078125 0.384375
3 0.553125 0.3515625 0.1875 0.365625
6 0.7095665300165275 0.3876711918247827 0.15483950246854192 0.34731648801910053
6 0.8580215606017358 0.4256945253973795 0.14215766451263914 0.33906747840045365
1 0.95703125 0.45 0.0859375 0.334375
0 0.8899410949866662 0.5659847086998238 0.032413762917777686 0.05109127404661713
1 0.06875 0.9515625 0.1375 0.096875
1 0.1703125 0.96015625 0.165625 0.0796875
1 0.61015625 0.88203125 0.1953125 0.2359375
2 0.51328125 0.871875 0.1078125 0.25625
2 0.77734375 0.9171875 0.1359375 0.165625
1 0.8875 0.92578125 0.18125 0.1484375