4 0.24453125 0.17421875 0.1484375 0.3484375
6 0.39094018003078823 0.18359375 0.1425885175611974 0.3375
0 0.4526594509116354 0.31796875 0.06316359621281223 0.1140625
3 0.5504060836215844 0.19921875 0.15360783079291415 0.3515625
9 0.65234375 0.20390625 0.0546875 0.3390625
3 0.8481714179305397 0.46640625 0.11261012607064966 0.2875
1 0.9609375 0.4875 0.078125 0.2875
4 0.06953125 0.8640625 0.1390625 0.271875
10 0.24921875 0.8765625 0.1703125 0.246875
1 0.4453125 0.890625 0.175 0.21875
1 0.61171875 0.8953125 0.1359375 0.209375