2 0.05703125 0.40390625 0.1140625 0.4484375
2 0.16484375 0.45234375 0.2359375 0.4328125
5 0.2875 0.475 0.24375 0.3875
0 0.33984375 0.63359375 0.0921875 0.0703125
1 0.46953125 0.4796875 0.2796875 0.378125
9 0.69609375 0.18671875 0.1734375 0.3734375
6 0.7640625 0.20703125 0.309375 0.4140625
0 0.8143658517267018 0.3660177373970807 0.12096972948277802 0.1659098079967009
1 0.9078125 0.253125 0.184375 0.50625
7 0.05625 0.7890625 0.1125 0.240625
1 0.11640625 0.81953125 0.2328125 0.3015625
1 0.31796875 0.834375 0.2703125 0.33125
2 0.55 0.834375 0.11875 0.33125
0 0.16525751092100763 0.9544831923325032 0.03586607123840295 0.06506271034569906
1 0.8 0.95234375 0.25 0.0953125