6 0.053125 0.11171875 0.10625 0.2234375
10 0.08359375 0.11640625 0.1671875 0.2328125
0 0.13328860500250705 0.1949336874556545 0.0852877139724832 0.11609769867214012
1 0.275 0.115625 0.2125 0.23125
1 0.490625 0.115625 0.21875 0.23125
3 0.9171875 0.04375 0.084375 0.0875
3 0.14205102450995327 0.6181949672152962 0.11623515752654665 0.2865556444174139
1 0.274208760081983 0.6361722866935287 0.11936015752654665 0.2865738251355733
7 0.4052405052726596 0.6416586965308408 0.11434527531256151 0.2771715540583344
0 0.4501214409373565 0.7655911002198328 0.021622028855940556 0.037618174668035034
1 0.5359375 0.6546875 0.128125 0.2875
2 0.7671875 0.52421875 0.0875 0.2109375
8 0.846875 0.5359375 0.10625 0.234375
7 0.9254984415703287 0.5430484797083281 0.10527781015895173 0.24118860226293642
0 0.9606968423886354 0.6311070159108774 0.03343254809323426 0.0626818071815924
1 0.984375 0.54296875 0.03125 0.2296875