6 0.065625 0.115625 0.13125 0.23125
10 0.14765625 0.13125 0.2609375 0.2625
0 0.18644110391473118 0.2442623613939972 0.09832950668363552 0.12612724267981754
1 0.353125 0.1546875 0.26875 0.309375
1 0.55859375 0.1765625 0.2609375 0.353125
0 0.8985780245862763 0.23913051340704206 0.04927384134309047 0.07243862133990878
9 0.76640625 0.11640625 0.1546875 0.2328125
1 0.94921875 0.1453125 0.1015625 0.290625
1 0.871875 0.13046875 0.171875 0.2609375
8 0.83125 0.6609375 0.15 0.121875
8 0.92578125 0.6625 0.1265625 0.125
0 0.9347251572645032 0.6869776674092692 0.049401110677908554 0.08337612133990877
1 0.9703125 0.67734375 0.059375 0.1546875