3 0.10448263070789254 0.37757711679907163 0.14574572367353422 0.230496541958086
10 0.22476403846716675 0.35249127926866236 0.13664350831327035 0.23981699980360832
0 0.2921812075092121 0.42555205024770537 0.03619356426490725 0.06269998789975162
1 0.343619338546309 0.32270885137917354 0.1315922954602886 0.2272897287263694
1 0.4644092116658472 0.30700255902830415 0.14450147241989306 0.24142495159900648
2 0.60703125 0.134375 0.0359375 0.265625
8 0.61796875 0.134375 0.0578125 0.26875
8 0.61484375 0.11640625 0.0515625 0.2328125
1 0.65625 0.11875 0.121875 0.2375
3 0.78515625 0.09765625 0.1296875 0.1953125
0 0.6054972129194884 0.21364694788657318 0.024528638558944316 0.037636355386194253
5 0.346875 0.640625 0.078125 0.08125
7 0.4171875 0.6453125 0.084375 0.090625
5 0.5 0.63984375 0.075 0.0796875
6 0.56171875 0.6421875 0.0546875 0.084375
0 0.4625 0.6140625 0.021875 0.028125
3 0.64375 0.89296875 0.109375 0.2140625
1 0.634375 0.87890625 0.090625 0.2421875
9 0.6390625 0.86796875 0.1 0.2640625
0 0.68828125 0.98671875 0.0671875 0.0265625
1 0.76875 0.85859375 0.2125 0.2828125
1 0.9125 0.84375 0.175 0.3125