3 0.03359375 0.43671875 0.0671875 0.1859375
10 0.03125 0.42109375 0.0625 0.2171875
0 0.06015625 0.50234375 0.0328125 0.0546875
1 0.1113626633533535 0.4037337370176518 0.12162151170746505 0.22710006249917622
1 0.23176152176460985 0.38678992451847555 0.13576582493918146 0.2414080243497292
7 0.66640625 0.103125 0.1484375 0.20625
3 0.84765625 0.08984375 0.1203125 0.1796875
0 0.9083553171405414 0.1471076359619916 0.040879530054229285 0.044459112012708954
8 0.94765625 0.07890625 0.1046875 0.1578125
8 0.76328125 0.096875 0.1171875 0.19375
8 0.03671875 0.875 0.0734375 0.25
10 0.0390625 0.87421875 0.078125 0.2515625
1 0.06953125 0.871875 0.1390625 0.25625
1 0.196875 0.86328125 0.16875 0.2734375
1 0.665625 0.63671875 0.20625 0.2140625
1 0.84765625 0.6421875 0.2328125 0.225
9 0.4734375 0.6453125 0.225 0.23125
7 0.41328125 0.65078125 0.1078125 0.2421875
0 0.5831371485226307 0.6924122276821609 0.07097609621281205 0.11528980925276536