6 0.075 0.23046875 0.15 0.4234375
1 0.26534309812079815 0.23432763392743086 0.17344533852458371 0.4069435970739585
1 0.4578125 0.24453125 0.121875 0.4109375
0 0.3498960168144092 0.43015058662472255 0.03106946846486114 0.06006598423243048
10 0.56875 0.24921875 0.1 0.4640625
5 0.5875 0.25234375 0.1375 0.4234375
0 0.6440993052834022 0.46359886626000035 0.03706489532659738 0.04927395459715278
1 0.782638394473576 0.28782022910152827 0.20793074771888928 0.47958231648875016
1 0.95 0.30859375 0.1 0.4796875
6 0.04296875 0.7 0.0859375 0.18125
3 0.1078125 0.7046875 0.159375 0.190625
0 0.15859375 0.6625 0.0734375 0.10625
1 0.25 0.69140625 0.153125 0.1640625
1 0.37578125 0.68984375 0.1453125 0.1609375
1 0.83125 0.71640625 0.15 0.2140625
8 0.7140625 0.7140625 0.115625 0.209375
0 0.880949261114826 0.7836964267648269 0.06595361474138901 0.08274107123840277
6 0.946875 0.7265625 0.10625 0.234375