6 0.05390625 0.2359375 0.1078125 0.428125
1 0.0578125 0.1953125 0.115625 0.390625
1 0.22109375 0.17265625 0.1953125 0.3453125
0 0.14770885137917356 0.35078125 0.0362920240041051 0.0609375
7 0.6755197131100796 0.228125 0.12614538524403188 0.196875
9 0.7645594872123805 0.22421875 0.1075044695529872 0.215625
0 0.8133333304983263 0.28203125 0.044140885440423536 0.0671875
1 0.848802677005726 0.2015625 0.11372719847574828 0.2109375
1 0.9432293878763105 0.18359375 0.09320562021691714 0.175
9 0.078125 0.74453125 0.15625 0.5109375
6 0.10078125 0.73984375 0.2015625 0.5203125
0 0.196875 0.93359375 0.1125 0.1328125
1 0.22890625 0.73984375 0.1796875 0.5203125
2 0.6078282190620079 0.66796875 0.12694533684303816 0.334375
8 0.73984375 0.6421875 0.1609375 0.325
9 0.8578125 0.6390625 0.18125 0.31875
0 0.9637651225546083 0.7484375 0.04415906615858276 0.0703125
1 0.96953125 0.62109375 0.0609375 0.2828125