8 0.0546875 0.45 0.109375 0.3
5 0.071875 0.4734375 0.14375 0.253125
1 0.17265625 0.50078125 0.1546875 0.1984375
6 0.47578125 0.3054453093968607 0.1359375 0.22345677601845368
6 0.55078125 0.32350551340704203 0.115625 0.212282918682363
1 0.6359375 0.3635588960852688 0.1296875 0.21400905068427178
1 0.71953125 0.38015659742995006 0.1328125 0.23123291335136287
0 0.5734375 0.408144142743451 0.040625 0.07391021467218159
6 0.0515625 0.7140625 0.103125 0.228125
8 0.1140625 0.73203125 0.171875 0.2640625
0 0.12265625 0.8422020640913139 0.071875 0.11802384134309048
1 0.18828125 0.76875 0.1234375 0.31875
3 0.365625 0.70703125 0.23125 0.2140625
3 0.55625 0.7171875 0.265625 0.234375
6 0.75390625 0.70859375 0.2234375 0.2171875
0 0.76640625 0.7518134214274047 0.0578125 0.08504770934118148
1 0.90546875 0.70546875 0.1890625 0.2109375