7 0.0484375 0.08671875 0.096875 0.1734375
4 0.1546875 0.0828125 0.125 0.165625
0 0.2135877178044714 0.1224225050681655 0.042760192622015934 0.09868293969514959
1 0.2984375 0.08125 0.1375 0.1625
3 0.6281279825369984 0.12684131859446968 0.06645222267624522 0.14256929508134383
8 0.6820251421779189 0.12871743598271657 0.04290563836728971 0.12368293969514958
0 0.6973819765850701 0.17490208957351266 0.011146578258831141 0.03600113251355737
1 0.7265154855620606 0.1360077612164856 0.05071813836728971 0.12372839149054773
1 0.7773012807416004 0.13552194788657318 0.04281473477649378 0.10805793969514976
2 0.1953125 0.8765625 0.1 0.246875
10 0.30625 0.8828125 0.115625 0.234375
6 0.5296875 0.890625 0.1125 0.21875
8 0.63125 0.9015625 0.078125 0.196875
0 0.6703125 0.98046875 0.04375 0.0390625
1 0.725 0.8984375 0.09375 0.203125
2 0.8390625 0.9015625 0.059375 0.196875