2 0.03125 0.10625 0.0625 0.2125
3 0.0515625 0.1015625 0.103125 0.203125
4 0.04375 0.10859375 0.0875 0.2171875
0 0.0171875 0.02734375 0.034375 0.0546875
1 0.11015625 0.10078125 0.1921875 0.2015625
1 0.26015625 0.10703125 0.1390625 0.2140625
8 0.38671875 0.2984375 0.1140625 0.140625
1 0.56796875 0.3046875 0.1546875 0.128125
1 0.7671875 0.3078125 0.165625 0.121875
2 0.00859375 0.8015625 0.0171875 0.259375
4 0.0234375 0.81015625 0.046875 0.2890625
10 0.02734375 0.8203125 0.0546875 0.28125
0 0.0046875 0.9390625 0.009375 0.04375
6 0.0234375 0.83828125 0.046875 0.2703125
8 0.14231391933781018 0.8476349062476048 0.08147821161023075 0.27667290919430554
6 0.37734375 0.79296875 0.0953125 0.3171875
4 0.5147618382122842 0.8016814009292712 0.12105163229880311 0.336920731382639
0 0.5783828501931836 0.9501565749412159 0.05552580290255769 0.06998649810013902
1 0.6607464608076224 0.8082067707046534 0.14221730416850206 0.31711737765916687
1 0.8106100515517953 0.8156043094579868 0.14901294119181047 0.332887848023889