2 0.03515625 0.10703125 0.0703125 0.2140625
3 0.1140625 0.10390625 0.221875 0.2078125
4 0.2828125 0.1109375 0.19375 0.221875
0 0.3421875 0.0375 0.075 0.075
1 0.4625 0.103125 0.209375 0.20625
1 0.60703125 0.109375 0.1453125 0.21875
2 0.71796875 0.09453125 0.0765625 0.1890625
1 0.72578125 0.10234375 0.0921875 0.2046875
1 0.878125 0.103125 0.165625 0.20625
9 0.740625 0.1078125 0.121875 0.215625
0 0.7815610129840111 0.18620605541849605 0.05989315046753809 0.08975339067472685
6 0.3992893893492484 0.6058089360677696 0.0920612767345796 0.24792951734563573
6 0.5124888261175319 0.6211895827498143 0.08888173458010193 0.238518154678545
1 0.6162814466290367 0.6419298914305864 0.09672150565734086 0.24329656134627217
0 0.5447059075978169 0.7239151407542688 0.023728391490547906 0.050272720003181705
4 0.71953125 0.68984375 0.0796875 0.3359375
7 0.7171875 0.70859375 0.075 0.3203125
0 0.69140625 0.8265625 0.0234375 0.071875
4 0.71484375 0.72421875 0.0703125 0.3515625
10 0.8236035881195845 0.7231526194302683 0.1580589814568439 0.3127556333545446