4 0.03828125 0.07890625 0.0765625 0.1578125
6 0.13125 0.075 0.15 0.15
0 0.18515625 0.07918313458786726 0.0578125 0.08973520934118148
1 0.2453125 0.07734375 0.109375 0.1546875
4 0.52890625 0.0875 0.1453125 0.175
4 0.628125 0.08671875 0.109375 0.1734375
3 0.02421875 0.640625 0.0484375 0.240625
3 0.02421875 0.66796875 0.0484375 0.2296875
1 0.025 0.69765625 0.05 0.2421875
0 0.0125 0.81953125 0.025 0.0890625
1 0.05078125 0.71328125 0.1015625 0.2703125
5 0.66328125 0.49375 0.1296875 0.228125
1 0.7734375 0.496875 0.121875 0.234375
1 0.90078125 0.50234375 0.1265625 0.2453125
1 0.97734375 0.51015625 0.0453125 0.2578125
0 0.82734375 0.6017848405872309 0.0609375 0.08352157200827222