4 0.20183265015886054 0.2241612253085239 0.19786039610167058 0.3261181141667929
6 0.327795132301953 0.19052254439397293 0.19290016071216734 0.31046584308955405
0 0.4177673417168741 0.28791114968197123 0.07038641233702041 0.09414997579950324
1 0.45546875 0.1625 0.1890625 0.31875
2 0.5296875 0.1328125 0.040625 0.265625
5 0.8125 0.3625 0.221875 0.39375
6 0.6546875 0.39140625 0.209375 0.3359375
1 0.9265625 0.3609375 0.146875 0.390625
0 0.9136116757264057 0.502927616504484 0.07378414772652384 0.10979315651766246
4 0.27055142247999486 0.7649356953524904 0.2075626785690748 0.3449226563212706
7 0.40835538554836387 0.7383964421310366 0.19322744317957136 0.3292158430895542
0 0.5045094111159092 0.8319151588553535 0.0575591298696164 0.07532725292686634
4 0.5046875 0.721875 0.090625 0.325
4 0.5921875 0.68359375 0.084375 0.2484375
2 0.8140625 0.6515625 0.140625 0.184375
0 0.6679467995102374 0.7439884328594586 0.05457049756436803 0.08312157220870695
1 0.6140625 0.678125 0.128125 0.2375
1 0.70390625 0.675 0.1734375 0.23125