1 0.04296875 0.16328125 0.0859375 0.3265625
2 0.03828125 0.159375 0.0765625 0.31875
2 0.0328125 0.16328125 0.065625 0.3265625
0 0.0234375 0.321875 0.046875 0.165625
1 0.13359375 0.2015625 0.2421875 0.403125
1 0.29921875 0.20390625 0.2078125 0.4078125
6 0.615562935579879 0.2221198810776393 0.141870074586922 0.26246624525034734
9 0.7267633304077359 0.23956391384704911 0.1279167019915839 0.2652639369297223
0 0.758427503458561 0.3403821846486116 0.039409729581580066 0.05556032218833344
1 0.840007374872773 0.26565624800322973 0.13761908420556884 0.27485714247680554
2 0.95703125 0.2828125 0.0859375 0.253125
0 0.3796875 0.54609375 0.115625 0.2328125
3 0.42734375 0.5625 0.0640625 0.265625
0 0.5248312642583343 0.9060409393982642 0.07832838584218216 0.09705814437666671
1 0.6444493382122841 0.7719952073500351 0.22000005298737565 0.3985505220358334
1 0.815625 0.78515625 0.240625 0.4296875
9 0.521875 0.7390625 0.125 0.415625
3 0.51796875 0.70546875 0.1171875 0.4171875