7 0.0515625 0.2828125 0.103125 0.253125
2 0.13046875 0.31171875 0.1578125 0.1953125
9 0.21875 0.31875 0.196875 0.18125
9 0.3375 0.3328125 0.20625 0.153125
6 0.7796875 0.08125 0.2125 0.1625
5 0.90546875 0.0734375 0.1765625 0.146875
0 0.9168831292568672 0.09937536962774196 0.041334072008272396 0.06117384933607006
1 0.9640625 0.07578125 0.071875 0.1515625
7 0.06953125 0.54765625 0.1390625 0.2765625
9 0.209375 0.56875 0.209375 0.31875
0 0.24006554324477677 0.720654951108027 0.039698846674090585 0.05491475897699054
8 0.3921875 0.5890625 0.19375 0.359375
3 0.46171875 0.64140625 0.0546875 0.3921875
3 0.69453125 0.503125 0.1609375 0.1875
4 0.78359375 0.53046875 0.1578125 0.2421875
3 0.8767677539385937 0.5388151195295461 0.15924992003499838 0.2587215359079618
9 0.94375 0.5796875 0.1125 0.278125
0 0.8042018632638669 0.5977719630118837 0.06815111067790855 0.08320338544042372