7 0.0640625 0.14296875 0.128125 0.2859375
2 0.1703125 0.1171875 0.1375 0.234375
0 0.22357769139876976 0.18336210459104887 0.062119286680453814 0.10227157200827222
9 0.26484375 0.11875 0.1765625 0.2375
9 0.38359375 0.10546875 0.1859375 0.2109375
7 0.67109375 0.39296875 0.0828125 0.3171875
9 0.7090333860598154 0.3639399425923216 0.1568339920432706 0.32053177068745364
1 0.8523924873885884 0.32867350990614064 0.1613578600413618 0.3065238146880899
2 0.9875 0.296875 0.025 0.315625
0 0.793200395408951 0.479382581914413 0.028652258672817864 0.04563976400381797
3 0.2484375 0.95703125 0.153125 0.0859375
6 0.34609375 0.9578125 0.1453125 0.084375
1 0.434375 0.95 0.1375 0.1
7 0.7296875 0.8140625 0.165625 0.26875
9 0.88125 0.8 0.15625 0.240625
1 0.971875 0.77890625 0.05625 0.1984375
0 0.966637895408951 0.876257581914413 0.028652258672817864 0.04563976400381797