6 0.11953125 0.0578125 0.0984375 0.115625
3 0.24765625 0.06484375 0.1078125 0.1296875
1 0.34921875 0.0625 0.0796875 0.125
0 0.30625 0.02109375 0.021875 0.0421875
3 0.5011303101747792 0.281157757126136 0.13055864436493209 0.30198370031656907
3 0.6451530948145152 0.2676000593168493 0.14190532132453618 0.31636444906292793
7 0.784602039720808 0.2502725038274307 0.13096782132453627 0.31604620031656905
0 0.859317231724107 0.36518679849629665 0.024528638558944493 0.03818196159934022
1 0.9286930205204781 0.23437105601814406 0.13556439311129082 0.31305759263643723
5 0.27421875 0.85859375 0.1734375 0.2828125
8 0.36328125 0.8421875 0.0515625 0.315625
7 0.43203125 0.66875 0.0859375 0.259375
1 0.60078125 0.65859375 0.1859375 0.2390625
1 0.80703125 0.6484375 0.2171875 0.21875
0 0.7011888314866801 0.7411726369760988 0.028381064264907253 0.06327288981258547