6 0.1640625 0.0578125 0.103125 0.115625
3 0.2921875 0.06484375 0.1125 0.1296875
0 0.35859375 0.01015625 0.0203125 0.0203125
2 0.56640625 0.0765625 0.1015625 0.153125
5 0.6421875 0.0671875 0.109375 0.134375
7 0.73203125 0.0828125 0.1171875 0.165625
0 0.788180638961424 0.09606439539937259 0.04389677678548622 0.07368293969514958
0 0.83671875 0.05625 0.1359375 0.1125
6 0.05234375 0.55390625 0.1046875 0.3296875
9 0.06953125 0.5375 0.1390625 0.296875
0 0.13375032494121583 0.6359712570320829 0.07006053970326391 0.12382838544042371
8 0.221875 0.53125 0.1875 0.284375
6 0.31953125 0.525 0.1203125 0.271875
6 0.646875 0.51875 0.184375 0.259375
3 0.79140625 0.51328125 0.1703125 0.2484375
0 0.8683065096867366 0.5546626905789125 0.075983231382639 0.10980224687674198
1 0.92421875 0.48671875 0.1515625 0.1953125