9 0.0640625 0.1546875 0.128125 0.309375
1 0.08125 0.1453125 0.1625 0.290625
0 0.12063066337527743 0.1945995188047922 0.07998105357097245 0.1486570119678472
1 0.19765625 0.11328125 0.2234375 0.2265625
8 0.4109375 0.15078125 0.0625 0.2484375
1 0.489289744397326 0.15409723290125044 0.14273823955076423 0.29535148043270854
0 0.559400916225069 0.231551392095556 0.02598192496187508 0.042769381458888846
1 0.60390625 0.128125 0.1515625 0.25625
2 0.75546875 0.12421875 0.1203125 0.2484375
2 0.071875 0.7203125 0.14375 0.303125
10 0.1984375 0.72109375 0.3375 0.3046875
7 0.73359375 0.94296875 0.1640625 0.1140625
3 0.8640625 0.93203125 0.159375 0.1359375
1 0.9609375 0.91796875 0.078125 0.1640625