9 0.0734375 0.2140625 0.146875 0.33125
1 0.221875 0.23671875 0.15625 0.2859375
1 0.353125 0.24609375 0.09375 0.2671875
3 0.4203125 0.06484375 0.040625 0.1296875
2 0.50234375 0.075 0.0484375 0.15
6 0.5796875 0.07734375 0.06875 0.1546875
0 0.625 0.13985840267820232 0.0203125 0.039653533386094966
1 0.68515625 0.0828125 0.0828125 0.165625
6 0.0421875 0.70390625 0.084375 0.3921875
9 0.0953125 0.7052848258768828 0.1546875 0.3779384465556454
0 0.165625 0.8596744606749034 0.0578125 0.1219946719450391
8 0.27734375 0.7105813942984252 0.1453125 0.4011031619159093
6 0.36953125 0.7125 0.0609375 0.4125
2 0.484375 0.6735190341775177 0.03125 0.26809678213245364
2 0.62421875 0.6549318217202476 0.0421875 0.2527900308788123
2 0.75390625 0.6547990925699302 0.03125 0.2930967821324536
0 0.77734375 0.7562623041692704 0.0171875 0.02862510517284953
1 0.85546875 0.6593167595004045 0.109375 0.3063074874635877
1 0.9625 0.6375 0.075 0.271875