5 0.07578125 0.1625 0.1515625 0.325
4 0.221875 0.13046875 0.146875 0.2609375
1 0.36484375 0.11640625 0.1734375 0.2328125
3 0.4921875 0.08828125 0.159375 0.1765625
0 0.298003523290458 0.21475076288581532 0.032613923198680436 0.0470568071815924
7 0.8265625 0.27421875 0.0875 0.1515625
7 0.8859375 0.2578125 0.084375 0.184375
7 0.959375 0.25625 0.08125 0.165625
0 0.9333285725116705 0.3225359918085765 0.03105142319868044 0.0470477168225127
1 0.15828414225336104 0.6370404159856322 0.09887072367353414 0.2302238311856975
1 0.24785510761362498 0.6271427203385541 0.09409229546028879 0.22707156010845858
3 0.3397243588672662 0.6156688891528568 0.10181386724704336 0.2239920119038567
8 0.43465041396097337 0.6018331272490001 0.0863252595669115 0.2285886083130606
2 0.539755451107992 0.5887195280111259 0.05774561850068451 0.21279998184962742
10 0.6067383626281899 0.5812973925707022 0.09529108260730723 0.21458065046753827
0 0.65546875 0.66484375 0.0078125 0.0296875
3 0.7140625 0.76875 0.109375 0.446875
2 0.7431137833195878 0.7216870849963264 0.10088316772189714 0.4067681504675383
0 0.8185864594212621 0.8986217688377437 0.04212531551854859 0.05179884933607006
6 0.894661911453691 0.6934570249860638 0.18777541396097347 0.44008062021691713