4 0.16935803457322907 0.18641590696785143 0.17535431881725377 0.33919419530200406
7 0.3105513359060126 0.20185538737181014 0.16244514185764966 0.3247679824490227
0 0.3726003580093364 0.31890048337345955 0.050528848904643195 0.07328438730530315
4 0.4618099590255508 0.21387435108272132 0.15397942399010328 0.35574519780928676
10 0.54921875 0.20859375 0.0609375 0.3171875
3 0.6046875 0.3671875 0.05 0.23125
10 0.60390625 0.37890625 0.0484375 0.2203125
1 0.6523834832404456 0.37771789073702244 0.08976850831327017 0.24147209765100222
1 0.746360803773559 0.38280254433966154 0.09855247492717538 0.22143238229073817
0 0.5930205065974106 0.4873489550019297 0.021449102665566856 0.039653533386094966
1 0.046875 0.80234375 0.09375 0.3953125
1 0.04765625 0.8078125 0.0953125 0.384375
1 0.2609375 0.83203125 0.1875 0.3359375
8 0.153125 0.81484375 0.184375 0.3703125
9 0.06328125 0.80546875 0.1265625 0.3890625
2 0.4 0.84140625 0.14375 0.3171875
3 0.63046875 0.7609375 0.1015625 0.321875
4 0.690625 0.76484375 0.1875 0.3296875
7 0.84140625 0.7609375 0.1828125 0.321875
0 0.9036601413954312 0.8930186303121811 0.05429034639736088 0.0952503155185486
2 0.9796875 0.76875 0.040625 0.3375