1 0.0984375 0.21875 0.11875 0.08125
1 0.2140625 0.2203125 0.128125 0.078125
2 0.45234375 0.1390625 0.0453125 0.240625
1 0.5125 0.1359375 0.10625 0.246875
1 0.710404209626496 0.12702558662472258 0.09664685462398896 0.2192604526972918
1 0.8025371459241653 0.1307337745043755 0.09562999164729753 0.23484908510611113
7 0.6169716681566838 0.13814296494947947 0.0969742368379741 0.2286354526972918
0 0.6586383237843139 0.22121069129812537 0.03628472958157989 0.0554875870059723
6 0.05859375 0.478125 0.1171875 0.25
8 0.16543150472450546 0.489944467133681 0.09859130054030488 0.2302343202884723
0 0.19879458703115774 0.586892855526424 0.04211806733052796 0.08840918977951392
1 0.2593898358500315 0.5085509564001047 0.10840281015895173 0.24295252583555554
1 0.3669567991895425 0.5180915701915632 0.12290181977759858 0.25577983415618066
3 0.6748288081752173 0.632509254368403 0.12804567676384035 0.31366506933854177
1 0.7741566855798789 0.6316935964083684 0.10809527531256151 0.2788536582443751
1 0.8647816855798789 0.6338029166968406 0.1053522212288776 0.2897184230620139
9 0.95390625 0.63125 0.0921875 0.275
0 0.99453125 0.7390625 0.0109375 0.040625