5 0.37159232403876785 0.27590271272277017 0.2119494508104575 0.3445147106938169
8 0.5039038270339928 0.24073846674090565 0.1890030241314351 0.3583044906906352
0 0.589645408792491 0.3479429867520415 0.08766866950744615 0.14002611067790854
1 0.6296875 0.221875 0.2 0.378125
1 0.6984375 0.18515625 0.0625 0.3546875
3 0.78125 0.36484375 0.103125 0.2296875
4 0.78359375 0.34609375 0.1078125 0.2671875
8 0.83671875 0.33125 0.1984375 0.296875
0 0.93125 0.46015625 0.0625 0.0390625
1 0.9421875 0.31640625 0.115625 0.3265625
3 0.20625 0.56953125 0.146875 0.1796875
2 0.3109375 0.55234375 0.125 0.1453125
10 0.3828125 0.5484375 0.14375 0.1375
0 0.44663201877395753 0.5714344834102237 0.036339293283910834 0.056649989337999786
1 0.478125 0.53515625 0.13125 0.1109375
1 0.57421875 0.540625 0.1515625 0.121875