9 0.28828125 0.16953125 0.2265625 0.3390625
1 0.49609375 0.16640625 0.2234375 0.3328125
0 0.5486685142001642 0.2864011921184829 0.038645488635914306 0.06693452885594056
1 0.65078125 0.16484375 0.1171875 0.3296875
4 0.74921875 0.10546875 0.0796875 0.2109375
2 0.7421875 0.1 0.065625 0.2
3 0.78984375 0.12421875 0.1609375 0.2484375
7 0.903125 0.12265625 0.146875 0.2453125
0 0.9293066339235108 0.20992302687220601 0.0306966209411625 0.05884921034428636
3 0.96328125 0.1234375 0.0734375 0.246875
5 0.21328125 0.47109375 0.1734375 0.1640625
6 0.3390625 0.4703125 0.15625 0.1625
0 0.3908445572208752 0.46464029792359823 0.05012845941492117 0.09856647477225647
1 0.4671875 0.471875 0.159375 0.165625
2 0.61875 0.46484375 0.125 0.1515625
2 0.86015625 0.6765625 0.1984375 0.575
10 0.9546875 0.6828125 0.090625 0.5875