9 0.09453125 0.17109375 0.1890625 0.3421875
1 0.2359375 0.18828125 0.265625 0.3765625
0 0.2625414871791314 0.33120916603125056 0.046912674011944586 0.06980466014423606
1 0.33671875 0.19453125 0.0640625 0.3890625
2 0.39921875 0.140625 0.0609375 0.28125
2 0.48203125 0.153125 0.1234375 0.30625
2 0.6317129805296176 0.18398736749427141 0.11519512100965308 0.31969686379145834
0 0.6219353241851037 0.3354043971295491 0.030560322188333443 0.03819098423243048
1 0.7508260032310412 0.204738238219584 0.19419294319798652 0.3590152433504862
1 0.90234375 0.228125 0.1828125 0.321875
5 0.03671875 0.6859375 0.0734375 0.2625
4 0.0390625 0.69140625 0.078125 0.2484375
0 0.04302907418510369 0.7944689661837504 0.02910692496187508 0.04284211664125
1 0.13559974031326344 0.7129845364722227 0.15447452013597243 0.26282992116215276
1 0.24911672644555508 0.7390768706284033 0.15767225531833357 0.2660276563445141
10 0.7513195785535067 0.5758254561157642 0.1809655913743752 0.32747430262104177
6 0.890926286000451 0.6228485393220143 0.16817465064493078 0.31468336189159735
0 0.9204838865897912 0.763456008736806 0.046585365691319505 0.05574216014423605
1 0.965625 0.67109375 0.06875 0.3328125