6 0.10983606493151292 0.44940666500367354 0.11296719886161419 0.2959397347764936
10 0.2501610560030591 0.4330372973208392 0.109978566556366 0.30373405405833437
0 0.3176133831127319 0.5381065924021831 0.021212526785361164 0.05168067466803503
1 0.3856485426103785 0.40804690856076586 0.1114046988616142 0.29593064441741407
1 0.5111570572208752 0.39315368246667515 0.1223421988616142 0.29599427693097125
7 0.66015625 0.34453125 0.1609375 0.3546875
7 0.8012189955324779 0.34637308947531686 0.12911039610167058 0.3257181383672897
0 0.861830987414803 0.4623389779408026 0.03754663879807012 0.09239657825883114
1 0.9197780807598255 0.3361264567653678 0.13108199918592583 0.3491647287263694
1 0.98515625 0.32421875 0.0296875 0.3296875
3 0.0375 0.82890625 0.075 0.3421875
4 0.08828125 0.834375 0.1515625 0.33125
9 0.21484375 0.83671875 0.1609375 0.3265625
4 0.32890625 0.8328125 0.1328125 0.334375
0 0.384375 0.98203125 0.03125 0.0359375
4 0.43046875 0.83125 0.1234375 0.3375
4 0.72734375 0.7671875 0.1203125 0.25625
7 0.85859375 0.76171875 0.1171875 0.2453125
0 0.9363946107915975 0.863746941836449 0.03382162094116268 0.05800339754067192
1 0.96953125 0.75390625 0.0609375 0.2296875