6 0.028125 0.0734375 0.05625 0.146875
10 0.02734375 0.07578125 0.0546875 0.1515625
0 0.0265625 0.0125 0.021875 0.025
1 0.1171875 0.0734375 0.1125 0.146875
1 0.24453125 0.0734375 0.1234375 0.146875
7 0.528125 0.2453125 0.153125 0.146875
9 0.7109375 0.2546875 0.15 0.128125
8 0.9 0.25625 0.140625 0.125
9 0.31484375 0.47578125 0.1890625 0.3140625
7 0.45078125 0.7703125 0.0828125 0.384375
7 0.5321312078281941 0.7827703307208612 0.15393161910979192 0.3720033640197265
0 0.6049296621410065 0.945379966064588 0.02896145459715278 0.03626476400381797
1 0.71484375 0.8140625 0.1796875 0.371875
2 0.935056186076701 0.7960548647755858 0.09448388392743076 0.36818747334499946