3 0.22109375 0.10078125 0.2203125 0.2015625
8 0.41328125 0.14140625 0.1265625 0.2171875
1 0.52734375 0.13828125 0.1359375 0.2234375
0 0.5921875 0.23125 0.046875 0.0375
1 0.63671875 0.125 0.1515625 0.25
2 0.7796875 0.11953125 0.13125 0.2390625
1 0.6955885040579064 0.5254747821955286 0.2344510093889065 0.4107112827847038
1 0.87265625 0.4984375 0.2546875 0.446875
6 0.5115044053946336 0.5494021198241337 0.25196577339272447 0.4389362767345796
3 0.4109375 0.57265625 0.121875 0.4390625
0 0.6177464094127691 0.6836049238824681 0.0764908693507266 0.1285613372358217