9 0.1171875 0.175 0.234375 0.35
6 0.34921875 0.17890625 0.2140625 0.3421875
2 0.50625 0.07734375 0.053125 0.1546875
8 0.52890625 0.08203125 0.0984375 0.1640625
8 0.61953125 0.09375 0.1265625 0.1875
0 0.6555615943661003 0.11318692532825994 0.044313602262936416 0.09840278366526398
1 0.73203125 0.08203125 0.1328125 0.1640625
1 0.8671875 0.08671875 0.140625 0.1734375
2 0.03359375 0.56796875 0.0671875 0.4234375
8 0.04765625 0.5640625 0.0953125 0.428125
9 0.14609375 0.56953125 0.1796875 0.4390625
0 0.23440421185254304 0.7260068730586744 0.07887949980360834 0.13241568511654284
7 0.346875 0.56640625 0.184375 0.4328125
4 0.6882206000234411 0.5573238496450295 0.11921465007475476 0.35252977767481414
1 0.8389654885871227 0.558308452370102 0.1221942043294808 0.32763890507947596
0 0.8997615671405415 0.7147469361280331 0.017432939695149585 0.04278770072563951
1 0.96640625 0.56953125 0.0671875 0.3359375