9 0.08984375 0.165625 0.1796875 0.33125
6 0.09453125 0.18515625 0.1890625 0.3703125
0 0.07612096931788255 0.3246594807447236 0.12256859707395833 0.16544428134945371
1 0.2375 0.23125 0.325 0.4625
1 0.3515625 0.2484375 0.096875 0.496875
8 0.4843107565526045 0.25337318471513415 0.1437188580918752 0.26878745735199916
1 0.5647074245806254 0.2847691827259518 0.14204725531833357 0.2640817760184538
7 0.6513904601998268 0.3178004060709513 0.1531302256830557 0.27045904535327187
8 0.734803025454306 0.3445452667488598 0.13576088772715308 0.262446550684272
9 0.809549105526424 0.3680651300922685 0.1448449469977085 0.2500556386855447
6 0.11328125 0.78046875 0.2265625 0.2421875
1 0.29296875 0.7953125 0.2140625 0.271875
0 0.3639300938429173 0.9284010040579064 0.04048083605604162 0.061392033338636055
3 0.46328125 0.80703125 0.1265625 0.2953125
3 0.53203125 0.8296875 0.2640625 0.340625
0 0.57421875 0.96796875 0.0484375 0.0640625
1 0.76484375 0.8296875 0.3234375 0.340625
1 0.91953125 0.8296875 0.1609375 0.340625