4 0.303125 0.1015625 0.196875 0.203125
7 0.15625 0.10703125 0.20625 0.2140625
10 0.41953125 0.1265625 0.0984375 0.253125
0 0.3686434280297847 0.18288778124629274 0.06125001324684405 0.09944662094116268
1 0.8267436155085802 0.28972989082336964 0.1991419159640671 0.38137055113509055
1 0.940625 0.3078125 0.11875 0.334375
6 0.6789683144201211 0.2613849281620377 0.1765030241314351 0.3591137215897858
5 0.55078125 0.225 0.1640625 0.371875
0 0.7380853979927178 0.41154461525582436 0.060922631032858734 0.09007162094116268
4 0.228125 0.5984375 0.153125 0.1375
0 0.36328125 0.5609375 0.0515625 0.0625
1 0.33046875 0.60234375 0.1421875 0.1453125
1 0.41171875 0.603125 0.1140625 0.146875
2 0.5666642326616229 0.815131491068251 0.12146829454985522 0.3034989212654741
3 0.5140625 0.77890625 0.090625 0.3203125
5 0.6617411196849314 0.8324065401747465 0.1480307945498552 0.30396257142762995
1 0.784375 0.85234375 0.15 0.2953125
1 0.8984375 0.8625 0.15625 0.275
0 0.6984375 0.9609375 0.05 0.078125