4 0.17421875 0.109375 0.1515625 0.21875
7 0.053125 0.1234375 0.10625 0.246875
10 0.3359375 0.125 0.134375 0.25
0 0.25140357992523066 0.19785426217156932 0.047965880012726815 0.09456820616851011
8 0.4875 0.1046875 0.121875 0.209375
4 0.72109375 0.465625 0.0421875 0.26875
1 0.72265625 0.4671875 0.0453125 0.2625
0 0.71015625 0.5640625 0.0203125 0.09375
1 0.7460081026018666 0.46261796590444754 0.0890101453691802 0.2655625446422688
1 0.8665115066040938 0.4483117784036238 0.08105219470081657 0.25292617694751696
8 0.37075411127468455 0.8170973656628615 0.09042719470081657 0.25308981818121906
1 0.48450752860441193 0.8456508340062363 0.092207870703362 0.2718670917201694
0 0.5304007365929579 0.9308440401747464 0.039662484006999676 0.05224433847375849
1 0.5978978666056847 0.838253165580136 0.10776014536918019 0.2658898271096728
1 0.95234375 0.696875 0.0953125 0.15625
3 0.82734375 0.696875 0.1203125 0.15625
2 0.7328125 0.70390625 0.065625 0.1703125
2 0.72578125 0.70390625 0.0515625 0.1703125