3 0.04140625 0.42578125 0.0828125 0.2671875
2 0.07255820738303091 0.39640602678865655 0.11008766071216733 0.31120232710967277
3 0.17368433075982548 0.3696332467568844 0.17105243425111763 0.31382849512873606
0 0.26717700648952647 0.4875689947282895 0.028752291395857908 0.036428423701106105
1 0.3146951144450455 0.34450874148187866 0.16631038717321686 0.310621674511885
2 0.47421875 0.296875 0.1109375 0.290625
6 0.7144184249156268 0.2436355827950109 0.24623544074393938 0.415110351459402
9 0.8738519261334428 0.19943379505260106 0.22874793181548564 0.39762284253094826
0 0.96875 0.33046875 0.0625 0.1296875
8 0.96875 0.18203125 0.0625 0.3640625
2 0.0625 0.7296875 0.125 0.340625
3 0.1546875 0.7203125 0.21875 0.321875
6 0.30390625 0.7140625 0.2265625 0.309375
0 0.4023917577073425 0.7846797739492828 0.08957278896022594 0.12027731818121908
1 0.43671875 0.7015625 0.1859375 0.284375
6 0.56171875 0.9015625 0.0640625 0.196875
1 0.596875 0.88515625 0.134375 0.2296875
0 0.665625 0.99375 0.021875 0.0125
1 0.6984375 0.86875 0.15 0.2625
1 0.8538473433417272 0.8394200466774542 0.09350808684890559 0.2562420917201694