3 0.03828125 0.0984375 0.0765625 0.196875
2 0.14296875 0.08984375 0.0953125 0.1796875
3 0.24609375 0.08203125 0.1578125 0.1640625
0 0.3255232342212674 0.13668559006264774 0.02625496515360979 0.03666492570596276
1 0.38984375 0.07734375 0.1515625 0.1546875
3 0.678125 0.134375 0.225 0.26875
1 0.83125 0.134375 0.184375 0.26875
7 0.934375 0.12734375 0.13125 0.2546875
2 0.05234375 0.6234375 0.1046875 0.55
7 0.071875 0.5921875 0.14375 0.56875
0 0.11782231770904605 0.8110741731321734 0.1097073606144388 0.14679609514371955
1 0.2359375 0.56953125 0.353125 0.6015625
1 0.4140625 0.55625 0.171875 0.575
3 0.546875 0.621875 0.09375 0.3375
1 0.6732390263240517 0.5938602779093115 0.16981651451278826 0.34834187476889084
9 0.8225768274125109 0.5723981180384662 0.17305064191744995 0.3515578029821361
0 0.9069840545470201 0.6859043400626478 0.03784722958157989 0.055733174452321774
1 0.9484375 0.54375 0.103125 0.34375