2 0.0265625 0.36171875 0.053125 0.2640625
2 0.0828125 0.375 0.103125 0.26875
6 0.1671875 0.37421875 0.115625 0.2703125
0 0.20703125 0.47265625 0.0578125 0.0734375
1 0.278125 0.384375 0.13125 0.25
1 0.3859375 0.3921875 0.140625 0.234375
2 0.66015625 0.1640625 0.0421875 0.328125
10 0.675 0.1625 0.071875 0.325
9 0.7544077823919204 0.17680400893062442 0.15031011397040128 0.3253299211621529
0 0.803663414709086 0.31630161360402714 0.03783634328594587 0.058685322188333444
1 0.9076236859827166 0.18886498499492985 0.1629010175611974 0.34124586189159734
4 0.9859375 0.22890625 0.028125 0.4046875
3 0.28203125 0.596875 0.1546875 0.175
2 0.4203125 0.58828125 0.134375 0.1578125
6 0.528125 0.59453125 0.15 0.1703125
0 0.5703125 0.53671875 0.05 0.0546875
1 0.6046875 0.59375 0.06875 0.16875
7 0.9578125 0.66640625 0.084375 0.1859375