2 0.32060772131369547 0.2586546479551384 0.11854170199158372 0.26377269334818115
2 0.4360963120578683 0.2534029792727755 0.11596233901489228 0.27936133068109026
6 0.5199256750345598 0.23679618726132148 0.12873515752654646 0.2873192813494537
0 0.584972810876742 0.3313905245862765 0.06308533175849824 0.10694089067472703
1 0.6305630746717401 0.22691156257959494 0.1439236479078998 0.2750010946849084
1 0.70625 0.22109375 0.0875 0.2796875
8 0.79609375 0.3296875 0.0921875 0.240625
1 0.89609375 0.321875 0.1234375 0.25625
0 0.9657267591553106 0.42098028325909437 0.023348219962933216 0.04244203866963616
1 0.9734375 0.3109375 0.053125 0.26875
5 0.21186265997361736 0.8659944332829568 0.12208336424263581 0.23101473734881744
7 0.290305118503805 0.8517950259389119 0.1149256286706061 0.24967383068109025
0 0.3477753673226787 0.9308461792648213 0.039573420688572544 0.05981135200509069
1 0.3806027362898199 0.841365508593276 0.10952880054030487 0.22930678668045398
1 0.46624013592700014 0.8317717852482766 0.1098908990890262 0.19494996801399936
5 0.78203125 0.859375 0.0640625 0.25
6 0.78046875 0.8453125 0.0609375 0.25
0 0.7609375 0.95 0.021875 0.06875
1 0.7828125 0.8375 0.065625 0.29375
2 0.7765625 0.82421875 0.053125 0.2546875