2 0.03671875 0.31015625 0.0734375 0.3984375
8 0.05625 0.3296875 0.1125 0.396875
4 0.1953125 0.3671875 0.196875 0.403125
0 0.23203125 0.5390625 0.0734375 0.059375
1 0.34140625 0.38984375 0.1546875 0.3578125
6 0.48828125 0.234375 0.1390625 0.46875
5 0.6087294222089927 0.26616514772981914 0.2372909393982643 0.4648921631477993
0 0.667791378421666 0.4798906826328551 0.09062761284152784 0.13590231818121906
1 0.81796875 0.321875 0.2578125 0.49375
2 0.02109375 0.63359375 0.0421875 0.1296875
2 0.034375 0.634375 0.06875 0.13125
10 0.1234375 0.6375 0.128125 0.1375
1 0.24375 0.6390625 0.140625 0.140625
3 0.359375 0.64609375 0.11875 0.1546875
0 0.15327689637343694 0.6661264172115796 0.03393989532659738 0.049010244317957155
8 0.6984375 0.615625 0.090625 0.09375
1 0.82890625 0.61640625 0.0953125 0.0953125
2 0.91484375 0.6140625 0.0671875 0.090625
9 0.759375 0.61640625 0.10625 0.0953125
0 0.7796875 0.58125 0.034375 0.025