1 0.28125 0.06796875 0.153125 0.1359375
3 0.3890625 0.06171875 0.128125 0.1234375
0 0.45331059172346466 0.0721248267424965 0.06575345941492117 0.0976204346753633
1 0.50625 0.07265625 0.159375 0.1453125
7 0.77578125 0.07265625 0.1140625 0.1453125
7 0.86328125 0.0734375 0.1328125 0.146875
0 0.9090503027632388 0.10430207475331414 0.03195911201270896 0.04098862667090906
1 0.9453125 0.05078125 0.109375 0.1015625
9 0.2453125 0.6109375 0.1375 0.14375
6 0.3546875 0.609375 0.134375 0.140625
0 0.4265625 0.55078125 0.025 0.0234375
1 0.46953125 0.6015625 0.1328125 0.125
5 0.5515625 0.60546875 0.075 0.1328125
2 0.61328125 0.9 0.0484375 0.2
3 0.62734375 0.88828125 0.0765625 0.2234375
7 0.7109375 0.884375 0.159375 0.23125
1 0.86015625 0.87890625 0.1640625 0.2421875
1 0.95703125 0.87109375 0.0859375 0.2578125