1 0.36171875 0.23671875 0.0765625 0.2453125
2 0.51640625 0.52578125 0.0828125 0.0859375
1 0.596875 0.52265625 0.115625 0.0921875
3 0.6953125 0.5203125 0.115625 0.096875
6 0.79296875 0.53359375 0.1109375 0.0703125
1 0.88359375 0.53828125 0.1046875 0.0609375
4 0.10078125 0.8609375 0.1140625 0.278125
1 0.23203125 0.86328125 0.1234375 0.2734375
1 0.35859375 0.8625 0.0828125 0.275
0 0.28125 0.98515625 0.025 0.0296875
5 0.56640625 0.65078125 0.1609375 0.1640625
8 0.70546875 0.65546875 0.1328125 0.1734375
0 0.75390625 0.6046875 0.0671875 0.071875
1 0.83671875 0.659375 0.1515625 0.18125
1 0.9515625 0.65234375 0.096875 0.1671875