7 0.078125 0.140625 0.15625 0.28125
1 0.0875 0.1296875 0.175 0.259375
0 0.07890625 0.19019834783093098 0.084375 0.12638393992586625
10 0.2546875 0.146875 0.30625 0.29375
4 0.640625 0.30167156117044214 0.20625 0.36188990870767296
7 0.53046875 0.29609375 0.1421875 0.3859375
10 0.79765625 0.33290665908619116 0.2 0.4022966538983496
0 0.6890625 0.45779258639818554 0.0640625 0.10379961179556503
8 0.93046875 0.328125 0.1390625 0.371875
5 0.07265625 0.8703794103521355 0.1203125 0.24795140507947586
7 0.178125 0.88203125 0.121875 0.2359375
0 0.21171875 0.98046875 0.0484375 0.0390625
7 0.290625 0.8859375 0.15 0.228125
2 0.41484375 0.90078125 0.0890625 0.1984375
5 0.96796875 0.7671875 0.0640625 0.334375
3 0.88046875 0.75078125 0.2109375 0.3015625