7 0.09375 0.19140625 0.1875 0.3828125
1 0.29609375 0.1734375 0.2328125 0.346875
0 0.40390625 0.2834384814795482 0.071875 0.12042290919430557
10 0.48984375 0.16796875 0.1796875 0.3359375
8 0.60859375 0.16328125 0.0578125 0.2359375
8 0.67421875 0.16198105556774262 0.0921875 0.22558318787965295
0 0.70703125 0.2299673361529509 0.0375 0.08212282218833344
1 0.7578125 0.16003538943958287 0.0953125 0.2272184230620141
3 0.83984375 0.1471885909026036 0.0984375 0.21166615824437507
4 0.246875 0.909375 0.115625 0.18125
4 0.35546875 0.89375 0.1109375 0.2125
1 0.475 0.88984375 0.121875 0.2203125
6 0.71328125 0.8484375 0.1921875 0.303125
4 0.93203125 0.8359375 0.1359375 0.328125