2 0.03125 0.38515625 0.0625 0.2078125
4 0.1046875 0.371875 0.125 0.234375
9 0.20234375 0.36640625 0.1140625 0.2453125
0 0.25546875 0.459375 0.0296875 0.059375
1 0.30703125 0.36328125 0.1171875 0.2515625
2 0.4227191107981881 0.3611314739020045 0.09814103977100466 0.25265338001272664
3 0.775 0.33203125 0.146875 0.3140625
2 0.91796875 0.34453125 0.1265625 0.2890625
6 0.978125 0.33671875 0.04375 0.3046875
5 0.15625 0.53828125 0.090625 0.0984375
5 0.24375 0.5375 0.1 0.096875
0 0.27538441477594766 0.5266035745942306 0.03239548863591431 0.06598862667090888
1 0.32578125 0.54296875 0.0984375 0.1078125
2 0.4234375 0.53359375 0.06875 0.0890625
7 0.70625 0.60625 0.075 0.234375
9 0.70546875 0.5953125 0.0734375 0.2125
0 0.6765625 0.67734375 0.015625 0.0515625
8 0.7203125 0.5828125 0.103125 0.1875
3 0.865625 0.5890625 0.159375 0.2