2 0.184375 0.1265625 0.06875 0.253125
10 0.30546875 0.128125 0.1546875 0.25625
7 0.45859375 0.109375 0.1421875 0.21875
0 0.546312071043543 0.1969787046062182 0.021676592558271323 0.039653533386094966
1 0.59375 0.1125 0.1125 0.225
3 0.7515625 0.396875 0.203125 0.24375
2 0.97890625 0.384375 0.0421875 0.26875
6 0.22736611968493142 0.7547447066512822 0.1477034123358701 0.29618834138279587
5 0.3445164141499686 0.7278746666012699 0.12969745680090713 0.27225073620994644
0 0.4043130548014743 0.8278004587628534 0.0382291754978958 0.0666706744523216
1 0.45838794119181064 0.7190870368178142 0.12533733901489227 0.2814893438900784
1 0.5644097626986898 0.6870664955141604 0.13740082939624543 0.26935305674305987
10 0.828125 0.7453125 0.259375 0.453125
6 0.9609375 0.7453125 0.078125 0.453125