7 0.36953125 0.2109375 0.1390625 0.39375
7 0.5173252366040242 0.2406265626425414 0.18785019642598222 0.37917948165323556
0 0.5796457788106608 0.4097219962875668 0.03190456493480802 0.03768180718159222
1 0.69765625 0.28359375 0.2140625 0.3703125
2 0.91796875 0.28828125 0.1296875 0.3609375
6 0.20390625 0.559375 0.1765625 0.18125
2 0.42734375 0.60078125 0.1359375 0.2640625
3 0.57578125 0.60390625 0.1921875 0.2703125
6 0.7640625 0.621875 0.1875 0.30625
0 0.8281378258885616 0.76168447208707 0.03683752678536116 0.05177157825883114
1 0.92734375 0.64140625 0.1453125 0.3453125