10 0.09862903001652742 0.3667529616658472 0.16741223765090307 0.34994983887551356
2 0.26903310220486076 0.32432010609728634 0.09197582655673635 0.32901756175762475
0 0.3222827759324648 0.45158964825886977 0.034267203647222286 0.06345474623907635
7 0.3848581239563538 0.31236201220720794 0.1637417237831947 0.32642141066226815
8 0.5265625 0.2953125 0.146875 0.3375
1 0.63203125 0.45859375 0.0640625 0.2015625
1 0.67421875 0.44375 0.1296875 0.23125
5 0.7600198184855205 0.4342048861181689 0.12911084422416685 0.24734166442319178
4 0.8422510902370135 0.4232242705204781 0.1263858877271531 0.26443823620994655
1 0.9241557068782635 0.3927351369760987 0.12925631458888914 0.2535916644231918
4 0.97265625 0.37109375 0.0546875 0.2609375
8 0.08671875 0.79296875 0.1734375 0.3765625
2 0.23671091147541629 0.7584737972426554 0.1836191191097921 0.37540447994174037
0 0.31337990140743005 0.8858426278048986 0.06853440729444457 0.1269094924781527
1 0.38359375 0.740625 0.2265625 0.3625
1 0.5140625 0.73046875 0.171875 0.3421875
3 0.65625 0.7171875 0.1125 0.315625
10 0.653125 0.69609375 0.10625 0.2734375
5 0.72734375 0.66328125 0.1984375 0.2078125
0 0.8322019833794092 0.7164130147144905 0.033830792553055565 0.044704746239076346
1 0.89453125 0.6625 0.2109375 0.20625