6 0.059375 0.2046875 0.11875 0.325
4 0.2041496061717612 0.22401048510869356 0.1285351079202771 0.34348215988879927
0 0.26421443170011794 0.37613846949959695 0.05665906615858276 0.07227679328391083
1 0.35017972365820393 0.24004969127662862 0.15030102361132158 0.32549605172143126
1 0.44453125 0.25546875 0.0484375 0.3421875
6 0.51015625 0.32890625 0.0828125 0.3953125
4 0.5125 0.346875 0.0875 0.359375
8 0.619138281036188 0.35069698148049644 0.12698169827935663 0.34499009618646853
2 0.7401274919067723 0.3728944184111379 0.09389648750696811 0.29696925843752064
0 0.7675070824622436 0.5020015650530933 0.031686337235821684 0.07609127404661713
7 0.8315110160090733 0.37999264499749286 0.11287374648395847 0.3366865228654907
0 0.0421875 0.87890625 0.084375 0.2421875
1 0.1390625 0.8875 0.184375 0.225
1 0.31875 0.89453125 0.196875 0.2109375
5 0.053125 0.859375 0.10625 0.28125
4 0.5171875 0.778125 0.096875 0.25625
7 0.51328125 0.76953125 0.0890625 0.2390625
0 0.49375 0.73515625 0.05 0.1140625
1 0.61875 0.77109375 0.196875 0.2421875
1 0.840625 0.76171875 0.20625 0.2234375