6 0.23828125 0.24453125 0.1609375 0.3328125
1 0.9015936033974971 0.2244133828194636 0.18197944271163422 0.3364329081549856
1 0.971875 0.2453125 0.05625 0.321875
5 0.7685992900620426 0.21265283188239154 0.1741305800445435 0.3330805876218722
7 0.6378032760582246 0.18832408478538537 0.17876353604390705 0.32852947994174037
3 0.5095055533895428 0.1772083915284452 0.1708783107097253 0.32205215940862697
0 0.8066998214114964 0.3303344253767585 0.057268154678545 0.08913670783841657
8 0.03828125 0.79609375 0.0765625 0.2984375
5 0.0390625 0.828125 0.078125 0.3
5 0.03515625 0.86796875 0.0703125 0.2640625
0 0.0125 0.98046875 0.025 0.0390625
10 0.0390625 0.84921875 0.078125 0.3015625
3 0.071875 0.87890625 0.14375 0.2421875
1 0.806898721395588 0.7381302050019297 0.0895908533577261 0.18223348997087002
7 0.6868493033895429 0.6970769591585648 0.08461245202099903 0.15709709765100205
2 0.7512208860598154 0.7217754307870348 0.06586245202099902 0.15655152837152997
2 0.8813174660645879 0.7531581599373522 0.07520108935390812 0.1536993130112659
0 0.7628856394016332 0.7839571820406761 0.023982940006363408 0.04755696159934022