2 0.02734375 0.0890625 0.0546875 0.178125
1 0.03515625 0.08828125 0.0703125 0.1765625
7 0.0640625 0.0859375 0.128125 0.171875
0 0.13828125 0.0515625 0.0578125 0.103125
1 0.23203125 0.0828125 0.1546875 0.165625
3 0.37265625 0.09140625 0.1421875 0.1828125
8 0.584375 0.03671875 0.053125 0.0734375
1 0.690625 0.03671875 0.05625 0.0734375
2 0.76171875 0.0359375 0.0359375 0.071875
9 0.63203125 0.03671875 0.0671875 0.0734375
0 0.6665180747135433 0.02534872939208821 0.02231135200509069 0.03775453866963625
3 0.1765625 0.5515625 0.075 0.125
1 0.27421875 0.54296875 0.0796875 0.1078125
3 0.37265625 0.5421875 0.0671875 0.10625
1 0.46328125 0.5390625 0.0640625 0.1
0 0.4262577960693605 0.5417191640674515 0.017551126670909058 0.03144999466899989
2 0.7530662914146781 0.6434345633752253 0.08312377204008907 0.29623974801081765
10 0.821875 0.6296875 0.1125 0.28125
3 0.92578125 0.63125 0.1265625 0.284375