7 0.24453125 0.4140625 0.1953125 0.309375
4 0.40703125 0.4 0.1921875 0.3375
0 0.4890625 0.5265625 0.06875 0.084375
1 0.50234375 0.39453125 0.0734375 0.3484375
3 0.5953125 0.15234375 0.1125 0.2984375
4 0.7078125 0.14296875 0.1625 0.2859375
1 0.8140625 0.140625 0.146875 0.28125
0 0.8897549299325924 0.2224815924021831 0.05367042154477701 0.09405907220870695
1 0.92734375 0.125 0.1453125 0.25
1 0.17265625 0.86171875 0.2390625 0.2765625
9 0.35546875 0.84921875 0.2234375 0.3015625
1 0.4875 0.840625 0.103125 0.31875
7 0.593569755460949 0.7961725806947182 0.10594196955298721 0.21623405405833437
1 0.689663505460949 0.7967316377781146 0.08392152380771342 0.19110678903121964
0 0.740876547517231 0.8712458244482022 0.026944295081343838 0.06577953610435347
1 0.7794663488450907 0.7902230834251927 0.10891243344863373 0.1896897347764936