7 0.03828125 0.09375 0.0765625 0.1875
4 0.1078125 0.0921875 0.153125 0.184375
0 0.165625 0.0515625 0.05625 0.103125
1 0.2578125 0.090625 0.14375 0.18125
1 0.37734375 0.10234375 0.0828125 0.2046875
7 0.1393963218379623 0.691464078055361 0.1493956225627203 0.32511018268618097
4 0.2758286996789837 0.7094611947405876 0.10866152840691896 0.31838746801399936
0 0.3215485284135096 0.8209532254137237 0.06772506249917623 0.12107611600890866
1 0.38125 0.69765625 0.075 0.3046875
3 0.47734375 0.61875 0.1171875 0.328125
3 0.5324526209444579 0.6322612533815887 0.1269126964259822 0.37952496268299923
3 0.6532463620160042 0.6508578067313607 0.14604452597128698 0.4016181386855447
0 0.7250377670494238 0.7907839200747693 0.06144778896022594 0.11944089067472703
7 0.8273151075517772 0.6614787754216778 0.16772861119863477 0.39093517735518085
1 0.94453125 0.665625 0.1109375 0.421875