8 0.0828125 0.225 0.165625 0.45
8 0.27421875 0.234375 0.2171875 0.43125
0 0.359375 0.43515625 0.090625 0.0296875
1 0.48828125 0.22734375 0.2453125 0.4453125
6 0.70546875 0.2078125 0.1109375 0.415625
1 0.70625 0.1984375 0.1125 0.396875
0 0.7460145411725191 0.371587258931749 0.07738063231716552 0.1419614034085667
1 0.878125 0.21328125 0.234375 0.4265625
5 0.320986228333586 0.5743770681845144 0.08889991529826116 0.24215231818121907
3 0.4272634994108248 0.5772099675358912 0.08891809601642038 0.24527731818121906
0 0.4677617552645573 0.6890144922926575 0.04415906615858276 0.07107615909060953
1 0.5390322463857627 0.5838536595009419 0.09989195745273882 0.25171823295387147
4 0.62734375 0.578125 0.0453125 0.215625
0 0.66953125 0.65 0.0390625 0.1125
0 0.6921875 0.56875 0.084375 0.2375
1 0.69609375 0.56328125 0.0921875 0.2265625
1 0.7546875 0.56875 0.196875 0.2375
5 0.703125 0.575 0.10625 0.25