8 0.05546875 0.25 0.1109375 0.5
8 0.05078125 0.25625 0.1015625 0.5125
0 0.021875 0.45625 0.04375 0.140625
1 0.109375 0.26796875 0.21875 0.5359375
5 0.6923797836819248 0.3481368672099309 0.1778479050301245 0.3461879350298613
4 0.8424343307598254 0.35475315596326434 0.1358240462638264 0.3545810100679862
0 0.9001667844927038 0.4857317054501741 0.056514827109672795 0.1059603656913195
8 0.9640625 0.359375 0.071875 0.365625
3 0.05234375 0.85 0.1046875 0.3
9 0.04375 0.85 0.0875 0.3
1 0.07578125 0.85 0.1515625 0.3
1 0.21640625 0.85 0.1609375 0.3
1 0.33046875 0.8640625 0.0578125 0.271875
2 0.5546875 0.81796875 0.0375 0.2359375
4 0.6578125 0.83046875 0.09375 0.2609375
10 0.78203125 0.83515625 0.1109375 0.2703125
0 0.8379804301906326 0.9487570758911463 0.021076159090609538 0.04422277868534721
6 0.9119889001588606 0.8489584040634032 0.09534332223840884 0.2724218202884723