5 0.14609375 0.25703125 0.2609375 0.4046875
1 0.28515625 0.26484375 0.1484375 0.3890625
0 0.7125 0.41328125 0.075 0.0921875
8 0.83984375 0.26796875 0.1890625 0.3828125
1 0.6595561155085802 0.24554513596199162 0.21331354336872882 0.3847410129856435
10 0.5028150421876025 0.23420998985702557 0.22076394482000766 0.41922510714144484
6 0.4125 0.20859375 0.10625 0.4171875
6 0.29609375 0.5609375 0.1265625 0.203125
5 0.1765625 0.5515625 0.184375 0.184375
7 0.41875 0.57578125 0.11875 0.2328125
8 0.55234375 0.578125 0.1515625 0.2375
0 0.6071925512580951 0.712188939532714 0.08276291469812272 0.134176176947517
1 0.7125 0.59453125 0.19375 0.2703125
3 0.8578125 0.5984375 0.1875 0.278125