7 0.04140625 0.39921875 0.0828125 0.3859375
7 0.08053764393700291 0.4117353680756179 0.15588965738381583 0.3727567648307229
0 0.15207519458150393 0.5745893711988759 0.028543170671545326 0.03610112646343318
1 0.26372231393223033 0.44582350088376277 0.18252488271799763 0.3791613009350764
3 0.4453125 0.3703125 0.1125 0.38125
1 0.7526308199395482 0.4056115913410382 0.18290669072245186 0.4119738009350765
1 0.9078125 0.40859375 0.184375 0.3828125
8 0.5941734299411391 0.3948155127876195 0.16377488271799762 0.37905221662612104
0 0.6463342719207764 0.5445018953993725 0.06680678668045381 0.10194429508134384
7 0.44921875 0.3890625 0.1203125 0.40625
3 0.26328125 0.89453125 0.1484375 0.2109375
3 0.35703125 0.89453125 0.0640625 0.2109375