6 0.06875 0.2 0.1375 0.4
3 0.1015625 0.2 0.203125 0.4
0 0.12109375 0.3859375 0.0484375 0.028125
1 0.24765625 0.2 0.1640625 0.4
3 0.378125 0.22421875 0.096875 0.3328125
8 0.4515625 0.24658903328147827 0.1484375 0.30102848620028233
4 0.5453125 0.26484375 0.1625 0.2703125
8 0.64375 0.27578125 0.140625 0.2484375
3 0.72421875 0.290625 0.1546875 0.21875
3 0.2859375 0.82890625 0.0875 0.2453125
3 0.4890625 0.7704453189952932 0.171875 0.3014375892845374
2 0.6703125 0.8071253384770538 0.1140625 0.3098034683433749
3 0.77265625 0.8272139216758065 0.175 0.31399213636243817
0 0.803125 0.9743383376662749 0.028125 0.03799092370110611
1 0.90859375 0.8546875 0.1703125 0.290625