6 0.05 0.165625 0.1 0.33125
3 0.2359375 0.13671875 0.203125 0.2734375
0 0.36214339247250643 0.2314206332991242 0.040988614363184794 0.06273634933607006
1 0.459375 0.11875 0.18125 0.2375
5 0.6717052657144856 0.37372228366846655 0.17394760187015282 0.35724993949875794
7 0.8093052596643615 0.35573483206946027 0.15684191510186948 0.3712124455488821
0 0.888220079142594 0.48808372375639975 0.07088519262201594 0.09884656615858275
1 0.934375 0.3375 0.13125 0.35625
8 0.31640625 0.6921875 0.1765625 0.184375
4 0.446875 0.68359375 0.146875 0.1671875
0 0.51328125 0.63203125 0.0734375 0.0640625
3 0.6203125 0.79375 0.140625 0.3875
1 0.8078125 0.77890625 0.178125 0.3578125
4 0.96640625 0.76640625 0.0671875 0.3328125