4 0.0484375 0.11328125 0.096875 0.2265625
9 0.184375 0.1046875 0.13125 0.209375
1 0.31640625 0.1109375 0.1265625 0.221875
2 0.65859375 0.1234375 0.0578125 0.246875
5 0.75625 0.12265625 0.11875 0.2453125
3 0.88984375 0.1171875 0.1171875 0.234375
0 0.9633482928205748 0.21007944908117687 0.02998016587924912 0.05410714664195524
1 0.984375 0.11953125 0.03125 0.2390625
6 0.0609375 0.68359375 0.121875 0.3484375
4 0.20703125 0.68671875 0.2046875 0.3546875
0 0.3125322933687288 0.7752357123280208 0.07267858656782167 0.11490080290255769
1 0.3421875 0.67265625 0.075 0.3265625
7 0.68671875 0.6265625 0.1578125 0.234375
5 0.81328125 0.625 0.1265625 0.23125
1 0.93046875 0.61484375 0.1296875 0.2109375
0 0.8796156443645208 0.6871652495366638 0.05187501324684405 0.10012897477225646