4 0.2390625 0.13125 0.171875 0.2625
9 0.39609375 0.1390625 0.1671875 0.278125
1 0.5359375 0.16171875 0.1875 0.3234375
0 0.5727236229664621 0.2888318834556592 0.05950345941492117 0.09822060087368065
1 0.6046875 0.1765625 0.05 0.325
6 0.9 0.3046875 0.2 0.06875
3 0.19594511444504556 0.7663640035153817 0.23499793181548564 0.3990596683123613
4 0.357482632301953 0.7969931416237843 0.21759224350388298 0.3861596248093752
7 0.50625 0.81015625 0.2125 0.3796875
0 0.54921875 0.9609375 0.0609375 0.078125
4 0.7171875 0.55390625 0.175 0.4296875
10 0.8890625 0.575 0.221875 0.471875
0 0.95859375 0.78046875 0.0828125 0.1390625