7 0.375 0.184375 0.14375 0.090625
9 0.52890625 0.18984375 0.1328125 0.0796875
7 0.64375 0.0796875 0.06875 0.159375
4 0.65234375 0.07578125 0.0859375 0.1515625
3 0.7203125 0.07109375 0.121875 0.1421875
5 0.81953125 0.06953125 0.1296875 0.1390625
0 0.83671875 0.0125 0.0265625 0.025
0 0.915625 0.07578125 0.134375 0.1515625
7 0.1608367195644861 0.5253754553976411 0.1368956225627204 0.3272564849563052
1 0.2924997767886565 0.5426274883880244 0.15432858441327343 0.34181909012915473
0 0.34114005398105485 0.6638061549227874 0.038509120941162676 0.058903638558944316
1 0.4367855649381035 0.5524845585254266 0.16022402840691896 0.32168844655564544
3 0.553125 0.55703125 0.1125 0.3140625
5 0.847310007713933 0.49497856472712565 0.1688274610364789 0.36722826708875883
8 0.98203125 0.50859375 0.0359375 0.3703125