7 0.0265625 0.20703125 0.053125 0.3015625
9 0.02421875 0.2078125 0.0484375 0.30625
1 0.13515625 0.20214570287555259 0.103125 0.2912249636992549
2 0.3171875 0.20733667604277714 0.05 0.31279089149054773
0 0.046875 0.338596808163551 0.0203125 0.04230567466803503
2 0.57109375 0.20126602156821818 0.09375 0.325545421544777
1 0.6796875 0.21469674161218472 0.134375 0.3882817708808471
1 0.9625 0.2375 0.075 0.39375
2 0.85859375 0.23084339549756852 0.096875 0.35368860226293625
7 0.2 0.78046875 0.078125 0.1234375
10 0.3140625 0.77421875 0.0625 0.1109375
0 0.3578125 0.72578125 0.015625 0.0140625
3 0.42890625 0.77421875 0.0390625 0.1109375
2 0.528125 0.778125 0.04375 0.11875
6 0.60703125 0.7765625 0.0640625 0.115625
0 0.653125 0.728125 0.01875 0.01875
1 0.7125 0.7734375 0.078125 0.109375