9 0.07719906858496084 0.1911883235026143 0.11631829545304759 0.22202341567683295
2 0.19430474796810984 0.1830910155059132 0.06955238960884902 0.22690949247815267
0 0.22328491030513026 0.2760453936400163 0.03590231818121907 0.08850021034569906
1 0.28105077150706015 0.18213025758835438 0.09137284253094827 0.22442098997087018
1 0.3741422524323367 0.18645639324430485 0.09137284253094827 0.22442098997087018
9 0.60390625 0.1125 0.1203125 0.225
1 0.72265625 0.11484375 0.0984375 0.2296875
0 0.7802400681779238 0.17002506268206163 0.040426176947516976 0.07926160266556703
1 0.84765625 0.09375 0.1078125 0.1875
1 0.95625 0.1 0.0875 0.2
7 0.02890625 0.8140625 0.0578125 0.278125
9 0.04296875 0.809375 0.0859375 0.309375
0 0.08450878246410873 0.924871687055241 0.045222771103318495 0.085647994985435
1 0.1569956627407622 0.8234933919906636 0.12382287824476315 0.2940802721033238
1 0.27015418181548567 0.8131659942605193 0.09844104869945838 0.2714778463973609
4 0.45078125 0.6578125 0.0421875 0.284375
4 0.5134695795420094 0.6550485835317441 0.10022173701106123 0.2840233105039836
5 0.6063565089251585 0.6476559691876946 0.08742172808260751 0.2664720976510022
8 0.6985440089251584 0.6449735868969564 0.0732228603878557 0.2582504206913979
0 0.7406650994275118 0.7742830021780781 0.019540932629559825 0.045858069279472245
1 0.7877974236978108 0.6533196328194636 0.0857228603878557 0.25861413354437934