9 0.1453125 0.3375 0.171875 0.14375
2 0.28984375 0.32734375 0.1109375 0.1640625
1 0.39765625 0.32109375 0.1421875 0.1765625
1 0.51328125 0.31875 0.1421875 0.18125
7 0.2913972111497573 0.7575494351267704 0.10334712480937522 0.21322865824437506
7 0.3716841231938545 0.7478640041809718 0.09546188962701407 0.20992182028847228
0 0.4217581647969796 0.8170491088543745 0.03259560087368065 0.05853985182361114
1 0.4637625204203129 0.741030816301319 0.0968061840799308 0.20058318787965276
1 0.5523340579393754 0.7178641136040271 0.09815047853284735 0.19124455547083344
8 0.74921875 0.71328125 0.0796875 0.4046875
2 0.728125 0.68671875 0.0375 0.3828125
0 0.71796875 0.84609375 0.0171875 0.0578125
1 0.771875 0.65703125 0.125 0.3828125
3 0.91171875 0.63515625 0.1765625 0.4109375