3 0.0671875 0.228125 0.134375 0.45625
3 0.3015625 0.21796875 0.184375 0.4359375
0 0.4095064500860208 0.3901982809664579 0.03541139448011297 0.060175087005972114
1 0.528125 0.21328125 0.14375 0.4265625
1 0.66171875 0.2125 0.1140625 0.425
1 0.76171875 0.23046875 0.1078125 0.4609375
2 0.898404903411862 0.23028103315065945 0.08885931736714489 0.437828614741389
4 0.96171875 0.24453125 0.0765625 0.4890625
6 0.2828125 0.58984375 0.1125 0.2015625
8 0.42578125 0.58203125 0.0859375 0.1859375
0 0.46300537135149494 0.6420478024336106 0.022665932629559828 0.04582164627652787
10 0.54375 0.58125 0.1 0.184375
7 0.8239543283307841 0.6668711901607636 0.11022402840691896 0.3196241286090974
1 0.94609375 0.6734375 0.1078125 0.33125