3 0.053125 0.209375 0.10625 0.41875
3 0.0828125 0.209375 0.165625 0.41875
1 0.2671875 0.209375 0.265625 0.41875
7 0.471875 0.353125 0.121875 0.13125
7 0.55 0.36015625 0.1125 0.1171875
1 0.640625 0.37109375 0.1125 0.0953125
1 0.73203125 0.37265625 0.1140625 0.0921875
3 0.22265625 0.8484375 0.1953125 0.303125
4 0.328125 0.8671875 0.14375 0.265625
7 0.7008611887045937 0.6343723706787626 0.17571803167023514 0.3516941953020042
6 0.862724691211876 0.6515191035900039 0.16312710345698989 0.3482054824490227
0 0.8957692087628534 0.8035529650310596 0.04069920783841656 0.057386602665567034
1 0.9625 0.6921875 0.075 0.3375