7 0.06953125 0.24921875 0.1390625 0.2203125
8 0.1921875 0.240625 0.159375 0.2375
10 0.2984375 0.23515625 0.121875 0.2484375
5 0.63125 0.09609375 0.228125 0.1921875
5 0.77890625 0.090625 0.1828125 0.18125
0 0.86875 0.02578125 0.071875 0.0515625
1 0.909375 0.096875 0.18125 0.19375
3 0.28984375 0.66953125 0.1390625 0.3609375
7 0.47900435429215305 0.6504520117449896 0.11283122758291686 0.21876202335696499
1 0.5750617367009726 0.6460934691876946 0.09037434612402784 0.19312552586424747
0 0.6291147634864587 0.7180079216158347 0.02808993882958344 0.06639788981258547
1 0.6647054649494795 0.6348855330568904 0.11537434612402783 0.1938529515702104