7 0.0609375 0.22109375 0.121875 0.3765625
8 0.20147564292894024 0.22504719545297985 0.12030758783376605 0.361577395460829
0 0.2525792967424719 0.3519842068857253 0.03187004809323426 0.06353671034428636
10 0.33046875 0.23359375 0.1359375 0.3515625
9 0.4765625 0.23515625 0.16875 0.3484375
2 0.6515625 0.3421875 0.025 0.134375
1 0.67265625 0.340625 0.0671875 0.1375
2 0.79609375 0.33359375 0.0890625 0.1515625
3 0.28352425109630836 0.6249529370154594 0.0722073606144388 0.1460962392002269
8 0.3374577829474738 0.6260541347458738 0.048060532484137754 0.12496528366526398
0 0.3538441855798789 0.6719941173226787 0.013754965153609789 0.036374009618646855
1 0.38182534184048117 0.6322967002623032 0.055873032484137754 0.12523810217691816
1 0.43271571924514285 0.630945020588056 0.04756945916315978 0.11090278366526399
7 0.671875 0.7359375 0.065625 0.253125
10 0.7712722769570239 0.7330333102437698 0.07660717313564333 0.22740080290255768
0 0.8163268274125108 0.8315997850160264 0.01822421034428636 0.030287700725639334
10 0.8777405317663474 0.7304936420022681 0.0843651094333124 0.22611112141421189
9 0.96640625 0.72109375 0.0671875 0.2140625