1 0.10859375 0.190625 0.2078125 0.21875
9 0.246875 0.1859375 0.196875 0.228125
0 0.32265625 0.278125 0.0828125 0.04375
6 0.38515625 0.16171875 0.2109375 0.2765625
9 0.53671875 0.15 0.2171875 0.3
4 0.88828125 0.1375 0.1359375 0.275
4 0.9546875 0.128125 0.090625 0.25625
8 0.2719717132797752 0.5478515243530244 0.25834304272754266 0.4528558133099551
6 0.43148307328136604 0.5333508733800898 0.24747826806172438 0.4589148985373027
0 0.5285206105983667 0.6519451404262184 0.09242495202099903 0.15626936525911966
1 0.57265625 0.51171875 0.1921875 0.4234375