6 0.04453125 0.10390625 0.0890625 0.2078125
3 0.0578125 0.09375 0.115625 0.1875
0 0.11328125 0.14188095170098808 0.0765625 0.10914890340856669
1 0.2046875 0.09375 0.159375 0.1875
1 0.315625 0.09921875 0.06875 0.1984375
4 0.465625 0.0875 0.1125 0.175
1 0.59921875 0.08359375 0.1234375 0.1671875
2 0.75 0.07109375 0.071875 0.1421875
0 0.7859375 0.10900204220334145 0.0453125 0.11172843262955982
9 0.86640625 0.08203125 0.1234375 0.1640625
3 0.0484375 0.7375 0.096875 0.45625
1 0.0546875 0.7546875 0.109375 0.45
9 0.225 0.7569389358726755 0.14375 0.4025091655834313
0 0.2890625 0.94609375 0.071875 0.1078125
2 0.42890625 0.59609375 0.0484375 0.2140625
2 0.55234375 0.60078125 0.0421875 0.2234375
10 0.65 0.60703125 0.090625 0.2359375
1 0.771875 0.6109375 0.103125 0.24375
3 0.903125 0.61484375 0.109375 0.2515625
0 0.69609375 0.7067343843305479 0.0265625 0.04577615016215582