6 0.0625 0.2984375 0.125 0.38125
3 0.0515625 0.33046875 0.103125 0.3171875
1 0.06171875 0.3453125 0.1234375 0.2875
1 0.171875 0.35546875 0.2375 0.2671875
6 0.53125 0.36640625 0.171875 0.2453125
4 0.6421875 0.38203125 0.15625 0.2140625
5 0.76328125 0.38515625 0.1828125 0.2078125
10 0.8890625 0.3953125 0.184375 0.1875
5 0.33125 0.5921875 0.1375 0.20625
7 0.225 0.57734375 0.190625 0.1765625
3 0.0984375 0.5703125 0.18125 0.1625
0 0.37734375 0.64453125 0.0453125 0.0890625
4 0.4828125 0.85390625 0.165625 0.2921875
7 0.59921875 0.87265625 0.1921875 0.2546875
4 0.74609375 0.87890625 0.1890625 0.2421875
10 0.8890625 0.8921875 0.2 0.215625