5 0.2546875 0.06796875 0.165625 0.1359375
6 0.37890625 0.075 0.1203125 0.15
0 0.4140625 0.06875 0.05 0.103125
8 0.50859375 0.14296875 0.1390625 0.2859375
8 0.54609375 0.1359375 0.2140625 0.271875
0 0.575 0.15463139520298091 0.10625 0.15061814441741408
1 0.72734375 0.1453125 0.3046875 0.290625
1 0.02734375 0.465625 0.0546875 0.2125
1 0.05390625 0.47734375 0.1078125 0.2359375
4 0.14765625 0.5006478771508042 0.1140625 0.24753859621281205
8 0.24296875 0.5219683652469475 0.0921875 0.2224113311856975
10 0.3265625 0.554294531036188 0.1046875 0.22873405405833439
6 0.403125 0.57578125 0.071875 0.2359375
0 0.4328125 0.68046875 0.0125 0.0328125
3 0.49609375 0.70625 0.1140625 0.45625
2 0.62265625 0.7327973018188392 0.2 0.4074135659621911
8 0.7640625 0.7679121243221337 0.2 0.41053856596219107
0 0.80078125 0.9301985008837628 0.0671875 0.11914088544042353
1 0.90859375 0.7875 0.1828125 0.425