5 0.326111117698047 0.16837979198437472 0.12793763392680618 0.2606855397032639
6 0.44609375 0.15234375 0.0671875 0.2921875
2 0.49765625 0.15390625 0.0359375 0.3078125
5 0.5125 0.13984375 0.065625 0.2796875
9 0.63203125 0.140625 0.1546875 0.28125
0 0.7019451404262185 0.25820078571611055 0.042370506492821744 0.10094555737069441
1 0.7890625 0.13984375 0.140625 0.2796875
1 0.9359375 0.13984375 0.128125 0.2796875
0 0.22258492289362247 0.9189928153513884 0.0417704886359143 0.06657055737069442
7 0.16242076461379185 0.8313668352030203 0.09320807792045152 0.23957295269729179
5 0.06469633076641604 0.8375460596518053 0.0940887394466932 0.2005468202884723
1 0.2828696323085437 0.8207540306821176 0.10565353084255094 0.2367388934267362
1 0.39553327354224554 0.8087605641171173 0.1060353603878557 0.25861389342673624
1 0.67578125 0.5140625 0.1484375 0.16875
2 0.5578125 0.5125 0.096875 0.165625
2 0.8484375 0.50703125 0.090625 0.1546875
1 0.94765625 0.51796875 0.1046875 0.1765625