6 0.35078125 0.1125 0.2171875 0.225
6 0.48828125 0.26953125 0.0578125 0.2515625
8 0.5443403731938545 0.2786833620703149 0.08176306553881965 0.22432838534372693
0 0.5856394800514588 0.37523164540895115 0.04607752583555573 0.10050907733927232
1 0.638054005602674 0.2782117420830416 0.09764263867708359 0.23544769867918128
2 0.751335255602674 0.2795298887650864 0.0630494331300003 0.2256727093411815
5 0.021875 0.73828125 0.04375 0.1734375
7 0.07006641859670175 0.7501765540658607 0.06813567021222244 0.1757454346753633
0 0.10369784260864626 0.8192992714035423 0.026091027735416716 0.047165901336727066
1 0.14266811720993094 0.7486782360757237 0.06828114057694457 0.1819954346753633
1 0.22415450655260455 0.7597799154200869 0.07122430262104178 0.1742192973424542
7 0.7203125 0.61953125 0.215625 0.2609375
8 0.89453125 0.61640625 0.1515625 0.2546875
0 0.9357102556026741 0.7062549260820872 0.05541615824437507 0.09905566534054504
1 0.9734375 0.628125 0.053125 0.278125