6 0.06953125 0.121875 0.1390625 0.24375
10 0.08515625 0.1078125 0.1703125 0.215625
0 0.16890654383478507 0.11796778653118442 0.08340460957707681 0.12485572402541774
1 0.2421875 0.1125 0.228125 0.225
4 0.6109375 0.0765625 0.140625 0.153125
7 0.74140625 0.07421875 0.1359375 0.1484375
0 0.8239116436726294 0.04540876826723981 0.03853639448011279 0.06002956493480802
1 0.8921875 0.0734375 0.159375 0.146875
3 0.034375 0.809375 0.06875 0.303125
3 0.053125 0.80078125 0.10625 0.3171875
3 0.2439435000032953 0.7688189947282895 0.13599559577735915 0.2741659772718286
9 0.13892871753589126 0.7893963218379623 0.14550696347211095 0.2821421185055305
8 0.340625 0.75 0.11875 0.284375
0 0.20145026258519697 0.8765593567409983 0.0559966298696164 0.07595457386326192
7 0.6930667926169691 0.6442162353927987 0.1906751874975285 0.36415577759614004
9 0.841899758931749 0.6189689991925164 0.18033770535443594 0.39833986282348766
0 0.9184468478125446 0.7527479354755242 0.07068642126547431 0.11213753571381488
1 0.9453125 0.61484375 0.109375 0.3859375