2 0.08124020184427039 0.29732634546867825 0.11966441546256963 0.3117410865678217
8 0.1915594527942009 0.32001482260318753 0.15607469414791703 0.33330855172143126
8 0.3042406375397217 0.3418402041842004 0.1361258700597226 0.34822422359113003
0 0.3370511779085758 0.4413937708817562 0.047567290653194406 0.09845734736759475
1 0.37265625 0.346875 0.0546875 0.296875
2 0.44921875 0.19921875 0.0984375 0.3984375
8 0.58984375 0.2 0.2078125 0.4
9 0.75390625 0.20703125 0.1953125 0.4140625
0 0.8352522885659022 0.35189725046333614 0.08274237765916688 0.1340327488188736
7 0.92734375 0.20625 0.1453125 0.4125
3 0.0328125 0.73203125 0.065625 0.1453125
4 0.028125 0.7359375 0.05625 0.153125
5 0.0390625 0.7375 0.078125 0.15625
0 0.05390625 0.6828125 0.0453125 0.046875
1 0.12578125 0.73125 0.1390625 0.14375
2 0.26640625 0.728125 0.1203125 0.1375
1 0.696875 0.96171875 0.146875 0.0765625