2 0.028125 0.2640625 0.05625 0.309375
8 0.05859375 0.278125 0.1171875 0.328125
8 0.1581684434823268 0.29263099031326345 0.13140200246854192 0.3450605397032639
0 0.2041732341355214 0.38848769776020786 0.046004790653194405 0.09789329255305557
1 0.27143150968673657 0.28921308995267303 0.13801437195958358 0.29367987765916687
1 0.38125 0.2734375 0.096875 0.325
5 0.784147102392292 0.28947288877399274 0.1865986487450698 0.36820840539458344
5 0.93046875 0.28984375 0.1390625 0.3515625
0 0.98671875 0.43046875 0.0265625 0.0984375
3 0.028125 0.73046875 0.05625 0.2984375
3 0.03046875 0.73046875 0.0609375 0.3015625
7 0.04609375 0.72578125 0.0921875 0.2921875
0 0.11060441888104222 0.836671277832326 0.02271145459715278 0.03644664627652787
1 0.17890625 0.721875 0.1171875 0.284375
1 0.3328125 0.72421875 0.13125 0.2890625
7 0.4765625 0.6515625 0.09375 0.14375
7 0.58671875 0.659375 0.1578125 0.159375
0 0.65625 0.60625 0.03125 0.053125
6 0.7203125 0.65546875 0.13125 0.1515625
5 0.8515625 0.65625 0.1375 0.153125