5 0.0484375 0.14609375 0.096875 0.2921875
2 0.128125 0.13203125 0.121875 0.2640625
6 0.23671875 0.15234375 0.1609375 0.3046875
0 0.29825152207986 0.25813260334309085 0.05410679201145392 0.08468407220870695
1 0.396875 0.1546875 0.165625 0.309375
1 0.5328125 0.16328125 0.134375 0.3265625
1 0.6234375 0.1484375 0.046875 0.21875
1 0.62109375 0.15546875 0.0421875 0.2109375
3 0.61953125 0.16171875 0.0390625 0.2109375
6 0.61875 0.16484375 0.0375 0.2046875
10 0.681634544716725 0.16485478113438382 0.07258516669318063 0.19572156615858277
1 0.7520197700509067 0.170695714975801 0.07571016669318062 0.19573974687674206
5 0.8317527233847702 0.1741383566627405 0.06778857869190773 0.18631929508134393
0 0.7819078120623608 0.254902543332828 0.011228401336727246 0.025063632513557366
5 0.0328125 0.9609375 0.065625 0.078125
7 0.12578125 0.96484375 0.0984375 0.0703125
7 0.2390625 0.96484375 0.125 0.0703125
2 0.3921875 0.971875 0.109375 0.05625
6 0.81796875 0.7140625 0.1234375 0.128125
9 0.93046875 0.71484375 0.1078125 0.1296875
0 0.9721339174092692 0.712152482831586 0.03499316534054522 0.05332498789975162