5 0.0765625 0.38828125 0.153125 0.3421875
2 0.1817623613939972 0.3509282583878153 0.16955216804581602 0.3384635780624395
6 0.29259986405949723 0.3429799238824681 0.21368397605027045 0.37153060811666877
0 0.393073126074133 0.45136966168402387 0.06509883601209036 0.08943520472226432
1 0.44921294338795204 0.30795600496996967 0.21346580004772503 0.3527806081166688
1 0.553125 0.26875 0.13125 0.365625
7 0.81640625 0.453125 0.1421875 0.2125
1 0.9265625 0.44921875 0.134375 0.2203125
4 0.2234375 0.84375 0.23125 0.3125
1 0.3953125 0.83359375 0.2 0.3328125
0 0.521875 0.975 0.071875 0.05
1 0.53203125 0.80625 0.1734375 0.3875
6 0.9171875 0.84375 0.165625 0.3125