2 0.20681257046660645 0.2467927739426921 0.12999635471063103 0.33491256249917606
8 0.34246892563945586 0.2663394350618965 0.16267246239076308 0.3307978068171334
9 0.4234375 0.29609375 0.1125 0.3421875
1 0.54375 0.32421875 0.128125 0.4796875
9 0.54453125 0.3375 0.1296875 0.440625
0 0.5576513079301941 0.5155951412304067 0.0801996285298145 0.1263364034085667
1 0.67890625 0.3703125 0.2421875 0.41875
1 0.86875 0.37578125 0.253125 0.4078125
4 0.25078125 0.665625 0.1890625 0.171875
9 0.37890625 0.65703125 0.1640625 0.1546875
0 0.4270030500126353 0.6419412272685333 0.06481866943775678 0.08077844155801372
1 0.52578125 0.93671875 0.0921875 0.1265625
6 0.57265625 0.96328125 0.1484375 0.0734375