2 0.2703125 0.3609375 0.1375 0.278125
8 0.38515625 0.36953125 0.1296875 0.2609375
3 0.762071937097082 0.31106146325469314 0.18484219886161424 0.3015873257680484
2 0.8949429383148979 0.34780251670540496 0.13799447240056467 0.3015129146981227
7 0.95390625 0.36171875 0.0921875 0.2765625
5 0.39765625 0.546875 0.1046875 0.09375
3 0.5774378384770538 0.613112547375444 0.09707737175194149 0.19389882213985138
5 0.6713963441590967 0.6426239433844272 0.10362738068039512 0.21130457694917482
6 0.7539497455390685 0.654575817160892 0.08134327759614006 0.18710318511654284
0 0.7752832288999769 0.7295658934770944 0.028970479707460584 0.04941964664195542
1 0.835626439532714 0.672023722788522 0.11133078652459397 0.205327395460829
1 0.9188247232179341 0.6917608147138212 0.10653419236879244 0.19891370435383635