3 0.19765625 0.15703125 0.3421875 0.3140625
4 0.41328125 0.165625 0.2921875 0.33125
0 0.4618907898001732 0.28267451220720796 0.09735039152687505 0.15741534639736088
1 0.51953125 0.19140625 0.0796875 0.3828125
2 0.70390625 0.4078125 0.1234375 0.1625
10 0.7828125 0.4109375 0.14375 0.15625
9 0.87421875 0.421875 0.1265625 0.134375
1 0.94609375 0.4296875 0.1078125 0.11875
3 0.053125 0.590625 0.10625 0.203125
2 0.20390625 0.6078125 0.1109375 0.2375
3 0.30703125 0.61640625 0.1734375 0.2546875
0 0.3393773973233675 0.7323742984962966 0.02896145459715278 0.036755853919208194
1 0.44453125 0.63203125 0.1671875 0.2859375
6 0.8140625 0.59375 0.14375 0.209375
9 0.9265625 0.6125 0.146875 0.246875
0 0.9524066870266316 0.7134651741231173 0.029070557370694416 0.04144335391920819