3 0.14453125 0.12890625 0.2484375 0.2578125
4 0.36953125 0.12265625 0.2140625 0.2453125
0 0.46796875 0.03671875 0.0703125 0.0734375
1 0.58125 0.1234375 0.196875 0.246875
5 0.8532265565924172 0.2125 0.09008062021691714 0.175
7 0.9321691680287356 0.21875 0.06820562021691715 0.175
0 0.9684975534691592 0.2859375 0.025281801131468207 0.0484375
1 0.98515625 0.2125 0.0296875 0.18125
5 0.13766570998682162 0.83125 0.09519536709365921 0.2484375
4 0.26559072208707 0.796875 0.07483741529826116 0.240625
0 0.3239213725546083 0.8859375 0.020539758976990542 0.0390625
1 0.38737027331673407 0.78046875 0.1014362767345796 0.246875
1 0.5029452763417961 0.771875 0.10301695745273882 0.25
8 0.72734375 0.57109375 0.0953125 0.4234375
6 0.7609375 0.58203125 0.1625 0.4359375
0 0.8311475443939729 0.71640625 0.07116699375348397 0.146875
1 0.91640625 0.575 0.1671875 0.43125