5 0.03203125 0.0640625 0.0640625 0.128125
10 0.02734375 0.065625 0.0546875 0.13125
0 0.01328125 0.03984375 0.0265625 0.0796875
1 0.03125 0.0640625 0.0625 0.128125
1 0.4625 0.0953125 0.0875 0.190625
1 0.4828125 0.08359375 0.128125 0.1671875
1 0.5890625 0.084375 0.146875 0.16875
1 0.89140625 0.078125 0.1328125 0.15625
6 0.69453125 0.078125 0.1359375 0.15625
4 0.79296875 0.0765625 0.1234375 0.153125
0 0.9313262755350431 0.023007716104358877 0.02439224623907634 0.0330852200031817
2 0.18140179803407824 0.6431345713717255 0.04680811850068469 0.2129727146721816
8 0.26633072750096487 0.6519379540499523 0.08181961599340219 0.23524770401018139
8 0.36628526339434214 0.6546640593968608 0.07346154671392995 0.2164067973424541
0 0.3906511144105565 0.757325982733906 0.01805131802583091 0.02988749466899989
1 0.6108402792959667 0.722866977363135 0.15599656505633003 0.3688783640197263
4 0.7191612446562307 0.7335055800445434 0.13896217775102696 0.32025905068427196
6 0.8131696574300697 0.7525743007240429 0.14543949828414035 0.32814427601845375
3 0.9023314458307297 0.7770572274029058 0.1273714598834806 0.35136360001590833
7 0.96875 0.7609375 0.0625 0.30625