5 0.03984375 0.2375 0.0796875 0.321875
10 0.08928919728204895 0.24765625 0.137397429330278 0.33125
0 0.14970263326184075 0.39296875 0.06795252583555574 0.1
1 0.23576480698944485 0.2640625 0.15596559137437538 0.3234375
8 0.67734375 0.1046875 0.1359375 0.209375
1 0.8046875 0.09765625 0.16875 0.1953125
1 0.9390625 0.09375 0.121875 0.1875
0 0.8675265661075006 0.1203125 0.07402068787965277 0.0921875
2 0.2625 0.6234375 0.125 0.26875
10 0.38359375 0.63046875 0.1859375 0.2828125
7 0.51796875 0.63671875 0.1796875 0.2953125
0 0.5657465137707991 0.76640625 0.05512521751493047 0.0859375
1 0.8890541143601393 0.728125 0.1787134135627088 0.3609375
1 0.975 0.740625 0.05 0.36875
10 0.7315682694703824 0.70859375 0.1820566191097921 0.3703125
4 0.6484375 0.6953125 0.078125 0.378125
0 0.7848049850854519 0.84765625 0.06577308320625015 0.140625