5 0.04609375 0.40546875 0.0921875 0.2890625
6 0.125 0.40390625 0.159375 0.2921875
0 0.20546875 0.5203125 0.0609375 0.059375
1 0.2609375 0.396875 0.165625 0.30625
1 0.4 0.3859375 0.175 0.328125
7 0.72109375 0.121875 0.1171875 0.24375
1 0.8328125 0.1171875 0.1125 0.234375
1 0.94453125 0.11953125 0.1109375 0.2390625
0 0.8994117310640604 0.2193980255642499 0.01895907825883114 0.03626478246740419
3 0.18780154449216874 0.7305695304355139 0.150055583916172 0.2807159862002823
6 0.2923845053627532 0.7144281075451866 0.12819876463433122 0.28345915665497756
0 0.34679072511213216 0.8013065446389736 0.039498837235821684 0.07568183847375849
1 0.3977078096174793 0.6912690714243347 0.13436695140261462 0.2695057508107789
1 0.5031220174630016 0.6837350353034826 0.1296612706844554 0.26629893019392786
1 0.88671875 0.871875 0.1890625 0.25625
1 0.9703125 0.85703125 0.059375 0.2859375
7 0.63359375 0.89921875 0.1296875 0.2015625
3 0.740625 0.88671875 0.159375 0.2265625