7 0.19411943328295686 0.2747063619510023 0.18991921204645248 0.3443510786919079
9 0.35854501261141164 0.30872573126195785 0.17734648671227066 0.3379556280235443
0 0.39426324192395806 0.4614143792568671 0.05897610534690845 0.10067270934118148
1 0.45078125 0.33203125 0.0765625 0.3671875
0 0.965625 0.5109375 0.06875 0.0375
3 0.91953125 0.38125 0.1609375 0.296875
6 0.81171875 0.36484375 0.1953125 0.3296875
2 0.34609375 0.68359375 0.1734375 0.3078125
10 0.415625 0.7203125 0.146875 0.38125
5 0.93203125 0.66015625 0.1359375 0.2609375
6 0.81171875 0.634375 0.2171875 0.209375
0 0.984375 0.73671875 0.03125 0.1109375