7 0.2082637587089816 0.2902811289975159 0.15343385471063103 0.33364881303532484
9 0.37740020361527443 0.3045441377781146 0.14079746239076307 0.32888859016268784
0 0.44024484758449506 0.4509787762436003 0.04969377461060631 0.09714771077238851
1 0.5376473818285198 0.3086008995837754 0.16505331630997128 0.35714994554888213
1 0.63515625 0.30703125 0.0671875 0.3328125
5 0.70546875 0.21796875 0.0734375 0.2671875
6 0.7 0.22109375 0.0625 0.2953125
0 0.68671875 0.32734375 0.0359375 0.0984375
1 0.7546961409997198 0.2450787550681656 0.14672921364440442 0.3179874515990063
1 0.8792331397460785 0.25673893861499514 0.15569503668480014 0.30397949375348415
5 0.58125 0.90625 0.146875 0.1875
6 0.440625 0.9015625 0.13125 0.196875
3 0.3140625 0.884375 0.178125 0.23125
1 0.9375 0.93125 0.125 0.1375
6 0.815625 0.9265625 0.15625 0.146875
5 0.7140625 0.9109375 0.090625 0.178125