8 0.35871134450850733 0.1966765747427898 0.14321232465687536 0.3804692708808471
3 0.48203125 0.17890625 0.1140625 0.3421875
8 0.5953125 0.215625 0.1125 0.43125
8 0.6390625 0.2125 0.2 0.425
0 0.7467607776385075 0.3627651830558502 0.08917421561506948 0.13956246974937905
1 0.84921875 0.2140625 0.2359375 0.428125
3 0.04375 0.859375 0.0875 0.28125
9 0.04296875 0.87421875 0.0859375 0.2515625
7 0.17734375 0.88046875 0.1421875 0.2390625
7 0.3265625 0.88046875 0.146875 0.2390625
3 0.57890625 0.81328125 0.0796875 0.3734375
10 0.58203125 0.821875 0.0859375 0.35625
8 0.59609375 0.825 0.1140625 0.35
0 0.66171875 0.96640625 0.0546875 0.0671875
1 0.7484375 0.8234375 0.165625 0.353125
2 0.9265625 0.8375 0.134375 0.325