8 0.359375 0.35390625 0.159375 0.2703125
7 0.6297834060434145 0.24090952718439568 0.13699050079142286 0.3084155567430599
4 0.7554282637235465 0.23256216660126988 0.13051318025830944 0.30042120031656916
0 0.8274516794003797 0.343061745909872 0.0523641335443795 0.08270485141192588
10 0.8910020508705652 0.21610678932509658 0.14163253668480014 0.3069894490629279
9 0.9703125 0.2046875 0.059375 0.315625
2 0.04609375 0.67734375 0.0921875 0.3765625
9 0.1796875 0.66875 0.265625 0.359375
1 0.3734375 0.6609375 0.13125 0.34375
0 0.3323534427282147 0.7623466064929978 0.09916022868809904 0.18866534639736088
5 0.6490228025199177 0.7431121878466638 0.22489498073316305 0.485825154394062
1 0.82578125 0.71171875 0.2109375 0.4453125
1 0.95546875 0.7125 0.0890625 0.446875
0 0.9388474836361571 0.8683860063347131 0.08733016693047428 0.10401756175762493