6 0.1234375 0.16015625 0.18125 0.3203125
8 0.26344733811958443 0.18311844457708837 0.15019193930236624 0.3058815901291547
0 0.27133658529091403 0.3039621419906636 0.03153180113146803 0.04934678213245362
10 0.37813200683569104 0.20712058274032136 0.1658805718159236 0.31727373119538155
3 0.45703125 0.225 0.0859375 0.3
2 0.6922808652469474 0.2922961824363875 0.12792605386194272 0.23805759263643722
10 0.770296780937992 0.3087729771052534 0.1514362767345796 0.25123955423577743
9 0.8615757659108774 0.32798832686782653 0.134166963502863 0.23667694906292774
0 0.8813882961614985 0.41333479348173174 0.05673178903121982 0.08444920783841639
1 0.9375 0.34921875 0.125 0.2390625
3 0.2890625 0.815625 0.18125 0.271875
6 0.39375 0.821875 0.175 0.284375
7 0.46640625 0.8328125 0.0671875 0.284375
3 0.553125 0.92890625 0.10625 0.1421875
5 0.62734375 0.9546875 0.1890625 0.090625
7 0.74765625 0.965625 0.1984375 0.06875