2 0.1 0.08359375 0.1125 0.1671875
8 0.2171875 0.08359375 0.153125 0.1671875
8 0.371875 0.08203125 0.1375 0.1640625
0 0.44140625 0.0140625 0.0296875 0.028125
1 0.655159142253361 0.15854960055399597 0.09887072367353414 0.23236988229073816
1 0.744730107613625 0.15178878668480014 0.09409229546028879 0.2291084899708702
3 0.8365993588672662 0.1435336689755383 0.10181386724704336 0.2262108105039836
8 0.9315254139609734 0.1330257294795219 0.0863252595669115 0.2304436694377568
8 0.1796875 0.5046875 0.08125 0.090625
1 0.309375 0.5046875 0.08125 0.090625
0 0.284375 0.46953125 0.021875 0.0203125
3 0.2421875 0.5015625 0.078125 0.084375
3 0.521875 0.92578125 0.10625 0.1484375
3 0.59609375 0.9109375 0.2234375 0.178125
6 0.7609375 0.9 0.20625 0.2
1 0.91328125 0.8875 0.1734375 0.225