2 0.06328125 0.17734375 0.1265625 0.3546875
8 0.1796875 0.16875 0.1375 0.3375
7 0.2984375 0.1640625 0.15625 0.328125
0 0.3639923815315987 0.26226002542167776 0.05049996974937905 0.08651930267345413
1 0.40234375 0.15546875 0.0953125 0.3109375
4 0.475 0.31640625 0.05 0.2859375
4 0.4984375 0.309375 0.096875 0.2875
5 0.5818015293668581 0.30046745540258774 0.10312604176169415 0.269931786680454
8 0.6739526679305398 0.295290154081769 0.08745558996629618 0.26193747334499945
0 0.7231310321955287 0.42319752542167777 0.02214771077238851 0.047129538669636165
1 0.7630424390077787 0.3010139900938594 0.10152718032537571 0.26366360534690847
3 0.26539982454639804 0.756924898710998 0.10916696350286301 0.23406701201463562
2 0.3739117613146815 0.7441260013924064 0.08880901170746505 0.226018154678545
10 0.42109375 0.74375 0.0578125 0.225
10 0.515625 0.6890625 0.13125 0.240625
5 0.7 0.6734375 0.178125 0.209375
0 0.8136111073311019 0.746224850731997 0.036219301131468026 0.04885567067154532
1 0.91015625 0.6875 0.1796875 0.2375