2 0.30703125 0.28203125 0.1390625 0.1953125
8 0.4265625 0.28671875 0.14375 0.1859375
8 0.5453125 0.08125 0.053125 0.1625
5 0.59921875 0.08203125 0.1328125 0.1640625
0 0.6555479111910759 0.09629627078317551 0.026163762917777868 0.050727425705962934
1 0.74609375 0.07578125 0.1453125 0.1515625
1 0.8859375 0.07265625 0.128125 0.1453125
3 0.3668328629384371 0.7296075612954064 0.1243882830537503 0.3127848079967011
6 0.48671875 0.7375 0.0640625 0.309375
3 0.6579858462209371 0.6450781339400908 0.13107469414791692 0.3317166644231918
1 0.8165795962209371 0.649692740762293 0.14379289969500028 0.34145537727617337
9 0.94609375 0.659375 0.1078125 0.34375