5 0.1015625 0.09375 0.146875 0.1875
2 0.26640625 0.09140625 0.1140625 0.1828125
0 0.3248707297041653 0.14572430128986155 0.06311938311602709 0.12641833605604164
1 0.35 0.084375 0.078125 0.16875
7 0.640625 0.2796875 0.2 0.240625
6 0.8203125 0.27265625 0.2 0.2546875
1 0.9453125 0.28046875 0.109375 0.2390625
3 0.33828125 0.67578125 0.1015625 0.3734375
2 0.41796875 0.75390625 0.0578125 0.4203125
3 0.4375 0.725 0.096875 0.409375
3 0.601536595370322 0.716632294071667 0.17891157304918776 0.4071254350298613
0 0.7129122463432568 0.8785348416587156 0.03530230032431163 0.053925087005972115