5 0.36460543995823486 0.17816462850097006 0.1502179264973857 0.3345982332097771
2 0.52890625 0.165625 0.1171875 0.33125
0 0.5814626678549111 0.2892211464723194 0.0645746285298145 0.1271279843909033
1 0.61171875 0.15 0.0765625 0.3
1 0.7498322346271008 0.1818997860275166 0.09762647241989289 0.2437896947351895
1 0.8336533051602142 0.17116812795281594 0.10838211599340217 0.2379216406515056
1 0.9292613218532615 0.15768349211063368 0.09601850831327016 0.24217263103285874
4 0.98828125 0.13984375 0.0234375 0.2390625
7 0.22265625 0.80625 0.2390625 0.3875
8 0.4140625 0.8 0.215625 0.4
1 0.56015625 0.8 0.1796875 0.4
6 0.9109375 0.875 0.178125 0.25