6 0.2198980738665572 0.37611364373154854 0.3668866801906326 0.6218155241314351
2 0.35703125 0.321875 0.1046875 0.51875
2 0.07421875 0.45078125 0.1484375 0.5171875
2 0.45390625 0.3078125 0.0890625 0.4375
2 0.834375 0.1921875 0.21875 0.384375
8 0.5078125 0.23203125 0.196875 0.4015625
4 0.4734375 0.27578125 0.128125 0.4640625
1 0.6625 0.2140625 0.26875 0.428125
0 0.6000923141273246 0.3899281509879426 0.07847164772652385 0.11204862141421187
3 0.19375 0.81875 0.21875 0.21875
2 0.3234375 0.80546875 0.171875 0.1921875
1 0.89140625 0.825 0.2171875 0.23125
2 0.76796875 0.83125 0.1765625 0.24375
0 0.8459678758157219 0.8991865890997104 0.05470686525911965 0.09248016587924912
5 0.60625 0.8546875 0.240625 0.290625