0 0.21875 0.59921875 0.09375 0.1390625
6 0.07734375 0.36953125 0.1546875 0.5984375
1 0.353125 0.4234375 0.23125 0.490625
2 0.18554006558505548 0.40708065808847865 0.20383833465237142 0.5133136569013445
2 0.04375 0.3765625 0.0875 0.53125
3 0.5734121386254514 0.4114078275927424 0.15775764185764968 0.3246315901291547
2 0.7602983731860451 0.4379572703874642 0.09842810596427239 0.32446645407749275
10 0.8739744282797524 0.45455740017091983 0.14066107007089493 0.3272564849563052
0 0.9134735343105316 0.601924145156355 0.04892088479802066 0.07167642319868044
1 0.96640625 0.48046875 0.0671875 0.3265625
5 0.07578125 0.86015625 0.1515625 0.2796875
9 0.1140625 0.884375 0.228125 0.23125
1 0.303125 0.88671875 0.228125 0.2265625
1 0.9109375 0.778125 0.178125 0.21875
7 0.628125 0.75234375 0.21875 0.1671875
3 0.77890625 0.75234375 0.1671875 0.1671875
0 0.8202630919115214 0.8122789719576744 0.06660848997087018 0.08936402837152997