6 0.06015625 0.125 0.1203125 0.25
1 0.0609375 0.11875 0.121875 0.2375
1 0.08671875 0.12109375 0.1734375 0.2421875
1 0.24375 0.1265625 0.246875 0.253125
0 0.01953125 0.14609375 0.0390625 0.1109375
0 0.23003941959986954 0.6484375 0.05525110226293641 0.096875
2 0.09505640730322931 0.484375 0.13307716217500315 0.3140625
3 0.046875 0.44921875 0.09375 0.3203125
9 0.315625 0.5453125 0.16875 0.31875
4 0.19101380191703504 0.5078125 0.13306807181592362 0.3125
0 0.9618479558024188 0.65859375 0.06291815651766246 0.071875
2 0.8204240459651068 0.52734375 0.1361748910977642 0.309375
3 0.6588325609922213 0.50546875 0.2268998850476401 0.3265625
1 0.9234375 0.5421875 0.153125 0.3125