6 0.06796875 0.23125 0.1359375 0.4625
1 0.19609375 0.21484375 0.2734375 0.4296875
0 0.31328125 0.346875 0.0515625 0.115625
1 0.71953125 0.146875 0.2140625 0.29375
1 0.8625 0.1421875 0.2125 0.284375
2 0.5875 0.15390625 0.15625 0.3078125
0 0.6612668364502547 0.2551792345820198 0.05052724082661779 0.09149775324641088
5 0.4359375 0.18203125 0.19375 0.3640625
5 0.05390625 0.81953125 0.1078125 0.3609375
8 0.04921875 0.81953125 0.0984375 0.3609375
0 0.028125 0.9453125 0.05625 0.109375
1 0.0546875 0.80234375 0.109375 0.3265625
1 0.18671875 0.78828125 0.2328125 0.2984375
1 0.615625 0.86640625 0.2625 0.2671875
1 0.803125 0.85 0.259375 0.3
9 0.4375 0.88828125 0.196875 0.2234375