10 0.14453125 0.2421875 0.2890625 0.234375
4 0.31328125 0.2078125 0.2515625 0.303125
1 0.909375 0.23515625 0.18125 0.2484375
7 0.775 0.24453125 0.2125 0.2296875
6 0.63671875 0.26875 0.2015625 0.18125
1 0.03125 0.4640625 0.0625 0.209375
1 0.05859375 0.45234375 0.1171875 0.1859375
1 0.14921875 0.4390625 0.1234375 0.159375
8 0.25 0.4265625 0.10625 0.134375
2 0.35234375 0.41328125 0.0796875 0.1078125
4 0.39765625 0.4171875 0.0828125 0.115625
3 0.12139812074313286 0.6068254487189522 0.062410188017181054 0.12727157200827238
2 0.57109375 0.4828125 0.1609375 0.246875
10 0.671875 0.47734375 0.19375 0.2359375
4 0.81328125 0.4765625 0.1796875 0.234375
0 0.8842146520528157 0.5165020827498144 0.06675224267981754 0.09763861600890866
1 0.9171875 0.4796875 0.165625 0.240625