0 0.48984375 0.0203125 0.0578125 0.040625
5 0.43828125 0.08671875 0.1609375 0.1734375
3 0.28359375 0.09140625 0.1796875 0.1828125
3 0.5578125 0.09140625 0.078125 0.1828125
4 0.55 0.084375 0.0625 0.16875
2 0.03125 0.49609375 0.0625 0.2921875
10 0.065625 0.50390625 0.13125 0.3078125
7 0.171875 0.509375 0.18125 0.31875
0 0.21453105008749596 0.6472626325057287 0.055705654678545005 0.08877286569131951
0 0.31953125 0.5265625 0.1703125 0.353125
7 0.58359375 0.74296875 0.1296875 0.5140625
8 0.57109375 0.765625 0.1046875 0.46875
0 0.54609375 0.96875 0.0546875 0.0625
1 0.66875 0.78125 0.24375 0.4375
1 0.88203125 0.78671875 0.2359375 0.4265625