0 0.3859375 0.02109375 0.028125 0.0421875
5 0.33671875 0.0890625 0.1265625 0.178125
3 0.21171875 0.09375 0.2015625 0.1875
3 0.8515625 0.33125 0.165625 0.096875
2 0.73515625 0.3203125 0.1609375 0.11875
2 0.5953125 0.31953125 0.153125 0.1203125
4 0.04921875 0.496875 0.0984375 0.234375
7 0.0515625 0.503125 0.103125 0.246875
10 0.15234375 0.52109375 0.1890625 0.2828125
0 0.04753599180857648 0.5905421511618637 0.061519282981095456 0.10177310015828453
8 0.30625 0.50859375 0.171875 0.2578125
0 0.8092001996540988 0.604189462523777 0.05677724082661797 0.09226170783841639
0 0.76796875 0.503125 0.1671875 0.246875
1 0.90703125 0.521875 0.1734375 0.284375
3 0.63359375 0.5 0.1828125 0.240625
3 0.49140625 0.4921875 0.1828125 0.225