3 0.05234375 0.10625 0.1046875 0.2125
2 0.04375 0.096875 0.0875 0.19375
1 0.13125 0.10234375 0.21875 0.2046875
0 0.21953125 0.025 0.0765625 0.05
1 0.29296875 0.1046875 0.2140625 0.209375
4 0.4652950087089816 0.13381056940233033 0.09749008010002491 0.23751936525911965
9 0.5712040279093115 0.12023721875370721 0.10842758010002491 0.23771028003177214
1 0.67265625 0.11640625 0.1140625 0.2328125
2 0.803125 0.09765625 0.06875 0.1953125
0 0.6334432666265404 0.21763832427359428 0.019659282132453625 0.03157728246740401
8 0.21880410510634246 0.5825889886392096 0.21714466521461465 0.43169783360249453
5 0.3375 0.5484375 0.125 0.409375
5 0.5825543680384662 0.6991588798729116 0.17412678793844147 0.2950784951287361
7 0.7024804231321735 0.6837775673737354 0.15216085972519586 0.2915716655834313
0 0.7752396247023838 0.7935013948904454 0.06251202335696497 0.10884889448011278