3 0.109375 0.3546875 0.21875 0.35
2 0.31171875 0.34609375 0.1953125 0.3671875
1 0.45546875 0.33046875 0.2390625 0.3984375
0 0.5535587913925626 0.4703125 0.0814875535707225 0.103125
1 0.5734375 0.3015625 0.153125 0.421875
5 0.92421875 0.15625 0.1515625 0.30625
10 0.9765625 0.15546875 0.046875 0.3109375
4 0.2761956761334428 0.840625 0.13424218100470675 0.2609375
3 0.378857025971287 0.8140625 0.1516478693163094 0.2734375
0 0.45404003246410873 0.9140625 0.06896028003177221 0.1015625
1 0.5050922435038829 0.7953125 0.1880762930174157 0.3015625
2 0.6171875 0.775 0.065625 0.33125
2 0.6734375 0.91171875 0.046875 0.1765625
7 0.68828125 0.8953125 0.0765625 0.209375
8 0.78125 0.8859375 0.13125 0.228125
9 0.90546875 0.87734375 0.1484375 0.2453125