5 0.03203125 0.30234375 0.0640625 0.3140625
4 0.1265625 0.297154077130524 0.1078125 0.285949523356965
0 0.175 0.4102822144358271 0.053125 0.10467077962517113
1 0.25234375 0.3242514377136498 0.1046875 0.3092960951437197
3 0.6421875 0.38203125 0.115625 0.2734375
7 0.76328125 0.3890625 0.1171875 0.259375
3 0.87890625 0.3765625 0.1109375 0.284375
0 0.94296875 0.4623304477427796 0.0421875 0.08872753087881229
1 0.975 0.37734375 0.05 0.2828125
6 0.30859375 0.59921875 0.0734375 0.1609375
1 0.38515625 0.60703125 0.0859375 0.1765625
0 0.42734375 0.6532282323825157 0.0296875 0.07898881802583091
1 0.47265625 0.6046875 0.0921875 0.171875
2 0.53984375 0.62265625 0.0421875 0.2078125
10 0.5515625 0.61640625 0.065625 0.1953125
4 0.67421875 0.609375 0.1234375 0.18125
0 0.7484375 0.6956203208623177 0.0484375 0.09515938730530316
6 0.83984375 0.60859375 0.1703125 0.1796875