6 0.23359375 0.1328125 0.1890625 0.265625
8 0.4140625 0.12578125 0.16875 0.2515625
0 0.4925010909026035 0.2085416695016736 0.054144598973819666 0.11123748184962742
1 0.5859375 0.10546875 0.053125 0.2109375
4 0.5828125 0.1109375 0.046875 0.221875
6 0.58359375 0.10546875 0.0484375 0.2109375
6 0.5828125 0.10859375 0.046875 0.2171875
7 0.6109375 0.11171875 0.096875 0.2234375
8 0.7125 0.11171875 0.084375 0.2234375
0 0.6557109121410065 0.21156213037225804 0.011592116641250172 0.028188632513557365
0 0.2921875 0.96796875 0.065625 0.0640625
1 0.37734375 0.84609375 0.1296875 0.3078125
1 0.4953125 0.84609375 0.128125 0.3078125
3 0.2359375 0.84453125 0.146875 0.3109375
6 0.109375 0.83984375 0.134375 0.3203125
1 0.88515625 0.5328125 0.1953125 0.246875
3 0.67734375 0.54140625 0.2203125 0.2640625
3 0.62265625 0.54453125 0.1265625 0.2703125