6 0.03515625 0.08984375 0.0703125 0.1796875
8 0.11484375 0.0875 0.1265625 0.175
1 0.26640625 0.08359375 0.1359375 0.1671875
1 0.4078125 0.0875 0.14375 0.175
0 0.184375 0.021875 0.040625 0.04375
1 0.6459530227248761 0.16285563347787244 0.10444558684890541 0.25759720282385157
1 0.7576990462638264 0.1676688171013941 0.11511035145940199 0.2422904515702104
5 0.5382496168806775 0.16596861012090738 0.09814103977100466 0.25429034639736087
7 0.50546875 0.1578125 0.0515625 0.25
3 0.50390625 0.16171875 0.0484375 0.2453125
0 0.5858979586008469 0.25637230126627647 0.037082988635914305 0.06667067445232178
4 0.12073088027335813 0.5044304018867795 0.0973149253226639 0.29643238229073815
7 0.2564774655007057 0.49744827916295276 0.09567060470581286 0.29169941818411543
0 0.32354400892515844 0.626678789587794 0.041688668019063256 0.06211956677218957
1 0.3969933713449044 0.4952900487589941 0.10167514285525989 0.2778187746106061
6 0.6803355255642499 0.8197658968722145 0.10378311363426666 0.3091142387172289
6 0.7764838226421507 0.8256869394295094 0.10312854869945846 0.27161423871722884
7 0.8678764358726754 0.8275653396669362 0.08179901947846524 0.30222774122451135
4 0.95546875 0.8296875 0.0890625 0.25
0 0.9953125 0.946875 0.009375 0.053125