2 0.071875 0.08828125 0.078125 0.1765625
8 0.221875 0.09296875 0.115625 0.1859375
0 0.28828125 0.0234375 0.0296875 0.046875
9 0.38046875 0.09453125 0.1515625 0.1890625
4 0.66015625 0.07578125 0.1046875 0.1515625
10 0.79453125 0.08046875 0.1171875 0.1609375
0 0.85859375 0.0125 0.0265625 0.025
10 0.93046875 0.07578125 0.1078125 0.1515625
2 0.02109375 0.76640625 0.0421875 0.3296875
8 0.08789473006840591 0.7545335379003122 0.11935217337681614 0.3230037017473613
9 0.20670836473581494 0.7572383509705898 0.1397555800445435 0.3312889804327085
0 0.2941912780871778 0.8880506334556593 0.03515679734245403 0.0679875870059723
1 0.3784924580680878 0.7454254159407285 0.1380839920432706 0.3218776128415278
7 0.6608958780633152 0.7278255675355899 0.09148061736154425 0.2098854526972918
7 0.7413282653962243 0.7228276365897912 0.08206925469445317 0.20654224715020836
0 0.7874861974060876 0.794429226445555 0.028779528007635946 0.056904616641249996
1 0.8335248560629971 0.7214631987101383 0.08352266669318062 0.197203614741389
1 0.9239498613939972 0.7021663784216661 0.08653857869190791 0.18790134992375