5 0.14412881254434554 0.3994620086330469 0.17235783079291397 0.3535442653564534
5 0.40390625 0.403125 0.0703125 0.35625
7 0.2902634691602038 0.40479330394654794 0.15825896935659553 0.3471306333545444
3 0.46328125 0.3109375 0.0484375 0.2875
1 0.47578125 0.29140625 0.0734375 0.2734375
3 0.5859623094210875 0.28804051392427626 0.0859203610435351 0.26660679201145393
1 0.700796969062008 0.28514168590868605 0.08427604781181834 0.25252611067790875
1 0.8156043576256895 0.2775553578930959 0.09682149960721649 0.260484061346272
0 0.638915113479422 0.39211893925050384 0.022111349336070063 0.04087953866963616
3 0.60390625 0.8546875 0.1671875 0.290625
5 0.76484375 0.8546875 0.1703125 0.290625
0 0.83046875 0.9515625 0.0453125 0.096875
1 0.92734375 0.8546875 0.1453125 0.290625