5 0.20859375 0.15546875 0.1734375 0.3109375
5 0.47109375 0.14609375 0.0765625 0.2921875
7 0.35390625 0.15078125 0.1578125 0.3015625
4 0.6575156803771177 0.16049986012090742 0.12805749050069473 0.26917120031656916
2 0.96640625 0.15546875 0.0671875 0.2828125
0 0.8082586031547914 0.2672990925699302 0.04400587955902786 0.07935253087881247
1 0.7606588641727081 0.16271924115800437 0.11439503400368078 0.285949523356965
1 0.8651645262168053 0.17357783630172402 0.1285666367772224 0.2910462003165691
1 0.0328125 0.8484375 0.065625 0.303125
2 0.08828125 0.8515625 0.1171875 0.296875
2 0.28203125 0.83828125 0.0953125 0.3234375
1 0.4265625 0.83203125 0.165625 0.3359375
1 0.73046875 0.55546875 0.0984375 0.1109375
2 0.83671875 0.55078125 0.0765625 0.1015625
0 0.6798770703853816 0.5526311873179385 0.0344490416031249 0.07126724623907635
4 0.63828125 0.5625 0.0890625 0.125