2 0.19921875 0.09453125 0.1015625 0.1890625
7 0.30078125 0.11796875 0.1859375 0.2359375
8 0.46015625 0.128125 0.0984375 0.25625
0 0.49453125 0.25234375 0.0296875 0.0984375
2 0.55390625 0.10859375 0.0890625 0.2171875
3 0.57265625 0.11171875 0.1265625 0.2234375
4 0.65859375 0.1359375 0.2296875 0.271875
0 0.7023508292190968 0.22186119740608756 0.08397756933854161 0.11813292934436319
1 0.8359375 0.14296875 0.240625 0.2859375
1 0.9421875 0.159375 0.115625 0.31875
6 0.11423388658979121 0.8502760040579064 0.12453244699770849 0.2498192813494537
8 0.2359375 0.875 0.10625 0.25
0 0.25703125 0.9703125 0.0453125 0.059375
1 0.34140625 0.8828125 0.1421875 0.234375
1 0.43828125 0.89296875 0.1421875 0.2140625
0 0.6870531375397217 0.6937361974060876 0.04531380642076392 0.0676965773392725
1 0.8712839735957635 0.6349259134309045 0.16105182845659732 0.27523745202099903
1 0.7590930981207983 0.6203356074156325 0.14241093123013898 0.2797067760184538
7 0.6512994351267704 0.5846970047342241 0.1310733877271531 0.2623920066836355
3 0.5671875 0.56015625 0.115625 0.2921875
3 0.5421875 0.53828125 0.065625 0.2734375