2 0.0203125 0.40234375 0.040625 0.3234375
7 0.0609375 0.39453125 0.121875 0.3640625
8 0.22512343793763917 0.3709895016444625 0.12422148671227048 0.34013890507947586
0 0.29365416725018567 0.5216591350395741 0.05112724267981754 0.0986210384745874
1 0.3680921879376392 0.36599692288118923 0.165191932049634 0.3712450613400781
1 0.475 0.353125 0.05 0.3625
2 0.5598347926082299 0.25116565199943297 0.09184533871736127 0.37649306733052795
9 0.6880143366088662 0.24200392840830282 0.16052261338317955 0.37264387023308565
7 0.8555018286123662 0.21038436225890128 0.14309875604708874 0.35173116950744615
0 0.9396939205920034 0.35738335863070425 0.05948518268618095 0.1457688569862416
1 0.96484375 0.20625 0.0703125 0.35
0 0.2859375 0.771875 0.06875 0.065625
8 0.38359375 0.8375 0.1734375 0.196875
1 0.20234375 0.83515625 0.1984375 0.1921875
10 0.07421875 0.84375 0.1484375 0.209375
6 0.04921875 0.8453125 0.0984375 0.2125
5 0.78828125 0.80234375 0.1359375 0.1265625
1 0.89765625 0.8015625 0.1296875 0.125
0 0.96875 0.76015625 0.0625 0.0421875