2 0.39453125 0.21043086046989518 0.1390625 0.3282367156150695
0 0.16640625 0.3102717787822565 0.059375 0.08106946846486114
5 0.04296875 0.184375 0.0859375 0.353125
1 0.1140625 0.18805259308680505 0.1375 0.321950348023889
1 0.2453125 0.21468521542763827 0.1546875 0.34110039152687505
3 0.5453125 0.11953125 0.153125 0.2390625
9 0.69921875 0.1109375 0.1984375 0.221875
1 0.86875 0.1046875 0.2 0.209375
0 0.903125 0.09017552469819386 0.034375 0.0898625870059723
1 0.159375 0.55 0.090625 0.121875
1 0.259375 0.5484375 0.09375 0.11875
4 0.35703125 0.55 0.0953125 0.121875
8 0.44296875 0.54453125 0.0515625 0.1109375
3 0.53046875 0.621875 0.1234375 0.265625
8 0.5203125 0.603125 0.103125 0.228125
0 0.55546875 0.6449228017680204 0.075 0.1439331443766667
1 0.70078125 0.61875 0.2421875 0.259375
2 0.91796875 0.625 0.1640625 0.271875