6 0.05078125 0.3796875 0.1015625 0.41875
6 0.16640625 0.3890625 0.1484375 0.4
2 0.4862525355641806 0.3811649599154864 0.11912703375008196 0.3712229962002779
3 0.6128968811176768 0.3864544848011115 0.15070441596406708 0.381325348023889
6 0.76171875 0.4 0.1578125 0.378125
0 0.83515625 0.54140625 0.0703125 0.0953125
1 0.9203125 0.40390625 0.159375 0.3703125
6 0.178125 0.70703125 0.121875 0.2359375
5 0.26640625 0.69609375 0.0453125 0.2140625
3 0.62578125 0.91171875 0.1015625 0.1765625
3 0.7921875 0.921875 0.0875 0.15625
1 0.88046875 0.91953125 0.0828125 0.1609375
5 0.72578125 0.91328125 0.0953125 0.1734375
2 0.98046875 0.9375 0.0390625 0.125