1 0.521875 0.26171875 0.175 0.1140625
10 0.365625 0.25078125 0.178125 0.1359375
4 0.20625 0.24453125 0.153125 0.1484375
0 0.9765625 0.06953125 0.046875 0.1078125
5 0.8953125 0.1015625 0.209375 0.203125
6 0.7359375 0.1109375 0.171875 0.221875
5 0.24093988928232052 0.6380915735195136 0.13376011871417964 0.35301851006798624
6 0.4003239799490933 0.6336008292190967 0.12591125604708875 0.3497116721120834
0 0.442246755927776 0.7896137866660411 0.05136360001590834 0.11835126291777787
1 0.5329183039465478 0.6492595839687494 0.14291694271163422 0.3344867156150695
1 0.625 0.659375 0.05 0.321875
5 0.8446001439370029 0.5561369779641665 0.2569078120623608 0.4652301821800696
7 0.96171875 0.54375 0.0765625 0.45