10 0.48828125 0.2265625 0.1421875 0.365625
4 0.34297789494534764 0.22053313027406213 0.14466572188333374 0.3757908612399268
0 0.54453125 0.36328125 0.0296875 0.1390625
6 0.70390625 0.08828125 0.0765625 0.1765625
3 0.5796875 0.065625 0.040625 0.13125
0 0.7394346676467712 0.1400461995559029 0.030923998100139016 0.0532977168225127
1 0.628125 0.0703125 0.096875 0.140625
1 0.7828125 0.0828125 0.075 0.165625
1 0.8640625 0.084375 0.0875 0.16875
0 0.3874942272016672 0.8154820159108775 0.040080792553055564 0.04397725897699054
10 0.34921875 0.76328125 0.0703125 0.1484375
6 0.41953125 0.7609375 0.0765625 0.14375
3 0.19921875 0.7625 0.0984375 0.146875
1 0.28046875 0.76640625 0.0796875 0.1546875
1 0.4953125 0.76015625 0.084375 0.1421875
8 0.5984375 0.8265625 0.078125 0.275
2 0.765625 0.82890625 0.078125 0.2796875
0 0.8140028290252783 0.9456558501216371 0.042552482332569495 0.08304884933607007
1 0.9171875 0.83046875 0.165625 0.2828125