0 0.40813260334309087 0.09125435362656305 0.05042724687674216 0.07460126291777769
5 0.228125 0.084375 0.171875 0.16875
8 0.36015625 0.08671875 0.1453125 0.1734375
5 0.52890625 0.09296875 0.0796875 0.1859375
10 0.57421875 0.103125 0.1359375 0.20625
0 0.6293717990883647 0.18589274676895878 0.06777837334017515 0.10312630642076392
1 0.7203125 0.11171875 0.15625 0.2234375
1 0.2644558470965749 0.7287374762517367 0.17561918617910824 0.37903680262104195
1 0.4089234645830174 0.7430389784359381 0.15815897540671955 0.3317617591180557
6 0.11692231694414978 0.7042069888851741 0.15517942115199368 0.35668902393569457
5 0.0421875 0.67265625 0.084375 0.3703125
0 0.17543827801112588 0.8532452073500352 0.05519656010845857 0.08877286569131951
4 0.55390625 0.69296875 0.1296875 0.5453125
3 0.6066706181738137 0.722554985751042 0.20309072208707005 0.5359050516711112
0 0.6609375 0.93828125 0.0875 0.1234375
1 0.82265625 0.74453125 0.2546875 0.5109375
1 0.96015625 0.7453125 0.0796875 0.509375