0 0.3515625 0.07444813822973995 0.05625 0.07819920783841657
5 0.1890625 0.0875 0.20625 0.175
8 0.31875 0.08828125 0.18125 0.1765625
1 0.46484375 0.0796875 0.1953125 0.159375
2 0.5671875 0.078125 0.065625 0.15625
4 0.61640625 0.05703125 0.0328125 0.1140625
4 0.615625 0.06015625 0.03125 0.1203125
9 0.8546875 0.19120138070789255 0.1234375 0.2489041644231918
8 0.94609375 0.2015625 0.1078125 0.24375
4 0.9828125 0.225 0.034375 0.259375
1 0.034375 0.5703125 0.06875 0.26875
1 0.0390625 0.59296875 0.078125 0.2765625
4 0.1046875 0.6189292271052534 0.1328125 0.2679269490629279
2 0.2046875 0.6402382742814019 0.1171875 0.2643473079967011
9 0.2734375 0.6624566035900038 0.121875 0.25510870031656907
7 0.34921875 0.6868140944188038 0.1234375 0.2489041644231918
0 0.36953125 0.780754311032709 0.0359375 0.0572956744523216
6 0.434375 0.6960550506078678 0.11875 0.24251777210332365
3 0.66484375 0.6703125 0.1296875 0.503125
3 0.8046875 0.7253945242814017 0.253125 0.4901776852728744
0 0.8578125 0.9058799946562306 0.0734375 0.10838681301126592
1 0.928125 0.76171875 0.14375 0.4765625
1 0.6828125 0.69140625 0.165625 0.4921875