7 0.09375 0.2984375 0.1875 0.421875
4 0.34609375 0.30625 0.1796875 0.40625
4 0.53828125 0.31875 0.1015625 0.38125
6 0.64765625 0.11328125 0.1171875 0.2265625
6 0.6296875 0.10703125 0.08125 0.2140625
0 0.6449042077966586 0.17971831142842037 0.05574325973923262 0.15154577962517113
1 0.75859375 0.11875 0.2078125 0.2375
2 0.965625 0.1265625 0.06875 0.253125
2 0.21328125 0.61015625 0.0328125 0.2015625
10 0.3125 0.61171875 0.09375 0.2046875
5 0.4328125 0.60234375 0.0875 0.1859375
6 0.55 0.60859375 0.078125 0.1984375
0 0.4817338263021892 0.6838314984171543 0.0209670649348082 0.038091033386094965
4 0.94921875 0.68046875 0.1015625 0.3140625