7 0.04453125 0.12890625 0.0890625 0.2578125
4 0.04140625 0.12890625 0.0828125 0.2578125
0 0.061055576472115194 0.19843278807286033 0.08855769780928675 0.14473179201145392
4 0.2171875 0.12421875 0.175 0.2484375
4 0.43203125 0.1 0.0640625 0.2
8 0.56171875 0.0875 0.1015625 0.175
0 0.5911726369760987 0.11103278540736028 0.04330738229073816 0.09266021467218159
1 0.690625 0.0953125 0.140625 0.190625
1 0.81171875 0.0828125 0.1390625 0.165625
6 0.36171875 0.5546875 0.0765625 0.209375
5 0.44453125 0.62421875 0.0890625 0.3484375
3 0.440625 0.625 0.08125 0.35
6 0.56484375 0.6015625 0.1390625 0.303125
0 0.6369852421489481 0.6894305054105418 0.04629598997087001 0.0880090773392725
1 0.71953125 0.59296875 0.1609375 0.2859375
2 0.90078125 0.584375 0.1171875 0.26875