5 0.028125 0.13984375 0.05625 0.2796875
8 0.02421875 0.13515625 0.0484375 0.2703125
0 0.01484375 0.296875 0.0296875 0.16875
1 0.02890625 0.1375 0.0578125 0.275
1 0.10859375 0.1453125 0.1265625 0.290625
5 0.47421875 0.09921875 0.0703125 0.1984375
6 0.55859375 0.10390625 0.0984375 0.2078125
0 0.6084093745979058 0.16796875 0.038972771103318316 0.084375
1 0.6703125 0.09921875 0.103125 0.1984375
1 0.7828125 0.10234375 0.1125 0.2046875
6 0.0234375 0.60703125 0.046875 0.1765625
9 0.021875 0.59609375 0.04375 0.1546875
0 0.00703125 0.66171875 0.0140625 0.0734375
1 0.028125 0.60703125 0.05625 0.1765625
2 0.10703125 0.5984375 0.0828125 0.159375
1 0.475 0.92265625 0.071875 0.1546875
4 0.57265625 0.925 0.0859375 0.15
6 0.67265625 0.92890625 0.0921875 0.1421875
6 0.77890625 0.93125 0.0890625 0.1375
7 0.8734375 0.93515625 0.090625 0.1296875
8 0.96796875 0.9390625 0.0640625 0.121875