2 0.2507865092695939 0.26015625 0.0877203653723619 0.2875
9 0.3516404846037756 0.25390625 0.12839990937299817 0.2921875
8 0.48125 0.2578125 0.096875 0.290625
0 0.5171875 0.39140625 0.025 0.0640625
5 0.5828125 0.37421875 0.10625 0.3546875
9 0.5875 0.3671875 0.115625 0.384375
0 0.6297820239099587 0.51953125 0.06053860534690845 0.1
1 0.74453125 0.37890625 0.2078125 0.4015625
1 0.9140625 0.37265625 0.171875 0.3890625
5 0.04765625 0.8640625 0.0953125 0.271875
1 0.1046875 0.859375 0.165625 0.28125
1 0.27421875 0.859375 0.1703125 0.28125
2 0.45859375 0.85625 0.1421875 0.2875
7 0.565625 0.7328125 0.071875 0.30625
4 0.59453125 0.721875 0.1296875 0.284375
0 0.6515303019175948 0.82734375 0.03499316534054522 0.053125
1 0.7390625 0.7234375 0.121875 0.2875
1 0.865625 0.725 0.1375 0.290625