2 0.0203125 0.09453125 0.040625 0.1890625
2 0.10703125 0.08828125 0.0578125 0.1765625
3 0.21484375 0.0890625 0.1109375 0.178125
0 0.29609375 0.0171875 0.0453125 0.034375
1 0.38359375 0.08828125 0.1328125 0.1765625
10 0.5734375 0.1265625 0.0875 0.253125
10 0.7578125 0.12421875 0.2125 0.2484375
10 0.92734375 0.11328125 0.1453125 0.2265625
2 0.13788283684303818 0.5714684243931941 0.031196499607216488 0.26006598423243066
9 0.23156011397040127 0.5567863689223607 0.08593854176169416 0.2707138499237501
1 0.3596714784317818 0.5514604764455551 0.08750104176169415 0.27075021751493067
1 0.4846214814568439 0.5399573191511106 0.08594763212077386 0.27227634992375005
0 0.4204685987468949 0.6602165741851037 0.022156801131468208 0.04894664627652787
3 0.692079978333586 0.7463788118360066 0.1473760115110732 0.3580696859797918
2 0.8857981620768072 0.7364004805296176 0.07547374043383429 0.3517092767854862
6 0.96796875 0.73125 0.0640625 0.371875