5 0.04921875 0.07421875 0.0984375 0.1484375
6 0.20078125 0.08203125 0.1015625 0.1640625
0 0.2609375 0.10711514675510507 0.04375 0.08619203005422929
1 0.35390625 0.084375 0.1234375 0.16875
1 0.515625 0.08515625 0.134375 0.1703125
3 0.6875 0.21484375 0.05625 0.2203125
10 0.7046875 0.2078125 0.090625 0.23125
0 0.75625 0.29267137255460823 0.028125 0.05953862646343318
1 0.8203125 0.19851282727687253 0.0984375 0.21776019262201593
1 0.94140625 0.20156108010554297 0.1109375 0.23033291549465282
0 0.44765625 0.6929208365484506 0.0296875 0.0642352168225127
1 0.50234375 0.6244889991162372 0.0859375 0.19581246974937888
1 0.57890625 0.6202469267111385 0.0828125 0.21610678903121974
9 0.4109375 0.6247384631100796 0.078125 0.22545451795398092
6 0.3203125 0.6148362222834617 0.0765625 0.2191954275949013
9 0.95625 0.60625 0.0875 0.453125
6 0.80390625 0.615625 0.2046875 0.471875