4 0.43671875 0.2609375 0.1265625 0.05625
1 0.51796875 0.2390625 0.0828125 0.1
2 0.59296875 0.0859375 0.0671875 0.171875
2 0.58984375 0.071875 0.0609375 0.14375
5 0.59453125 0.0671875 0.0703125 0.134375
0 0.5765625 0.08359375 0.034375 0.0765625
1 0.62578125 0.06484375 0.1328125 0.1296875
3 0.72265625 0.06875 0.1609375 0.1375
1 0.0765625 0.51171875 0.153125 0.2671875
1 0.16841017178488088 0.4879104719935275 0.16229170199158371 0.2651728068171334
0 0.23561254075202206 0.5782002812462927 0.07385914065150559 0.10278980925276535
1 0.27938487731984374 0.46639575648952647 0.17462801088459123 0.26070349512873603
2 0.40787446506879166 0.4358060499139792 0.15113594718226048 0.258731892044481
1 0.6969518340359329 0.5934979987788888 0.20262901451278825 0.3470773717519414
8 0.6125 0.61953125 0.10625 0.3484375
0 0.7792062841286002 0.7004667934211574 0.07805556733052796 0.0888091298696164
6 0.833789635124392 0.5700895466675683 0.20128476932211167 0.35330009821299113