6 0.0484375 0.37578125 0.096875 0.3265625
8 0.13002705032760692 0.41505306656295654 0.15986947240056465 0.29957508035608366
0 0.14577300690315412 0.5420831708650276 0.06764324188232518 0.1167704886359143
1 0.23936509415909663 0.46000528206695757 0.17423198132901838 0.31700804220663664
1 0.31953125 0.496875 0.0984375 0.334375
2 0.4958293283307841 0.3276868490270653 0.21237863798399587 0.44419783360249454
2 0.6872531692401745 0.3680822037361735 0.2185740909060952 0.4411819277582959
5 0.8109809955390684 0.39403895738962147 0.22921158197764147 0.42418534253094825
0 0.8610922694850558 0.5657679070653099 0.08685689204448081 0.1436602711033183
1 0.93046875 0.42578125 0.1390625 0.4984375
9 0.059375 0.78828125 0.11875 0.1765625
5 0.16015625 0.77890625 0.1671875 0.1578125
1 0.278125 0.77734375 0.18125 0.1546875
0 0.18125 0.72578125 0.065625 0.0515625
4 0.590625 0.7546875 0.109375 0.109375
7 0.66640625 0.7609375 0.1296875 0.121875
0 0.69765625 0.72265625 0.0546875 0.0453125
1 0.7609375 0.7515625 0.121875 0.103125
1 0.85078125 0.7609375 0.1265625 0.121875