7 0.1125 0.12109375 0.225 0.2421875
8 0.24453125 0.13203125 0.2328125 0.2640625
0 0.2437640910535915 0.21945359858373106 0.07496655925034226 0.10708634134309047
1 0.36328125 0.15546875 0.2328125 0.3109375
1 0.4578125 0.171875 0.1625 0.34375
5 0.59375 0.084375 0.109375 0.16875
9 0.67734375 0.09375 0.1515625 0.1875
0 0.7061648026529317 0.15510928791377676 0.052773310503983595 0.09589430267345414
1 0.77890625 0.1046875 0.1421875 0.209375
1 0.86953125 0.10234375 0.1296875 0.2046875
2 0.0390625 0.67890625 0.078125 0.1984375
3 0.08046875 0.678125 0.1609375 0.196875
6 0.23671875 0.6796875 0.2109375 0.2
0 0.28326319708437087 0.7118598219287305 0.04056281551854859 0.052017033338636054
1 0.425 0.68125 0.228125 0.203125
10 0.7594154862764535 0.774224556612048 0.17816107007089502 0.325401084022908
6 0.8988356874509524 0.8139944865929578 0.16529735721791355 0.31275563335454437
0 0.9299228999082224 0.9534291565881855 0.045341243731793844 0.05519657733927232
1 0.9703125 0.8453125 0.059375 0.309375