7 0.05390625 0.1109375 0.1078125 0.221875
8 0.14921875 0.10703125 0.1546875 0.2140625
0 0.19151417940037962 0.17538828103618798 0.05598923871722903 0.09874657220870695
1 0.27890625 0.1171875 0.1578125 0.234375
1 0.39765625 0.11953125 0.1234375 0.2390625
7 0.8181305036944166 0.338838223560008 0.08174540815498563 0.17857042759490122
10 0.8932441639609735 0.34230813632418633 0.06294994404836292 0.17689884328594588
0 0.9248184243858146 0.4069791695016736 0.01993206677218957 0.04073408430895533
1 0.9605680562808414 0.34660475088376275 0.05955215940862679 0.16750566256778665
7 0.4125 0.7328125 0.09375 0.31875
6 0.48046875 0.53359375 0.0421875 0.1296875
1 0.56640625 0.53515625 0.1078125 0.1328125
0 0.6242561347315136 0.561421229806524 0.016534282132453625 0.03134090359079611
1 0.6828125 0.53359375 0.10625 0.1296875
1 0.84296875 0.53203125 0.0484375 0.1265625