8 0.10671062577606208 0.39414743441494454 0.19466007766965596 0.43059208511458974
5 0.2698509752103281 0.3746796835570147 0.1867112222834617 0.4069272645814763
0 0.35901399004105095 0.5288109055811961 0.06473518657189174 0.11748902837152997
6 0.43359375 0.38671875 0.2078125 0.4859375
4 0.58671875 0.359375 0.1640625 0.4625
8 0.9890625 0.4796875 0.021875 0.28125
2 0.10078125 0.7234375 0.0671875 0.1875
6 0.16953125 0.72109375 0.0953125 0.1828125
1 0.2484375 0.72109375 0.090625 0.1828125
0 0.2948014991162372 0.7761368834778724 0.03625566256778665 0.055733174452321774
1 0.3421875 0.72109375 0.096875 0.1828125
2 0.43359375 0.70625 0.0640625 0.153125
1 0.690625 0.9234375 0.04375 0.153125
2 0.69375 0.93046875 0.05 0.1390625
4 0.6953125 0.91796875 0.053125 0.1640625
1 0.73828125 0.921875 0.1203125 0.15625
1 0.83671875 0.9203125 0.1203125 0.159375