8 0.0640625 0.165625 0.128125 0.33125
5 0.13984375 0.1765625 0.2453125 0.353125
0 0.17640434142263225 0.3165776785424498 0.08108746268299924 0.12263116943775679
6 0.2921875 0.23046875 0.278125 0.4609375
4 0.4203125 0.234375 0.178125 0.46875
3 0.7103413473901792 0.3524276326864496 0.28327031739336095 0.4502801109788372
3 0.8765625 0.38828125 0.246875 0.4421875
3 0.03359375 0.7734375 0.0671875 0.25625
2 0.10558166939845162 0.8269743062808415 0.08550333736472596 0.23365959765100203
4 0.1886759800684059 0.8536026539318435 0.1358306013685439 0.2632394490629279
0 0.20792651408335985 0.9642817411580044 0.028634077339272323 0.044568353919208194
1 0.29375 0.87890625 0.1375 0.2421875
1 0.39609375 0.8984375 0.1390625 0.203125
7 0.57421875 0.8046875 0.1296875 0.390625
9 0.590625 0.8046875 0.1625 0.390625
1 0.728125 0.828125 0.225 0.34375
2 0.93359375 0.86015625 0.1328125 0.2796875
0 0.5953125 0.98203125 0.05625 0.0359375