5 0.4171036602411453 0.19837769672976985 0.14662565254479176 0.25944882001909003
5 0.5089826889264926 0.17912880474217835 0.11780966831236128 0.22943405601527206
0 0.5797478241851037 0.26122423675204154 0.05875936379145834 0.10846702800763594
1 0.6163048796559372 0.16787422609004138 0.12740287385944454 0.2389181440165448
1 0.66796875 0.1453125 0.0640625 0.290625
1 0.73125 0.06484375 0.0625 0.1296875
1 0.7296875 0.0609375 0.059375 0.121875
5 0.72578125 0.05703125 0.0515625 0.1140625
3 0.725 0.0578125 0.05 0.115625
2 0.7390625 0.053125 0.06875 0.10625
1 0.7921875 0.04921875 0.0875 0.0984375
6 0.865625 0.05 0.084375 0.1
0 0.8390625 0.00625 0.01875 0.0125
3 0.1203125 0.88046875 0.184375 0.2390625
2 0.28046875 0.8640625 0.1734375 0.271875
9 0.3703125 0.8515625 0.16875 0.296875
0 0.44921875 0.959375 0.0578125 0.08125
1 0.49921875 0.8390625 0.1984375 0.321875
1 0.615625 0.8046875 0.16875 0.30625
2 0.73359375 0.54765625 0.0671875 0.1578125
6 0.7390625 0.55078125 0.078125 0.1640625
4 0.7421875 0.55 0.084375 0.1625
7 0.853125 0.5453125 0.190625 0.153125
0 0.7925965823532287 0.5368696740929048 0.08430487765916687 0.13219542934436318