5 0.18046875 0.4328125 0.1296875 0.2125
5 0.275 0.44375 0.103125 0.190625
0 0.31953125 0.52265625 0.0515625 0.0328125
1 0.38125 0.45 0.1125 0.178125
1 0.478125 0.43984375 0.13125 0.1984375
2 0.7356359555078312 0.30193193328295687 0.09048059601642038 0.24478633601209038
3 0.8090143681738138 0.31123366060632096 0.10761355386194271 0.23561133068109025
1 0.9105359615579556 0.317083123925867 0.11545332493918145 0.24038973734881744
0 0.9521280430382404 0.41893597792014 0.05048178903121965 0.08339430267345413
1 0.97734375 0.33203125 0.0453125 0.2140625
3 0.32768255494209714 0.8039484192791388 0.181851005460949 0.3739658533577261
2 0.48147517545360197 0.8216888079249125 0.1254282886384363 0.3436238253500902
0 0.51015625 0.9546875 0.0546875 0.090625
1 0.5765625 0.8296875 0.125 0.340625
2 0.68671875 0.83046875 0.0953125 0.3390625
7 0.7796875 0.83984375 0.171875 0.3203125
6 0.9066978892510527 0.8520666512571854 0.1313873971478884 0.293696550684272
0 0.95078125 0.9671875 0.0734375 0.065625
0 0.98203125 0.85234375 0.0359375 0.2953125