8 0.21015625 0.3125 0.1015625 0.053125
1 0.43828125 0.309375 0.1203125 0.059375
2 0.584375 0.31015625 0.1 0.0578125
3 0.6953125 0.0890625 0.071875 0.178125
4 0.68671875 0.08359375 0.0546875 0.1671875
1 0.324118686076701 0.7016008022116227 0.1691202080156252 0.35249880698520075
1 0.4668692305296176 0.7101440343558376 0.16476001633625045 0.3665340359079618
2 0.1897618698722912 0.7016013230924697 0.11119860524208355 0.34747496369925485
0 0.2381785732351731 0.8364575912428425 0.03953658510611113 0.08771816861791085
5 0.053125 0.70703125 0.10625 0.3796875
5 0.70625 0.48359375 0.09375 0.2890625
10 0.815625 0.50078125 0.16875 0.3234375
3 0.70234375 0.490625 0.0859375 0.303125
3 0.70234375 0.48515625 0.0859375 0.2921875
3 0.6953125 0.490625 0.071875 0.303125
0 0.68046875 0.5875 0.0421875 0.1125