4 0.4078125 0.1265625 0.121875 0.253125
8 0.55 0.12734375 0.096875 0.2546875
0 0.590625 0.2078125 0.01875 0.08125
5 0.784375 0.40546875 0.1375 0.1890625
7 0.9046875 0.40390625 0.115625 0.1921875
3 0.03359375 0.83671875 0.0671875 0.2984375
3 0.35078125 0.8005856946260757 0.1015625 0.26955139342673623
2 0.09453125 0.8315499795796871 0.0625 0.2405172036472223
2 0.2765625 0.8109069052071523 0.0515625 0.23401263050895835
9 0.16484375 0.826007187976562 0.103125 0.2758377610179167
6 0.0171875 0.79453125 0.034375 0.1640625
9 0.66796875 0.58125 0.1359375 0.1625
10 0.80078125 0.58828125 0.1359375 0.1765625
1 0.9390625 0.58203125 0.121875 0.1640625
0 0.86796875 0.6095457333794092 0.0578125 0.08103310087368065