4 0.30234375 0.109375 0.1953125 0.21875
8 0.42109375 0.09140625 0.1359375 0.1828125
4 0.73671875 0.08515625 0.2078125 0.1703125
6 0.88203125 0.08046875 0.1953125 0.1609375
4 0.9578125 0.0703125 0.084375 0.140625
6 0.24452826746300155 0.7645683360390266 0.19575896935659554 0.3509500492212124
6 0.40546875 0.72109375 0.1671875 0.3453125
6 0.53203125 0.78046875 0.0859375 0.1984375
1 0.5960731076256895 0.7569316807870348 0.11831470452587248 0.1971598079967011
0 0.6479719509116354 0.8132438652684864 0.036319295081343836 0.06667067445232178
1 0.6725401588553535 0.7382976895625235 0.10901242739850954 0.20938702335696496
1 0.7419032372123805 0.7073682868178142 0.11518970452587247 0.19706887978345566