1 0.2296875 0.15234375 0.278125 0.3046875
1 0.07265625 0.159375 0.1453125 0.31875
0 0.1203125 0.25234375 0.084375 0.1328125
7 0.07734375 0.159375 0.1546875 0.31875
7 0.59765625 0.046875 0.0796875 0.09375
7 0.684375 0.0484375 0.08125 0.096875
0 0.73125 0.0140625 0.01875 0.028125
1 0.77109375 0.04921875 0.0859375 0.0984375
1 0.85703125 0.0515625 0.0921875 0.103125
7 0.1262286595755553 0.6762756243066723 0.10752678495361145 0.2592051669304743
7 0.21941561512263857 0.6696057386507219 0.09818815254479177 0.26049488229073814
10 0.30847811512263856 0.6721971927282147 0.10756315254479176 0.26076766693047426
9 0.384375 0.66875 0.090625 0.253125
0 0.42734375 0.77265625 0.0046875 0.0359375
2 0.00625 0.61171875 0.0125 0.1203125
9 0.015625 0.61640625 0.03125 0.1484375
3 0.5856906592912148 0.7841633659934022 0.11762913677722242 0.2907279515702104
1 0.7194480634515273 0.7810192971096415 0.12075413677722242 0.29081887978345583
7 0.849571974545694 0.7660428179593239 0.11584843123013915 0.2813074874635877
0 0.9195915741851037 0.8814381489172787 0.021185322188333446 0.038091033386094965
1 0.95859375 0.75859375 0.0828125 0.2921875