1 0.36484375 0.34765625 0.3078125 0.5640625
1 0.48515625 0.3640625 0.0671875 0.53125
1 0.15625 0.3046875 0.3125 0.6
0 0.20327305014950953 0.540934607746639 0.10089085518980259 0.15603470282385173
7 0.090625 0.296875 0.18125 0.59375
0 0.9461185594210875 0.2021819963055833 0.03311248184962743 0.052517246239076346
2 0.8173572342855143 0.09653505304864315 0.07594539734428025 0.16468227711788863
7 0.97265625 0.153125 0.0546875 0.175
7 0.8698100685944696 0.1137620054767833 0.08841812626704142 0.16035848997087018
9 0.9332140384420444 0.13301445915856477 0.10104539129415606 0.18259720282385156
5 0.11953125 0.91484375 0.2390625 0.1703125
9 0.26171875 0.94453125 0.2703125 0.1109375
2 0.7875 0.94375 0.128125 0.1125
5 0.8984375 0.95078125 0.178125 0.0984375