7 0.0234375 0.2265625 0.046875 0.234375
7 0.025 0.21171875 0.05 0.2265625
1 0.12076509862332348 0.1984355592246958 0.10102057792045152 0.23806360226293624
1 0.23667647078230214 0.18270199579658755 0.1009933043815014 0.23650110226293625
0 0.06729345089679972 0.3075105773750684 0.01935001785690744 0.03448408430895533
8 0.77578125 0.07890625 0.1140625 0.1578125
4 0.91875 0.078125 0.109375 0.15625
0 0.9875 0.0515625 0.025 0.046875
2 0.03203125 0.60234375 0.0640625 0.3265625
6 0.06796875 0.60703125 0.1359375 0.3359375
4 0.1921875 0.58515625 0.13125 0.2921875
0 0.260125833202048 0.688701490041051 0.052871629869616396 0.07529998184962743
1 0.31875 0.584375 0.140625 0.290625
6 0.46328125 0.76328125 0.1484375 0.4265625
4 0.5865537398570255 0.7256333425985748 0.15602745210802524 0.3461851744716434
0 0.6522178758157218 0.8580600232185382 0.05974892126547413 0.11127384328594588
1 0.7374168104738766 0.7218230622497579 0.18461610227018105 0.3729113009350765
2 0.8974054651002593 0.687594028875879 0.12242401947846523 0.30068177693097126