7 0.15625 0.37421875 0.2 0.3109375
4 0.29453125 0.39140625 0.1671875 0.2765625
0 0.328125 0.51953125 0.05 0.0203125
1 0.4203125 0.38671875 0.1875 0.2859375
1 0.54140625 0.409375 0.1546875 0.240625
9 0.66328125 0.40234375 0.0890625 0.2546875
5 0.7171875 0.4140625 0.159375 0.23125
9 0.83203125 0.4265625 0.1640625 0.20625
3 0.94453125 0.440625 0.1109375 0.178125
2 0.36875 0.8625 0.125 0.275
8 0.46875 0.878125 0.159375 0.24375
8 0.56796875 0.88515625 0.1015625 0.2296875
4 0.66953125 0.634375 0.1015625 0.209375
8 0.7890625 0.6203125 0.165625 0.18125
0 0.7886242984962967 0.6758586872613215 0.060676738717228854 0.09911020934118149
1 0.90078125 0.65625 0.1984375 0.253125
1 0.965625 0.640625 0.06875 0.221875