5 0.05234375 0.109375 0.1046875 0.21875
3 0.0734375 0.115625 0.146875 0.23125
6 0.22265625 0.096875 0.1640625 0.19375
0 0.28933050807604194 0.13015528859009445 0.05107269867918127 0.09276930267345414
1 0.37734375 0.09453125 0.1859375 0.1890625
5 0.56953125 0.184375 0.1015625 0.36875
4 0.5671875 0.18359375 0.096875 0.3671875
0 0.5852895401018134 0.32317858259073073 0.0826317813494537 0.1196954293443632
1 0.69375 0.19765625 0.2 0.3953125
1 0.8546875 0.2015625 0.203125 0.403125
5 0.40743452339272446 0.6673376625955033 0.18792036004136178 0.30683289735836256
7 0.49375 0.68671875 0.05 0.3796875
2 0.534375 0.5125 0.03125 0.1875
7 0.54921875 0.5171875 0.0609375 0.196875
8 0.61328125 0.52578125 0.1015625 0.2140625
9 0.740625 0.5296875 0.11875 0.221875
9 0.8875 0.534375 0.121875 0.23125
0 0.6529026594127691 0.6208802859245944 0.025472714672181596 0.04091590133672725