5 0.04609375 0.340625 0.0921875 0.31875
3 0.09765625 0.34140625 0.1703125 0.3171875
6 0.2703125 0.334375 0.14375 0.33125
0 0.34296875 0.46015625 0.0453125 0.0796875
1 0.4234375 0.32265625 0.165625 0.3546875
2 0.58125 0.3109375 0.075 0.35
1 0.02421875 0.82421875 0.0484375 0.2828125
2 0.0078125 0.81875 0.015625 0.25
5 0.021875 0.81796875 0.04375 0.2609375
5 0.0421875 0.815625 0.084375 0.253125
2 0.165724304617812 0.8085457422926575 0.027693814588889153 0.25038182954530475
9 0.2329118046178121 0.8073729801177929 0.086088196047778 0.2763909504864673
0 0.18547114732336753 0.9331502759778776 0.011592116641249994 0.028315914772652384
4 0.6703125 0.7625 0.103125 0.4125
4 0.65546875 0.74375 0.0734375 0.4125
0 0.6359375 0.90234375 0.034375 0.1140625
1 0.6671875 0.73828125 0.096875 0.4265625
1 0.77421875 0.73203125 0.1828125 0.4640625