5 0.07734375 0.4328125 0.1328125 0.153125
10 0.2125 0.4296875 0.115625 0.159375
1 0.34375 0.41953125 0.1375 0.1796875
7 0.5078125 0.26640625 0.115625 0.4859375
7 0.65 0.27734375 0.20625 0.4640625
0 0.75703125 0.47734375 0.0703125 0.0640625
8 0.196875 0.63984375 0.075 0.2609375
7 0.315625 0.634375 0.0875 0.25
1 0.42109375 0.63046875 0.0578125 0.2421875
0 0.3785194250345598 0.7340162994111783 0.016825401451278844 0.03455681333545435
2 0.484375 0.79765625 0.06875 0.4046875
8 0.571875 0.80390625 0.15 0.3921875
7 0.7203125 0.80625 0.16875 0.3875
0 0.81328125 0.96640625 0.0671875 0.0671875
0 0.90859375 0.80625 0.1671875 0.3875