5 0.25256847768216095 0.32537086122600734 0.17549447240056457 0.3008390674386806
10 0.38990483644845886 0.3379462092498963 0.15649901055001153 0.2863401563445141
0 0.42862068872193515 0.44826676662059073 0.07233074188232518 0.11726154160312507
1 0.5209366481368563 0.353501086909063 0.18193538717321686 0.31192203780340294
1 0.653125 0.39453125 0.06875 0.2890625
1 0.65390625 0.403125 0.0703125 0.271875
4 0.65 0.4171875 0.0625 0.24375
4 0.64921875 0.425 0.0609375 0.228125
2 0.6359375 0.44921875 0.034375 0.1796875
1 0.66640625 0.44609375 0.0953125 0.1859375
1 0.7390625 0.45390625 0.121875 0.1703125
4 0.146875 0.93125 0.065625 0.1375
1 0.20546875 0.940625 0.0765625 0.11875
1 0.28046875 0.94921875 0.0734375 0.1015625
1 0.34609375 0.95703125 0.0734375 0.0859375
7 0.67734375 0.6765625 0.1171875 0.275
10 0.725 0.7078125 0.2125 0.3375
1 0.90234375 0.71875 0.1953125 0.359375
0 0.7807928892084025 0.8146710569894449 0.0704136858759707 0.09691267401194459