7 0.159375 0.0765625 0.171875 0.153125
6 0.2796875 0.06953125 0.15625 0.1390625
0 0.33984375 0.03359375 0.0515625 0.0671875
1 0.38984375 0.07421875 0.1609375 0.1484375
1 0.46640625 0.07578125 0.0671875 0.1515625
7 0.54453125 0.09375 0.0890625 0.1875
10 0.540625 0.09765625 0.08125 0.1953125
1 0.5609375 0.09296875 0.121875 0.1859375
0 0.51328125 0.01875 0.0265625 0.0375
1 0.678125 0.09296875 0.2 0.1859375
10 0.04375 0.72890625 0.0875 0.3046875
6 0.0885035927029442 0.7115518339433662 0.1428767879384413 0.29375109468490823
0 0.14753996041220602 0.8030211712683212 0.05250052586424729 0.08651930267345431
1 0.20681332350261422 0.6984603932606851 0.14862668276559177 0.27663632001909005
2 0.3293248209953318 0.6751672492441404 0.11912103919208264 0.2825408746817266
4 0.559375 0.821875 0.11875 0.296875
4 0.7277108452102267 0.797350784571959 0.12238243151195079 0.2872647373488174
4 0.8902024850228122 0.7689065165500054 0.12220057508545992 0.28101473734881743
0 0.8555654090794225 0.8856763932209143 0.03963681301126627 0.0738738520050907
10 0.8062450221698307 0.7823792178946867 0.12339936223247853 0.26853291868236295
10 0.6415460246771132 0.8061632579169583 0.13515521615168674 0.29678518801718107