7 0.17109375 0.13046875 0.2015625 0.2609375
6 0.32265625 0.13046875 0.1859375 0.2609375
0 0.36909406249588084 0.22813782588856152 0.06405459172016936 0.09015344155801372
1 0.43671875 0.1484375 0.1453125 0.296875
10 0.5875 0.17265625 0.15625 0.3453125
6 0.7150223969124496 0.1921809606294418 0.16855472564697535 0.3497114480508353
0 0.7656690535674272 0.31958894033690227 0.06487279788867965 0.13702844155801372
1 0.8607303632272295 0.21737364975182344 0.19763429951023745 0.4048898717519414
2 0.97578125 0.228125 0.0484375 0.3875
4 0.12109375 0.8609375 0.2203125 0.278125
1 0.28046875 0.89296875 0.2140625 0.2140625
6 0.4234375 0.9078125 0.171875 0.184375