0 0.69921875 0.28828125 0.1015625 0.2234375
0 0.165625 0.34375 0.196875 0.1125
9 0.28046875 0.33984375 0.1859375 0.1203125
9 0.4265625 0.325 0.1875 0.15
1 0.565625 0.31484375 0.178125 0.1703125
5 0.7953125 0.3078125 0.090625 0.184375
2 0.81171875 0.29453125 0.1140625 0.2109375
7 0.921875 0.275 0.15625 0.25
0 0.5259331463734369 0.7179189179265034 0.08241506933854162 0.11811474801081764
1 0.58359375 0.57890625 0.2484375 0.3578125
1 0.684375 0.5515625 0.13125 0.303125
7 0.22578125 0.6296875 0.2828125 0.459375
2 0.10390625 0.66171875 0.2078125 0.4734375
10 0.39921875 0.60546875 0.2546875 0.4109375
4 0.80078125 0.62734375 0.1015625 0.3453125
7 0.796875 0.60078125 0.09375 0.3296875
0 0.77734375 0.69375 0.0546875 0.075
4 0.8390625 0.5734375 0.178125 0.346875
10 0.93671875 0.540625 0.1265625 0.28125