5 0.23828125 0.30546875 0.1296875 0.1671875
10 0.32421875 0.30078125 0.0890625 0.1765625
9 0.440625 0.3359375 0.1375 0.10625
3 0.5859375 0.3296875 0.128125 0.11875
1 0.71796875 0.31328125 0.1390625 0.1515625
1 0.853125 0.309375 0.125 0.159375
1 0.25 0.50546875 0.146875 0.2328125
1 0.33203125 0.48671875 0.0734375 0.1953125
2 0.025 0.51171875 0.05 0.2453125
10 0.0484375 0.51796875 0.096875 0.2578125
6 0.1328125 0.50390625 0.128125 0.2296875
6 0.53671875 0.5078125 0.1265625 0.2375
2 0.64765625 0.4984375 0.1046875 0.21875
0 0.699721364172708 0.561396246835139 0.034230836056041804 0.06208333774894799
1 0.74140625 0.48125 0.1140625 0.184375
1 0.84140625 0.47421875 0.1234375 0.1703125