5 0.4291072128761749 0.36462940539463357 0.16699904935917864 0.3096306333545444
10 0.525 0.35703125 0.15 0.3265625
7 0.57265625 0.35546875 0.0546875 0.3203125
5 0.7732614622432028 0.17207773138127055 0.15349705534962838 0.23606586401972632
10 0.8568998522617364 0.15196577339272457 0.14584824645662095 0.24066245735199915
0 0.933311074038768 0.2379765460693605 0.046205366604888456 0.07082157733927233
1 0.94296875 0.14296875 0.1140625 0.2546875
5 0.19375 0.728125 0.18125 0.2375
3 0.30703125 0.7109375 0.1734375 0.203125
0 0.38011664136929585 0.7449356180776328 0.05714286660488845 0.07094884667409058
3 0.4234375 0.70625 0.178125 0.19375
9 0.5234375 0.68125 0.153125 0.14375
3 0.64296875 0.878125 0.0859375 0.24375
2 0.63125 0.87109375 0.0625 0.2578125
4 0.6328125 0.85703125 0.065625 0.2421875
0 0.6542039273968125 0.960487892743451 0.04151786660488845 0.07076703333863606
1 0.7017559952754946 0.8462441267504506 0.18186015752654647 0.28793744668999893
2 0.8303522212288774 0.8165031774347226 0.14619547603820102 0.2953317760184537