3 0.04609375 0.08203125 0.0921875 0.1640625
2 0.03828125 0.08671875 0.0765625 0.1734375
6 0.0703125 0.08515625 0.140625 0.1703125
0 0.09765625 0.01953125 0.0640625 0.0390625
8 0.2078125 0.0890625 0.175 0.178125
2 0.47890625 0.2546875 0.1453125 0.128125
10 0.60234375 0.26640625 0.2140625 0.1046875
9 0.76171875 0.2625 0.2140625 0.1125
1 0.0651437295796871 0.6211417577073425 0.08383340539458359 0.17951595048646726
7 0.01953125 0.57890625 0.0390625 0.1546875
2 0.01953125 0.60390625 0.0390625 0.1546875
2 0.1398527888502427 0.6349508875769587 0.06911628875333342 0.15114548863591432
0 0.021883385639860718 0.6664991221556833 0.022966027735416717 0.04725682954530477
1 0.659375 0.390625 0.128125 0.14375
2 0.7609375 0.39609375 0.096875 0.1546875
6 0.55859375 0.38203125 0.1140625 0.1265625
9 0.46640625 0.38125 0.1203125 0.125
0 0.5933258938079857 0.42532074309684587 0.04673083605604163 0.06172843262955983