3 0.053125 0.31171875 0.10625 0.3359375
2 0.0515625 0.275 0.103125 0.353125
6 0.13835475689656357 0.2555757507855668 0.19662517856907477 0.34485902380771344
0 0.22681901338938532 0.3550712358566481 0.07019549756436802 0.08321247579950324
8 0.2885905361175567 0.22344853113438382 0.20632746103647898 0.36366356596219107
7 0.5960348433417272 0.30830584104645065 0.13892968100470676 0.2617192708808472
7 0.6870592637964223 0.28589905504029306 0.12952740746575647 0.2601022287263694
10 0.7743410754848197 0.27288999493183447 0.13895695454365722 0.26328177088084714
9 0.8545234533258412 0.25601559143923414 0.1325705868489054 0.2554329094445286
0 0.9179058892018119 0.3509690222555892 0.02406479139585791 0.03607385538619425
10 0.93671875 0.2359375 0.1265625 0.253125
2 0.48984375 0.31796875 0.0203125 0.1203125
9 0.5 0.315625 0.040625 0.15
1 0.03671875 0.75859375 0.0734375 0.2765625
1 0.0375 0.74453125 0.075 0.2734375
4 0.10015710186314379 0.7147063528521115 0.13583195454365704 0.26326359016268785
4 0.1802985693957398 0.6954881993595111 0.1374762751605081 0.26796018052176757
2 0.29694059861673294 0.6635564224285397 0.08388762499835245 0.24108860831306062
1 0.34754457061355576 0.6531047357584523 0.1326524074657563 0.26012040944452863
1 0.4203125 0.6375 0.11875 0.2375
0 0.4156281432590017 0.7488121454975685 0.020939791395857908 0.03605567466803503
4 0.54375 0.77109375 0.128125 0.4578125
10 0.5921875 0.759375 0.225 0.48125
0 0.7257104809219813 0.9274143893492484 0.08680234496658024 0.13955337939029952
1 0.796875 0.7359375 0.28125 0.434375