8 0.040625 0.05859375 0.08125 0.1171875
8 0.15 0.0609375 0.075 0.121875
0 0.19765625 0.0125 0.0140625 0.025
1 0.2390625 0.05546875 0.0875 0.1109375
1 0.34453125 0.05859375 0.0890625 0.1171875
1 0.565625 0.08671875 0.03125 0.1734375
1 0.571875 0.08046875 0.04375 0.1609375
8 0.61875 0.0765625 0.065625 0.153125
7 0.675 0.07578125 0.065625 0.1515625
7 0.73125 0.07265625 0.065625 0.1453125
7 0.7859375 0.06796875 0.0625 0.1359375
0 0.821995915380316 0.11828863149619492 0.016006808004454243 0.033358137023308566
9 0.8419902420432708 0.09023555336589384 0.041588610677908734 0.08423115626060226
7 0.308978294716725 0.6468451958314979 0.13790217870781624 0.30781747840045354
4 0.44003739071449777 0.6258555948357061 0.13472263470718 0.30302085099579196
0 0.4990680400620426 0.7285242378494644 0.049564742679817544 0.09856647477225663
1 0.5234375 0.61796875 0.053125 0.2984375
3 0.5859375 0.87109375 0.071875 0.2578125
1 0.66953125 0.87265625 0.1109375 0.2546875
2 0.7896123187459964 0.8787251344914198 0.04480561203054414 0.2264732199629332
6 0.85 0.87734375 0.0875 0.2453125
0 0.9 0.98828125 0.0125 0.0234375
9 0.93515625 0.878125 0.0984375 0.24375