8 0.3730543015454228 0.31542876217815985 0.09564333116686256 0.28908186525911966
8 0.48828125 0.31796875 0.0421875 0.3046875
9 0.6944656513832671 0.19983103571711025 0.15644446347211094 0.28233303327818293
2 0.8399690661559195 0.1863570965947286 0.09556151055001152 0.28439436525911965
0 0.8762184375041191 0.3020951448904453 0.04724892126547413 0.11172843262956
1 0.94296875 0.18203125 0.1140625 0.2828125
6 0.08359375 0.659375 0.1140625 0.159375
3 0.1859375 0.65703125 0.109375 0.1546875
1 0.278125 0.65234375 0.109375 0.1453125
10 0.378125 0.6546875 0.109375 0.15
0 0.4127986400191814 0.6851649691607442 0.02280230032431163 0.053506829545304765
4 0.46328125 0.64921875 0.0921875 0.1390625
5 0.546875 0.7578125 0.075 0.35625
1 0.61015625 0.75390625 0.1609375 0.3484375
2 0.77890625 0.74296875 0.0828125 0.3265625
0 0.7958139172115797 0.8805007885597792 0.024337526785361163 0.05197160308425506
1 0.8833975121781599 0.7399518806869858 0.12735698132901838 0.3161898360381265