2 0.1390625 0.05 0.078125 0.1
6 0.19375 0.05703125 0.1 0.1140625
1 0.25390625 0.065625 0.0953125 0.13125
0 0.27733801913382294 0.11029202830409765 0.03573892319868044 0.04767508700597212
1 0.32734375 0.078125 0.1015625 0.15625
2 0.4037952190546806 0.08278723698531296 0.07284176959604131 0.1422251740119446
6 0.62265625 0.14140625 0.2140625 0.2828125
1 0.76484375 0.16171875 0.1984375 0.3234375
1 0.8948424532195631 0.19552101348645873 0.19630331630997128 0.3605777433504862
1 0.95859375 0.2390625 0.0828125 0.353125
0 0.7951045291629527 0.309527002468542 0.05580738229073816 0.09342399810013893
7 0.33250758927122487 0.5604900904244448 0.11913775956691142 0.23074346656500017
8 0.4328125 0.57890625 0.09375 0.2078125
0 0.452119058788124 0.6733557259673962 0.02439224623907634 0.033358013867708355
4 0.7335365433487178 0.5966497152338199 0.16024614436493217 0.3019651563445141
4 0.90742032422753 0.6428558340592714 0.1443028956185735 0.2906639804327085
0 0.98828125 0.77421875 0.0234375 0.0765625
10 0.95625 0.65859375 0.0875 0.2734375
10 0.8239485946815013 0.618272101726702 0.15868364436493215 0.3019287887533334