5 0.04296875 0.11796875 0.0859375 0.2359375
3 0.04609375 0.13671875 0.0921875 0.2734375
6 0.040625 0.13515625 0.08125 0.2703125
0 0.06921123603536587 0.2514422926499648 0.06470239546082901 0.10923083605604163
1 0.17421875 0.13828125 0.1578125 0.2765625
1 0.34375 0.13515625 0.140625 0.2703125
2 0.54765625 0.2875 0.0765625 0.45
8 0.55390625 0.28125 0.0890625 0.453125
1 0.660302516705405 0.2777872403132634 0.2042510566155727 0.4840516109416669
0 0.742735526872206 0.4655580376159717 0.0788740228654909 0.11268314437666689
2 0.8895262252355927 0.28572245440972155 0.16560521886662477 0.4503662887533334
8 0.05390625 0.9375 0.1046875 0.125
1 0.14375 0.95 0.103125 0.1
2 0.24375 0.9515625 0.075 0.096875
2 0.41875 0.95625 0.071875 0.0875
5 0.315625 0.95 0.103125 0.1
9 0.9 0.64140625 0.1125 0.2234375
3 0.9734375 0.63984375 0.053125 0.2203125