3 0.1775148093563436 0.251609595361226 0.14950401451278825 0.34534995735199914
1 0.32827870118897556 0.2314800033815887 0.15731651451278825 0.3454408640197263
3 0.5601487492822098 0.41267545938095235 0.10620539309857638 0.26831474267981753
1 0.6776363496450295 0.40544530939686074 0.10883931977759875 0.25428860534690845
5 0.7932439914776614 0.38490663741245096 0.09924606496827515 0.24792951734563573
1 0.9044543099893158 0.3783850120941775 0.1034970553496283 0.23548406134627217
0 0.8443030052726594 0.48944923408654145 0.021622028855940556 0.0377363573360908
3 0.05703125 0.79375 0.1140625 0.3875
3 0.05234375 0.7890625 0.1046875 0.378125
1 0.1875 0.784375 0.209375 0.36875
1 0.3484375 0.77890625 0.1625 0.3578125
0 0.2732414824071688 0.9119969434277229 0.08060021397248321 0.11651588534372692
5 0.5875 0.67265625 0.14375 0.1453125
3 0.70625 0.671875 0.134375 0.14375
0 0.7609375 0.61640625 0.05 0.0328125
3 0.82578125 0.67890625 0.1359375 0.1578125
9 0.93671875 0.66953125 0.1203125 0.1390625