6 0.23931068471513414 0.17134477663638373 0.10325445870463464 0.28026928298109555
10 0.3698430693825432 0.17757257161953177 0.10478059603754382 0.27715337334017515
0 0.41193166673295156 0.3035901709556018 0.04153406667727211 0.07836134933607006
1 0.4933805667170431 0.18688445998682163 0.12667377737108917 0.2788431383672898
1 0.59296875 0.19765625 0.0515625 0.2921875
3 0.66328125 0.090625 0.0890625 0.18125
4 0.66875 0.090625 0.1 0.18125
5 0.78984375 0.090625 0.1546875 0.18125
0 0.84453125 0.01953125 0.0359375 0.0390625
1 0.93125 0.08359375 0.1375 0.1671875
5 0.153125 0.53515625 0.103125 0.1515625
1 0.240625 0.5375 0.096875 0.15625
1 0.3421875 0.5421875 0.1 0.165625
1 0.43984375 0.5484375 0.1078125 0.178125
0 0.286712943387952 0.6066742643397436 0.04920111600890866 0.06590680113146803
7 0.946875 0.709375 0.10625 0.29375