6 0.34609375 0.1703125 0.1484375 0.340625
10 0.475 0.15859375 0.0875 0.3171875
0 0.31289273739708073 0.762088993066113 0.04887542069139812 0.0690227107723885
7 0.2409518897460785 0.6788719720870701 0.11646740063313814 0.2443863251355733
5 0.14444060259906005 0.6908083698241337 0.113813762074194 0.2068772347764936
1 0.35993757046660646 0.6608173845566607 0.12892193652651543 0.2428965480082102
1 0.46171875 0.6421875 0.1140625 0.2625
2 0.5578125 0.59453125 0.078125 0.2109375
8 0.565625 0.58828125 0.09375 0.1984375
1 0.671875 0.5859375 0.196875 0.19375
0 0.7652843000126353 0.5692747791704665 0.054335810503983596 0.09561248184962742
4 0.8546875 0.58671875 0.209375 0.1953125