2 0.2815474728332642 0.15479061923495854 0.15371210714194455 0.29460449375348413
1 0.13797996399954898 0.19535601102009387 0.18369054787138914 0.30727721057599683
4 0.04765625 0.22421875 0.0953125 0.2890625
5 0.05234375 0.234375 0.1046875 0.26875
6 0.4859375 0.22890625 0.253125 0.2796875
8 0.84609375 0.184375 0.2453125 0.36875
9 0.6625 0.2203125 0.29375 0.296875
9 0.93203125 0.184375 0.1359375 0.36875
8 0.26250849173496565 0.5764595235131258 0.17489742933027808 0.33222266842151915
3 0.31171875 0.5515625 0.0953125 0.3125
2 0.4109375 0.715625 0.103125 0.471875
9 0.50390625 0.684375 0.2890625 0.496875
10 0.6919050510055212 0.6564470053627531 0.27864329122187537 0.4937419514026146
0 0.8153997152338199 0.7938657130118838 0.08724803970326392 0.12392837939029935
1 0.86796875 0.60703125 0.2640625 0.4765625
1 0.96328125 0.58046875 0.0734375 0.4234375