2 0.490625 0.37265625 0.0375 0.2546875
1 0.3671875 0.37109375 0.11875 0.2578125
4 0.22890625 0.37109375 0.1078125 0.2578125
5 0.0828125 0.36328125 0.146875 0.2734375
6 0.55625 0.26484375 0.09375 0.4703125
1 0.58203125 0.2890625 0.1453125 0.421875
1 0.7703125 0.29296875 0.190625 0.4140625
1 0.9328125 0.3125 0.134375 0.375
0 0.646875 0.471875 0.06875 0.05625
4 0.44375 0.86953125 0.13125 0.2609375
7 0.2734375 0.840625 0.190625 0.31875
10 0.096875 0.840625 0.19375 0.31875
2 0.02890625 0.8234375 0.0578125 0.353125
1 0.90390625 0.72890625 0.1859375 0.4578125
3 0.696875 0.72421875 0.20625 0.4484375
3 0.56953125 0.728125 0.1203125 0.45625