2 0.17421875 0.2375 0.1421875 0.34375
1 0.3 0.2390625 0.171875 0.340625
9 0.44453125 0.23359375 0.1484375 0.3515625
3 0.58671875 0.25390625 0.1359375 0.3109375
2 0.725 0.25546875 0.115625 0.3078125
0 0.76171875 0.4015625 0.0390625 0.015625
1 0.84921875 0.26640625 0.1484375 0.2859375
2 0.9765625 0.2640625 0.046875 0.290625
2 0.0203125 0.60078125 0.040625 0.3296875
4 0.03203125 0.61171875 0.0640625 0.3765625
7 0.03125 0.6125 0.0625 0.35
10 0.11962929261696909 0.602923591716874 0.13686834902377001 0.3241659772718286
0 0.16474910349458743 0.7490679346548594 0.030832988635914306 0.06614319724005639
4 0.23267871753589126 0.6181821732907737 0.12135244317957153 0.3301432418823252
6 0.6126253161559194 0.6622347674498703 0.16533999675029384 0.43400462743398444
1 0.8025508867727705 0.6608610024323367 0.15399339366603879 0.41037621266133184
0 0.8862150004103324 0.8373746838440805 0.05977619480442442 0.11350912094116268
7 0.96015625 0.66328125 0.0796875 0.4171875