5 0.37257502308267326 0.26319472207190575 0.21512238582729193 0.31648061736154426
7 0.50078125 0.2859375 0.1765625 0.365625
0 0.5341638736720133 0.40495660276095025 0.044078614741388834 0.08174089600572713
3 0.94921875 0.04296875 0.0890625 0.0859375
2 0.140625 0.84296875 0.15 0.3140625
2 0.25625 0.8609375 0.134375 0.278125
1 0.3484375 0.85859375 0.159375 0.2828125
1 0.475 0.87890625 0.1625 0.2421875
4 0.5578125 0.88828125 0.0625 0.2234375
0 0.38984375 0.97734375 0.0578125 0.0453125
2 0.83359375 0.58203125 0.0640625 0.2265625
9 0.9122551189223607 0.6054634907304062 0.12489612290951406 0.2654442813494537
4 0.98203125 0.63828125 0.0359375 0.2453125