5 0.3484375 0.24717242369781084 0.1984375 0.3144012394466932
7 0.43125 0.2390625 0.05625 0.384375
7 0.64453125 0.15 0.2359375 0.3
4 0.89453125 0.1390625 0.2109375 0.278125
0 0.98203125 0.2203125 0.0359375 0.15625
4 0.08203125 0.6125 0.1640625 0.165625
6 0.22578125 0.6078125 0.1609375 0.15625
4 0.34296875 0.5984375 0.1265625 0.1375
0 0.4109375 0.559375 0.04375 0.059375
3 0.67890625 0.7907530539744643 0.20625 0.37547510714144483
8 0.84375 0.7795679123337251 0.175 0.40149213636243813
1 0.953125 0.765625 0.09375 0.403125
0 0.9328125 0.9123725040538945 0.0515625 0.08215002678536117