5 0.04375 0.18984375 0.0875 0.3703125
4 0.09453125 0.165625 0.1453125 0.33125
0 0.18034356849627384 0.30422876744657507 0.056795421544777014 0.09473184740221222
1 0.25078125 0.171875 0.1796875 0.34375
2 0.3890625 0.171875 0.140625 0.34375
2 0.5052248729473916 0.2044843173671448 0.038354493753483966 0.1475295649348082
8 0.5614294211519937 0.1976536647693571 0.05560562626704133 0.15876707386326191
3 0.6231027193565956 0.19091846955789551 0.06498971662612103 0.16049321509696401
0 0.6648634933607006 0.2525787183400796 0.014207945745273776 0.025245461850553142
1 0.6949413579202771 0.18592305234961115 0.06654312626704133 0.15895798863591432
1 0.7699368127407372 0.1864509322192275 0.06967721662612103 0.16057503571381498
6 0.10438960167376114 0.6808831761334428 0.09360559601642038 0.24535913879807011
7 0.21217483059652223 0.6780775503210162 0.0967487767345796 0.2485386858759707
1 0.323144146853301 0.6854827215864904 0.10140900565734086 0.24393300649282174
1 0.41875 0.6859375 0.08125 0.24375
0 0.269783318398078 0.7782917844927036 0.018940897540672096 0.03313978246740419
3 0.50234375 0.5703125 0.0859375 0.340625
2 0.5391231499765589 0.5737758340062363 0.1176066982793568 0.3426432418823252
9 0.6524316710537977 0.580440665580136 0.1411441922292324 0.36023984496658024
0 0.7282225322937245 0.7176872954497523 0.05527837334017516 0.10251707386326192
1 0.8046875 0.60703125 0.165625 0.4140625
2 0.96640625 0.571875 0.0671875 0.34375