5 0.09453125 0.10234375 0.1890625 0.2046875
4 0.26640625 0.0921875 0.1609375 0.184375
0 0.36027515092927126 0.11037361487277497 0.061593423062013916 0.09704013605166181
1 0.38125 0.10078125 0.115625 0.2015625
2 0.7255189444322574 0.3738704428612287 0.154005660712917 0.44480769780928675
10 0.86799673195132 0.34861672710525343 0.22155683662472256 0.462387654394062
5 0.9796875 0.31640625 0.040625 0.4453125
5 0.03359375 0.7046875 0.0671875 0.171875
2 0.1578125 0.6921875 0.078125 0.146875
1 0.26171875 0.69140625 0.1453125 0.1453125
1 0.3828125 0.69453125 0.1125 0.1515625
0 0.20617149201930607 0.714360084389674 0.037210365691319504 0.055733174452321774
10 0.4890625 0.7484375 0.1 0.259375
10 0.51953125 0.74765625 0.1609375 0.2578125
10 0.64140625 0.73671875 0.2421875 0.2359375
0 0.7609375 0.65390625 0.0875 0.0703125
1 0.8328125 0.7421875 0.25 0.246875