3 0.32265625 0.24609375 0.2328125 0.4140625
6 0.7883696919346448 0.2077973018188392 0.11362720452587265 0.19440450585373253
1 0.8687248124461497 0.18779789832623894 0.11361811416679295 0.19284200585373235
0 0.9182935412707149 0.24766780201523098 0.03475679508134384 0.06582498789975162
1 0.9459912943939729 0.1740666755517978 0.10275333703942983 0.20527837334017515
1 0.9796875 0.14609375 0.040625 0.1921875
2 0.05 0.6796875 0.1 0.340625
1 0.128125 0.6765625 0.2375 0.334375
1 0.28203125 0.65703125 0.2203125 0.2953125
0 0.3577509510098311 0.7225172902095701 0.061437469749379046 0.0862920240041051
1 0.3734375 0.6296875 0.13125 0.240625
6 0.49140625 0.7171875 0.1046875 0.4125
1 0.50859375 0.696875 0.1390625 0.375
1 0.6609375 0.67578125 0.2 0.3328125
1 0.8328125 0.66640625 0.228125 0.3140625
1 0.9609375 0.64609375 0.078125 0.2734375