3 0.04140625 0.08203125 0.0828125 0.1640625
3 0.4730407947167249 0.1875843016366133 0.12667377737108917 0.28243553248413755
3 0.7137748827179976 0.1885564914776615 0.11715332670272556 0.26960815027015245
1 0.5949794293841341 0.18879708285480654 0.13292377737108918 0.2826537872934611
1 0.8304356713876337 0.20636649565401272 0.13468627204008907 0.29989585099579197
1 0.9421875 0.20703125 0.115625 0.2796875
0 0.7540737133990879 0.29344239891939006 0.03504770934118149 0.05901290145127884
7 0.0390625 0.52890625 0.078125 0.1390625
7 0.03359375 0.52578125 0.0671875 0.1328125
7 0.0328125 0.52578125 0.065625 0.1328125
0 0.028125 0.47578125 0.040625 0.0328125
10 0.10390625 0.5296875 0.1390625 0.140625
6 0.4796875 0.840625 0.140625 0.31875
5 0.5885594434277228 0.8431274295894292 0.1315067280394527 0.29509922359113006
1 0.684375 0.85 0.134375 0.3
6 0.78515625 0.8609375 0.1390625 0.278125
0 0.81171875 0.98359375 0.0234375 0.0328125
10 0.87421875 0.84921875 0.1359375 0.3015625