4 0.1046875 0.22109375 0.203125 0.0953125
1 0.27734375 0.2140625 0.2140625 0.109375
1 0.409375 0.20703125 0.159375 0.1234375
5 0.52578125 0.1765625 0.0734375 0.184375
7 0.53203125 0.17734375 0.0859375 0.1828125
1 0.66171875 0.16484375 0.1703125 0.2078125
5 0.034375 0.571875 0.06875 0.290625
5 0.03671875 0.56640625 0.0734375 0.2734375
0 0.07028112694696889 0.6534566427434509 0.047813025864247474 0.08646475867281786
1 0.12261416825062259 0.5469981047501326 0.1424221468722145 0.27812609468490823
1 0.2369721849436699 0.5381690920989499 0.13184835972519587 0.29049882535009014
3 0.6696158857224574 0.707832870703362 0.1685132854311589 0.3159169960216353
2 0.8309625626820616 0.6956430480585427 0.15343385471063103 0.33448518268618094
9 0.9230507742814018 0.6732691560709513 0.15008153417751763 0.32663632001909004
0 0.98359375 0.7703125 0.0328125 0.084375
1 0.98046875 0.659375 0.0390625 0.33125