7 0.05625 0.13359375 0.1125 0.2671875
4 0.1140625 0.1453125 0.203125 0.290625
0 0.16584318857510388 0.23091224031326343 0.07500497840045348 0.13601154160312506
1 0.265625 0.16015625 0.1875 0.3203125
5 0.6625 0.146875 0.18125 0.29375
4 0.84609375 0.13828125 0.1484375 0.2765625
0 0.8940202630772079 0.2606516788585064 0.05790675843752062 0.0934603656913195
1 0.95390625 0.15703125 0.0921875 0.3140625
7 0.25428069519852575 0.8308414647620482 0.09793653611233459 0.21148432028847228
1 0.32421875 0.83359375 0.0703125 0.2046875
0 0.3515625 0.9234375 0.015625 0.0625
3 0.4203125 0.7953125 0.121875 0.334375
4 0.550872953003074 0.8062785290665969 0.16096730416850208 0.3175537887533334
2 0.7045882300449161 0.808165071335312 0.11510916714519351 0.30087412860909735
0 0.7403124205189365 0.925206447760208 0.04998513103285873 0.09015352773541671
1 0.8171875 0.84140625 0.159375 0.3171875
1 0.9375 0.84140625 0.125 0.3171875