7 0.0703125 0.3453125 0.140625 0.30625
3 0.21648802931927671 0.39921875 0.16483634863353913 0.290625
0 0.22618543313280828 0.52421875 0.04700397477225664 0.0484375
8 0.27421875 0.41875 0.0703125 0.28125
8 0.1361110485565704 0.37421875 0.16349210344286255 0.296875
2 0.6435341681566837 0.2703125 0.101245074586922 0.259375
7 0.7009374403892024 0.28203125 0.16823416714519332 0.2984375
5 0.8037251344914198 0.3140625 0.15308039309857638 0.2671875
4 0.8911333652541262 0.3390625 0.1711409123358701 0.2921875
0 0.8899205509188232 0.46328125 0.034667665879248945 0.053125
3 0.9484375 0.359375 0.103125 0.284375
5 0.2625 0.83203125 0.09375 0.3359375
6 0.17421875 0.8203125 0.2359375 0.359375
10 0.5796875 0.96875 0.13125 0.0625