7 0.31875 0.4140625 0.153125 0.25
8 0.3921875 0.4125 0.075 0.253125
2 0.47421875 0.32578125 0.0890625 0.4265625
4 0.475 0.3203125 0.090625 0.41875
7 0.52734375 0.29140625 0.1953125 0.4265625
0 0.6366947934060769 0.43963730223979214 0.07354921561506948 0.14069904160312507
1 0.7169972764042365 0.30017671836795196 0.2408510440716672 0.41788240349472244
1 0.8953125 0.2703125 0.209375 0.45625
2 0.034375 0.91015625 0.06875 0.1796875
2 0.36328125 0.86796875 0.1328125 0.2640625
1 0.159375 0.8859375 0.2 0.228125
1 0.0453125 0.89375 0.090625 0.2125
5 0.04765625 0.90859375 0.0953125 0.1828125
3 0.640625 0.90859375 0.19375 0.1828125
5 0.7984375 0.9015625 0.196875 0.196875
1 0.9375 0.89375 0.125 0.2125