6 0.39921875 0.2796875 0.1109375 0.240625
9 0.515625 0.28125 0.109375 0.2375
7 0.6265625 0.1640625 0.075 0.328125
8 0.621875 0.1734375 0.065625 0.346875
0 0.5953125 0.33046875 0.0125 0.0515625
1 0.6296875 0.1875 0.08125 0.375
1 0.7669466442797575 0.191902091309837 0.16639525151861143 0.37150462743398444
4 0.31089209355857683 0.6958905673671449 0.08466985999173637 0.21545345048646744
7 0.3902347546527434 0.716017881084137 0.10396537385944456 0.23921823295387146
0 0.4324781124602783 0.7862582430968459 0.04578658510611113 0.08826365909060954
1 0.4846387180836115 0.7121991801906326 0.0999675516711113 0.2016636858759707
1 0.55859375 0.73828125 0.0609375 0.2390625
1 0.6390625 0.721875 0.1 0.353125
9 0.7399074463321185 0.750030416797952 0.16119860524208357 0.3495478068171334
0 0.794505986985313 0.8478190803527884 0.06886171561506949 0.1402079886359143
6 0.8813864315144796 0.7556236720729578 0.17260888392743076 0.37005122158978576
9 0.971875 0.77578125 0.05625 0.3859375