6 0.3072285121407009 0.23449128808774336 0.11238765439406198 0.21341049620027785
9 0.39643576464798336 0.2584574245806254 0.11449572367353404 0.23219686379145843
0 0.41779027593075446 0.357458622243924 0.022829746239076344 0.03332164627652778
1 0.49258333894202055 0.2857122152338199 0.12726850831327036 0.24186280452090286
8 0.60546875 0.1046875 0.0921875 0.209375
4 0.60546875 0.115625 0.0921875 0.23125
0 0.5796875 0.20234375 0.040625 0.0921875
1 0.65859375 0.13671875 0.1796875 0.2734375
1 0.78515625 0.14609375 0.1796875 0.2921875
8 0.1828125 0.5703125 0.1125 0.103125
4 0.253125 0.57421875 0.109375 0.1109375
0 0.2758324449727998 0.5569137615865977 0.034130959092057725 0.04607621941479163
1 0.3390625 0.575 0.125 0.1125
3 0.425 0.575 0.11875 0.1125
3 0.603125 0.90703125 0.0875 0.1859375
8 0.59453125 0.92578125 0.0703125 0.1484375
4 0.6234375 0.9421875 0.128125 0.115625
8 0.7078125 0.95234375 0.134375 0.0953125
3 0.78828125 0.9671875 0.1484375 0.065625