8 0.346875 0.35 0.084375 0.35
7 0.6234632084346975 0.2700885618241318 0.1413805415653025 0.4024838054894186
8 0.7782416120254936 0.24996261526848634 0.1098941922292326 0.36094952335696506
0 0.8329831332991242 0.3733486394833812 0.030051114363184795 0.06336381802583091
10 0.9085467355620604 0.27429136236549245 0.12416577048806374 0.3972962003165691
8 0.03515625 0.91484375 0.0703125 0.1703125
2 0.2265625 0.91484375 0.05 0.1703125
1 0.35 0.91484375 0.078125 0.1703125
3 0.51875 0.88203125 0.078125 0.1046875
7 0.61953125 0.88671875 0.0796875 0.1140625
0 0.6720496575978169 0.8745785188711255 0.028470433645025394 0.060193353919208194
1 0.71484375 0.88125 0.0765625 0.103125
2 0.82890625 0.8765625 0.0453125 0.09375