8 0.05859375 0.1046875 0.1171875 0.209375
8 0.08515625 0.115625 0.1703125 0.23125
8 0.21875 0.1390625 0.2125 0.278125
7 0.36953125 0.1546875 0.2390625 0.309375
0 0.0859375 0.18145981990722265 0.09375 0.14436955547083344
7 0.53515625 0.2078125 0.0921875 0.203125
9 0.60390625 0.2296875 0.1734375 0.159375
1 0.7609375 0.23671875 0.2 0.1453125
1 0.903125 0.25390625 0.1875 0.1109375
3 0.05625 0.54453125 0.1125 0.4390625
10 0.05859375 0.603125 0.1171875 0.4375
8 0.059375 0.646875 0.11875 0.415625
0 0.05625 0.7933428772779172 0.071875 0.11104790919430556
1 0.18046875 0.6798278507767714 0.225 0.40523693313000014
2 0.3515625 0.7353726020110424 0.1875 0.3590516109416669
6 0.80625 0.699898735751042 0.1625 0.31940722948277783
3 0.93046875 0.72265625 0.1390625 0.3171875
0 0.978125 0.8453125 0.04375 0.071875