8 0.28125 0.30234375 0.240625 0.2140625
8 0.45234375 0.2890625 0.2203125 0.240625
8 0.6078125 0.28515625 0.203125 0.2484375
2 0.74375 0.2890625 0.06875 0.240625
4 0.7515625 0.27734375 0.084375 0.2640625
1 0.775 0.26875 0.13125 0.28125
0 0.84765625 0.37265625 0.0765625 0.0734375
9 0.89921875 0.25234375 0.1953125 0.3140625
5 0.96484375 0.23046875 0.0703125 0.3328125
0 0.453125 0.9734375 0.05625 0.053125
1 0.49453125 0.87421875 0.1609375 0.2515625
1 0.595811301005521 0.8538085570722643 0.14836999050069472 0.26976223370266406
5 0.27265625 0.8921875 0.1734375 0.215625
3 0.1734375 0.9015625 0.178125 0.196875
3 0.37890625 0.8828125 0.1421875 0.234375
6 0.75703125 0.66328125 0.0953125 0.3640625
9 0.7765625 0.6359375 0.134375 0.365625
10 0.9078008483082295 0.5999153642775426 0.16868379692145866 0.3374953029821361
0 0.98515625 0.74609375 0.0296875 0.0890625