4 0.2328125 0.15390625 0.190625 0.3078125
1 0.34765625 0.2015625 0.1828125 0.346875
0 0.8908562645149694 0.37960309415250604 0.10105769780928675 0.14544095941492116
9 0.8390625 0.21484375 0.290625 0.4296875
6 0.6546875 0.1765625 0.30625 0.353125
1 0.953125 0.240625 0.09375 0.478125
1 0.4015625 0.659375 0.075 0.2
3 0.3375 0.65078125 0.171875 0.1828125
2 0.7607295291629528 0.7280115462638265 0.07762019780928675 0.14503185633066593
2 0.8206728304957362 0.7485791907439394 0.05975073620994653 0.1212943474022122
6 0.8632013112954062 0.7610343262955986 0.07936455423577744 0.1513091298696164
0 0.8823437678801817 0.8285218352240523 0.02117631802583091 0.030042056006354477
1 0.9231900767348126 0.7831644707757115 0.0806088054894186 0.1403989034085667
1 0.96875 0.79921875 0.0625 0.1421875