4 0.08828125 0.06875 0.0765625 0.1375
1 0.19609375 0.065625 0.0859375 0.13125
2 0.31640625 0.06171875 0.0484375 0.1234375
0 0.3526998366466465 0.10749564304548657 0.03175906010845857 0.08822735182361115
9 0.4125 0.0734375 0.0875 0.146875
2 0.48125 0.1046875 0.04375 0.209375
2 0.80234375 0.1109375 0.0828125 0.221875
5 0.65546875 0.10703125 0.1015625 0.2140625
10 0.53515625 0.109375 0.1015625 0.21875
0 0.7113572191602038 0.1906900027528824 0.047302246876741984 0.07452852773541671
7 0.025 0.68515625 0.05 0.2421875
5 0.01953125 0.69375 0.0390625 0.234375
1 0.01953125 0.68125 0.0390625 0.240625
2 0.09712148145684392 0.6777730818750699 0.0639271863754999 0.2467672036472223
0 0.00859375 0.7734375 0.0171875 0.078125
2 0.47109375 0.690625 0.0234375 0.26875
10 0.48828125 0.70390625 0.0578125 0.2796875
3 0.5719498063960254 0.7166874986688198 0.101618083916172 0.28045252583555574
3 0.6790537792686624 0.7316786786646879 0.09223399355709247 0.27867182028847226
9 0.7775549117822197 0.7449073369090631 0.09055331888905727 0.2583229526972918
0 0.7172946435336512 0.8598952508530214 0.015861349336070064 0.04098867591180557