5 0.0359375 0.303125 0.071875 0.359375
5 0.09330072593095773 0.303077527832326 0.13519534937936156 0.3421173776591669
0 0.15862463924254958 0.46166997141156196 0.03820907200827221 0.06181032218833345
1 0.23515625 0.334375 0.1296875 0.3375
6 0.52578125 0.415625 0.0984375 0.1875
1 0.61953125 0.41953125 0.0953125 0.1796875
1 0.7203125 0.42109375 0.09375 0.1765625
3 0.82578125 0.4234375 0.1046875 0.171875
4 0.6565103452816843 0.8144722355636107 0.12760102538190682 0.36068553970326395
1 0.8009688699475024 0.8173582333794093 0.11798966804581604 0.34015483415618064
1 0.94140625 0.83359375 0.1171875 0.2984375
0 0.8539473245942306 0.9629603676880898 0.038263616008908666 0.06649782218833344