5 0.17734375 0.1671875 0.1828125 0.334375
5 0.30390625 0.17109375 0.1296875 0.3421875
0 0.36015625 0.33515625 0.0171875 0.0640625
7 0.47109375 0.33828125 0.1859375 0.3015625
5 0.6546875 0.35390625 0.16875 0.2703125
1 0.828125 0.36171875 0.175 0.2546875
3 0.04375 0.565625 0.0875 0.153125
3 0.06953125 0.56953125 0.1390625 0.1609375
2 0.0234375 0.5546875 0.046875 0.13125
2 0.0203125 0.55859375 0.040625 0.1390625
9 0.03515625 0.56796875 0.0703125 0.1578125
6 0.02109375 0.53125 0.0421875 0.084375
3 0.47109375 0.59921875 0.1734375 0.2203125
4 0.60546875 0.61171875 0.1609375 0.2453125
9 0.71796875 0.6171875 0.1515625 0.25625
0 0.7516293772350257 0.7205282069617596 0.0446974303072194 0.07212043969514959
1 0.82890625 0.640625 0.1640625 0.303125
1 0.94375 0.64921875 0.1125 0.3171875