3 0.0578125 0.13046875 0.115625 0.2609375
2 0.12109375 0.1421875 0.1609375 0.284375
7 0.2234375 0.16484375 0.1875 0.3296875
0 0.2546875 0.28828125 0.0578125 0.0953125
1 0.3390625 0.17890625 0.159375 0.3515625
2 0.65390625 0.19921875 0.1265625 0.3171875
3 0.76875 0.21484375 0.190625 0.3375
1 0.90546875 0.22578125 0.1859375 0.321875
0 0.95390625 0.37578125 0.0546875 0.096875
6 0.98203125 0.26796875 0.0359375 0.3328125
6 0.3015625 0.96171875 0.153125 0.0765625
3 0.50859375 0.7203125 0.1796875 0.240625
4 0.63828125 0.73828125 0.1734375 0.2765625
9 0.75078125 0.746875 0.1640625 0.29375
0 0.7765625 0.8703125 0.0484375 0.0734375
1 0.859375 0.7875 0.1765625 0.328125
1 0.9546875 0.81640625 0.090625 0.3234375