3 0.0625 0.425 0.125 0.328125
2 0.18125 0.42734375 0.15625 0.3234375
7 0.28515625 0.41015625 0.1828125 0.3578125
0 0.3703125 0.5421875 0.05625 0.09375
1 0.4211731725874891 0.40718978457236166 0.18867564191744995 0.35098453780340294
1 0.540625 0.3984375 0.1375 0.35625
6 0.79609375 0.05625 0.1109375 0.1125
1 0.87265625 0.06015625 0.1265625 0.1203125
0 0.9272768396478644 0.05713392676482689 0.04346231252120454 0.08219555737069442
1 0.94453125 0.0625 0.1109375 0.125
1 0.20546875 0.703125 0.2171875 0.228125
3 0.36875 0.6984375 0.2125 0.21875
0 0.46640625 0.621875 0.0828125 0.065625
1 0.52109375 0.6984375 0.1765625 0.21875
7 0.70859375 0.871875 0.1984375 0.25625
9 0.87734375 0.865625 0.2453125 0.26875