0 0.3375 0.01484375 0.028125 0.0296875
5 0.39140625 0.0515625 0.0734375 0.103125
5 0.12265625 0.04765625 0.0921875 0.0953125
2 0.23046875 0.0515625 0.0578125 0.103125
2 0.303125 0.05078125 0.0625 0.1015625
1 0.8804737278301692 0.3198186873179384 0.10267768527287444 0.2558983105039836
1 0.9671875 0.321875 0.065625 0.240625
5 0.771875 0.3234375 0.096875 0.253125
7 0.6665703522033486 0.31905885471063106 0.10245036473976085 0.2480858105039836
3 0.5921875 0.3234375 0.046875 0.24375
0 0.8231135203874642 0.4141620692129651 0.036284492478152686 0.06662521034569906
0 0.15209397822588064 0.7609066885715796 0.04529577962517113 0.054397994985435
3 0.22565584718878373 0.660009429796091 0.11182536473976086 0.24835859514371955
2 0.03125 0.6671875 0.0625 0.24375
3 0.03828125 0.66640625 0.0765625 0.2484375
1 0.10582072030832182 0.6729149435861446 0.09606397241989288 0.24321645407749273
1 0.58671875 0.559375 0.0359375 0.215625
1 0.5859375 0.56484375 0.034375 0.2109375
6 0.58359375 0.56953125 0.0296875 0.2046875
3 0.5828125 0.56953125 0.028125 0.2015625
5 0.6334516268139548 0.5740886501709198 0.06446697994174037 0.1767276360516618
4 0.7179175550272002 0.5796687119285446 0.055683013327835165 0.19676735141192586
0 0.7563555808914477 0.6666518863808664 0.013045569279472247 0.019113712852981378
5 0.7919999127073322 0.5771407569931221 0.06455790815498563 0.17985263605166182