0 0.2630441018697344 0.35178647834541615 0.051445497564368024 0.08397626291777786
5 0.3109515422099321 0.24680738440558972 0.14844104869945837 0.2720958183886112
5 0.04140625 0.30859375 0.0828125 0.2609375
2 0.11050152881725132 0.277243686076701 0.13278877516050827 0.27016964247680564
2 0.2013447171288541 0.2626343657882287 0.13267968100470676 0.2639196424768057
7 0.70546875 0.29296875 0.1328125 0.4640625
3 0.7234375 0.23671875 0.16875 0.4609375
0 0.8424456351512127 0.4181933815557981 0.11525462743398443 0.16043096656499997
1 0.8703125 0.22109375 0.259375 0.4421875
4 0.1625 0.71015625 0.18125 0.1609375
9 0.31328125 0.71015625 0.1765625 0.1609375
1 0.4578125 0.71328125 0.196875 0.1671875
0 0.54296875 0.65390625 0.0609375 0.0484375
1 0.5671875 0.7171875 0.14375 0.175
8 0.790625 0.9015625 0.23125 0.196875
8 0.91953125 0.89140625 0.1609375 0.2171875