3 0.3546875 0.1609375 0.146875 0.321875
2 0.23932175059677602 0.1775711004924309 0.14151807471354338 0.348512848023889
2 0.10300244259232158 0.2072196200597225 0.13216125604708875 0.3498571424768057
3 0.55625 0.45859375 0.190625 0.2203125
9 0.7234375 0.4609375 0.190625 0.215625
8 0.878125 0.46015625 0.153125 0.2171875
1 0.97265625 0.4609375 0.0546875 0.215625
7 0.06171875 0.83125 0.1234375 0.3375
7 0.05625 0.81484375 0.1125 0.3703125
7 0.18671875 0.80546875 0.2203125 0.3890625
3 0.37265625 0.796875 0.1546875 0.40625
5 0.49375 0.8921875 0.0875 0.215625
2 0.55703125 0.8921875 0.0734375 0.215625
7 0.690625 0.88359375 0.1625 0.2328125
1 0.88671875 0.87578125 0.1734375 0.2484375