0 0.6591288913954312 0.2827558743221338 0.04317098997087001 0.08773634933607007
7 0.727403866784825 0.18546726298401123 0.11916650329870535 0.2834579154946528
9 0.8419149961725694 0.1465133264121195 0.1356265775927424 0.2585579094445286
4 0.6020628859851549 0.17447574171038066 0.1228370725781776 0.30222609621281205
5 0.48319922571859814 0.17126035900043152 0.13139371865896923 0.27415563836728973
8 0.06796875 0.69140625 0.1359375 0.3828125
4 0.20703125 0.70625 0.1453125 0.4125
6 0.57578125 0.87890625 0.1109375 0.2421875
3 0.71484375 0.875 0.1140625 0.25
1 0.8609375 0.88125 0.115625 0.2375
0 0.78046875 0.9890625 0.0390625 0.021875
1 0.96640625 0.88046875 0.0671875 0.2390625