5 0.39413944663410616 0.4271041086091845 0.18382445081045748 0.3441874466899989
4 0.4953125 0.42578125 0.046875 0.3484375
6 0.6613220013507624 0.17960349462922895 0.11387404935917864 0.30901246801399934
6 0.757579442457755 0.1831728426161842 0.11250995680090722 0.26994996801399934
7 0.8490129743089204 0.1828904846037756 0.09334329454985521 0.3025261106779086
4 0.9428448198624167 0.18414335459104897 0.1086756286706061 0.24960110534690844
0 0.9836285656860655 0.30012234325273096 0.026800602176918174 0.051853401336727244
8 0.04453125 0.71796875 0.0890625 0.2359375
8 0.13515625 0.734375 0.1546875 0.26875
8 0.2984375 0.73828125 0.153125 0.2765625
7 0.44140625 0.7390625 0.1546875 0.278125
0 0.19611864200226803 0.8170831239258671 0.07495041469812272 0.1336306600095451
8 0.54375 0.6921875 0.05 0.184375
1 0.62578125 0.7109375 0.1015625 0.221875
0 0.6752654502623032 0.7708530139242763 0.04086310217691817 0.052017033338636054
1 0.7390625 0.7046875 0.11875 0.209375
2 0.8859375 0.70390625 0.1 0.2078125