6 0.04453125 0.215625 0.0890625 0.378125
1 0.04453125 0.19375 0.0890625 0.34375
1 0.13925777435302455 0.17189109719477075 0.1745592637964224 0.3337942587805987
1 0.27734375 0.15859375 0.1828125 0.3171875
0 0.06425600000329527 0.306688798891973 0.04190685633066593 0.07367384933607006
5 0.60390625 0.175 0.1296875 0.35
8 0.73125 0.16875 0.203125 0.3375
0 0.8218679026010831 0.2615171994577071 0.07753643912238158 0.1457488372358217
1 0.89609375 0.14765625 0.2078125 0.2953125
2 0.028125 0.7765625 0.05625 0.275
10 0.034375 0.77265625 0.06875 0.2671875
4 0.03125 0.7671875 0.0625 0.290625
0 0.027757212664627228 0.8550081242239379 0.04821140340856669 0.0768352107723885
1 0.07524191315109459 0.7750524586310892 0.1426546988616142 0.2961124515990063
2 0.19212545008272555 0.7470314768796577 0.12311376623205436 0.25069086729005097
1 0.5765625 0.70078125 0.075 0.2640625
4 0.57265625 0.68828125 0.0671875 0.2390625
6 0.57421875 0.684375 0.0703125 0.23125
6 0.65390625 0.66015625 0.1453125 0.1828125
3 0.58671875 0.6703125 0.0953125 0.203125
0 0.7193371919683459 0.712770106368153 0.03236821509696384 0.06424430718159221
10 0.7421875 0.646875 0.134375 0.15625