6 0.06640625 0.25234375 0.1328125 0.5046875
8 0.2140625 0.275 0.24375 0.4875
1 0.38515625 0.2890625 0.2078125 0.459375
0 0.2640625 0.47265625 0.0875 0.0921875
1 0.51953125 0.35 0.0609375 0.275
9 0.5570609548171725 0.36955059969606613 0.11525301088459124 0.26090405925034227
8 0.6553620455613455 0.3763210884132951 0.10722225607526781 0.2544267387172289
3 0.74375 0.38984375 0.125 0.2578125
5 0.84296875 0.4015625 0.1140625 0.234375
4 0.9375 0.4046875 0.125 0.228125
6 0.2328125 0.59765625 0.096875 0.1578125
3 0.08671875 0.56640625 0.0984375 0.0953125
0 0.2576140263240518 0.6412928705457487 0.036339293283910834 0.05725021034569906
1 0.16015625 0.57578125 0.1140625 0.1140625
1 0.3109375 0.596875 0.09375 0.15625
1 0.39140625 0.60390625 0.1046875 0.1703125
5 0.56484375 0.846875 0.1515625 0.30625
9 0.64140625 0.87109375 0.2390625 0.2578125
1 0.83515625 0.8734375 0.2296875 0.253125