6 0.06015625 0.14375 0.1203125 0.2875
8 0.0578125 0.14296875 0.115625 0.2859375
1 0.20078125 0.15625 0.2265625 0.3125
2 0.4015625 0.1609375 0.175 0.321875
0 0.0739588404990581 0.25374123985702557 0.08022506249917623 0.12167617694751698
1 0.7634189866040242 0.31638551583160784 0.07651940990138825 0.17784435633066592
7 0.6401627187471167 0.2841514886392096 0.07295803327818291 0.15278980925276536
2 0.7069371615229463 0.3040861132338201 0.05423530681713338 0.15402502678536117
2 0.8385962646072013 0.32523263596199153 0.06355575973923262 0.15106366801906326
0 0.7244070795420094 0.36473724107484157 0.021103432629559826 0.04566705600635448
2 0.03125 0.59609375 0.0625 0.3140625
3 0.1515625 0.59921875 0.178125 0.3203125
1 0.3453125 0.6046875 0.171875 0.33125
0 0.4109639626580367 0.7495292524389272 0.0835955243497292 0.13579322402541755
9 0.465625 0.61875 0.046875 0.359375
3 0.63828125 0.93828125 0.0765625 0.1234375
1 0.70859375 0.946875 0.0765625 0.10625
6 0.79140625 0.94765625 0.0703125 0.1046875
7 0.8609375 0.9484375 0.078125 0.103125
9 0.9375 0.95234375 0.078125 0.0953125