3 0.05 0.12734375 0.1 0.2546875
2 0.26640625 0.15625 0.1609375 0.3125
0 0.27987369207508744 0.2804616707809032 0.05910337468172653 0.11228310087368065
1 0.3921875 0.1875 0.209375 0.375
1 0.49921875 0.23046875 0.1390625 0.3984375
1 0.115625 0.14921875 0.225 0.2984375
1 0.609375 0.3953125 0.08125 0.309375
4 0.62421875 0.4 0.1109375 0.3
6 0.6953125 0.41484375 0.15625 0.2703125
6 0.8671875 0.43046875 0.15625 0.2390625
3 0.78125 0.42734375 0.140625 0.2453125
10 0.94140625 0.446875 0.1171875 0.20625
3 0.06015625 0.71875 0.1203125 0.3375
4 0.09609375 0.74296875 0.1921875 0.3859375
1 0.2704970500477251 0.7717945323881602 0.2204975973901792 0.42376872758291684
1 0.43828125 0.80390625 0.2171875 0.3921875
0 0.31484375 0.95 0.0890625 0.1
4 0.834375 0.82734375 0.184375 0.3453125
5 0.93984375 0.85 0.1203125 0.3