3 0.0328125 0.0890625 0.065625 0.178125
2 0.2171875 0.08671875 0.09375 0.1734375
0 0.25546875 0.04375 0.0390625 0.0875
1 0.346875 0.09296875 0.1375 0.1859375
1 0.49765625 0.09296875 0.1421875 0.1859375
1 0.0703125 0.09140625 0.140625 0.1828125
10 0.7018747767886564 0.3718436269469688 0.05854097727182861 0.13288670783841638
2 0.7572480694023304 0.3756984011618637 0.041189836038126516 0.12301160266556703
0 0.7767832735422455 0.41963861777576883 0.018005706168510115 0.04737510517284953
0 0.8160054606360323 0.36461849716351313 0.039600062499176227 0.12140363855894432
0 0.8674315929412806 0.3709306816449646 0.04113528896022593 0.11988660266556703
10 0.31796875 0.4921875 0.0578125 0.065625
2 0.3734375 0.48984375 0.040625 0.0609375
0 0.39296875 0.47421875 0.0171875 0.0296875
0 0.43203125 0.4890625 0.0390625 0.059375
0 0.48359375 0.4890625 0.0421875 0.059375
5 0.6125 0.603125 0.0875 0.2875
3 0.69375 0.59921875 0.159375 0.2796875
6 0.865625 0.571875 0.134375 0.225
0 0.9387553936726294 0.617826065189344 0.04527731818121907 0.088772994985435
1 0.97109375 0.5609375 0.0578125 0.203125