2 0.04296875 0.34765625 0.0859375 0.0828125
4 0.103125 0.32890625 0.140625 0.1203125
1 0.2078125 0.325 0.15625 0.128125
6 0.3046875 0.3125 0.140625 0.153125
8 0.41640625 0.3078125 0.1328125 0.1625
1 0.90078125 0.12265625 0.1828125 0.2453125
8 0.815625 0.13671875 0.09375 0.2734375
0 0.97265625 0.1796875 0.0546875 0.0875
3 0.20828992659932127 0.742119721593081 0.18312377204008906 0.2984489569792892
2 0.3474978772676849 0.7271923766265007 0.13626695337363443 0.2991932508107789
7 0.45447458326704854 0.7300116392084024 0.16313853604390705 0.3262194009729347
0 0.5116774612508219 0.8485201314977647 0.04776588534372674 0.07738070616851012
8 0.574868899268003 0.7208803267092263 0.13336012937617986 0.31788870373287814
9 0.68046875 0.7125 0.1765625 0.2875
1 0.81015625 0.9109375 0.0828125 0.178125
2 0.79140625 0.89765625 0.0453125 0.2046875
1 0.80703125 0.884375 0.0765625 0.23125
6 0.803125 0.86796875 0.06875 0.2640625
4 0.8 0.85546875 0.0625 0.2890625
10 0.803125 0.8328125 0.06875 0.303125
0 0.8292098592457313 0.9458064143722058 0.02387385200509069 0.03790910308425506
10 0.8557456345878671 0.8805126509795252 0.06886018268618095 0.1449227621748646