2 0.01953125 0.33515625 0.0390625 0.2765625
4 0.02578125 0.31953125 0.0515625 0.2984375
1 0.03046875 0.3234375 0.0609375 0.290625
6 0.09208102009528023 0.31529634862332345 0.10487034894328673 0.3018000535707223
0 0.14588325184671175 0.430775298299012 0.03155907220870695 0.053670470779006864
8 0.20454011347942194 0.30630140381889903 0.1000464935570923 0.27828073295387146
7 0.8667168848512483 0.21489297402871302 0.12990671037960516 0.30848643019392785
9 0.98046875 0.20234375 0.0390625 0.3140625
3 0.0234375 0.8921875 0.046875 0.215625
2 0.08125 0.8859375 0.0625 0.228125
6 0.159375 0.8859375 0.08125 0.228125
0 0.21328125 0.98125 0.0234375 0.0375
1 0.26640625 0.8890625 0.0953125 0.221875
2 0.5546875 0.9484375 0.071875 0.103125
1 0.6484375 0.93828125 0.121875 0.1234375
1 0.759375 0.9296875 0.1125 0.140625
1 0.871875 0.9375 0.109375 0.125