5 0.0625 0.484375 0.125 0.090625
1 0.153125 0.475 0.146875 0.109375
6 0.25234375 0.475 0.1515625 0.109375
10 0.33359375 0.453125 0.1484375 0.153125
5 0.67578125 0.39296875 0.1453125 0.2734375
2 0.8479632386853184 0.3780283517135821 0.09698512607064966 0.2908283858421822
0 0.8996252117543472 0.49704373574166577 0.029932939695149586 0.04322421034428618
1 0.9359375 0.365625 0.128125 0.31875
6 0.31953125 0.8703125 0.1703125 0.259375
6 0.48984375 0.86171875 0.1546875 0.2765625
5 0.68203125 0.7484375 0.1640625 0.4375
8 0.66328125 0.7421875 0.1265625 0.425
0 0.62421875 0.85859375 0.0484375 0.1859375
1 0.71875 0.71875 0.2375 0.378125