10 0.3765625 0.38046875 0.165625 0.0765625
4 0.509375 0.2 0.1 0.38125
5 0.5140625 0.178125 0.109375 0.35625
6 0.56484375 0.15703125 0.1921875 0.3140625
0 0.6797161351617019 0.2607946586589618 0.0678434230620141 0.09569429508134383
1 0.728125 0.15078125 0.225 0.3015625
2 0.90859375 0.12734375 0.1828125 0.2546875
6 0.309375 0.93515625 0.084375 0.1296875
5 0.378125 0.92890625 0.084375 0.1421875
10 0.43359375 0.9203125 0.0515625 0.159375
0 0.43046875 0.9890625 0.0171875 0.021875
7 0.84609375 0.58671875 0.2453125 0.3359375
6 0.9390625 0.5578125 0.121875 0.278125