4 0.1281439598186629 0.2175397410991433 0.11412059577735914 0.27569445916315993
8 0.26042067166921595 0.23621287394610063 0.1063626428552599 0.2785466406515056
1 0.37248034090609516 0.25964542866275686 0.1282103693163094 0.2777480324841376
0 0.29311221509366864 0.3646206161415524 0.019268197240056396 0.030342264427970278
3 0.50546875 0.3328125 0.0921875 0.234375
2 0.5734375 0.34921875 0.140625 0.2015625
3 0.66640625 0.35078125 0.1390625 0.1984375
1 0.79375 0.353125 0.165625 0.19375
2 0.93515625 0.3703125 0.1203125 0.159375
2 0.12890625 0.58046875 0.1046875 0.2609375
3 0.2453125 0.5890625 0.171875 0.278125
1 0.37890625 0.5875 0.1609375 0.275
0 0.440625 0.71171875 0.0375 0.0953125
7 0.521875 0.58359375 0.125 0.2671875
7 0.58515625 0.5671875 0.2515625 0.234375
0 0.6337741712621788 0.6131151359270002 0.06915119480442442 0.11484623920022674
1 0.78125 0.57109375 0.225 0.2421875
1 0.9125 0.59296875 0.175 0.2859375