4 0.3609072463857627 0.3742658129845407 0.13753740319801278 0.27974704210278445
8 0.446875 0.39609375 0.04375 0.2828125
5 0.5792123396717086 0.23626232677953868 0.21484531264254123 0.4105456635169965
3 0.7433748336215843 0.24772063803479885 0.2273180415653025 0.4062946731356433
0 0.7873207972226433 0.4141888862207003 0.09295109016268785 0.13446925843752044
1 0.89296875 0.28671875 0.2140625 0.4265625
7 0.06875 0.875 0.1375 0.25
8 0.08828125 0.875 0.1765625 0.25
1 0.2015625 0.875 0.240625 0.25
2 0.37265625 0.875 0.1921875 0.25
4 0.734375 0.84453125 0.225 0.1890625
9 0.865625 0.84140625 0.209375 0.1828125
0 0.89453125 0.79609375 0.0640625 0.0921875
1 0.95078125 0.83515625 0.0984375 0.1703125