6 0.05234375 0.25859375 0.1046875 0.2421875
6 0.11328125 0.259375 0.1609375 0.240625
7 0.20234375 0.2421875 0.1484375 0.275
4 0.29401165235736065 0.2404192243089204 0.15447452013597243 0.2645585517214313
5 0.3858179458603468 0.22642370089527547 0.14811541736243078 0.25965279691210785
0 0.3595983251350342 0.3451364953603126 0.03568423328249999 0.057450401451278846
2 0.61171875 0.11328125 0.0859375 0.2265625
1 0.64140625 0.10546875 0.1453125 0.2109375
1 0.85703125 0.0734375 0.1796875 0.146875
1 0.94609375 0.0796875 0.1078125 0.159375
9 0.7296875 0.09140625 0.190625 0.1828125
0 0.8231374143252079 0.13017863955519732 0.059594511967847194 0.07858135698624161
2 0.0484375 0.64375 0.096875 0.303125
8 0.1239017869503816 0.6095734405588384 0.18528941546256972 0.31403276206571745
6 0.2532626318401386 0.5945436960011341 0.18859625341847241 0.32195438947037935
0 0.34568456155166627 0.6884697999921509 0.06101154160312507 0.07238592068857237
1 0.38415026234909694 0.5475099832945951 0.1949917237831947 0.3284226442797027
1 0.49296875 0.5390625 0.1515625 0.31875
1 0.6 0.51171875 0.0625 0.2640625
1 0.60703125 0.5 0.0765625 0.240625
1 0.60546875 0.49140625 0.0734375 0.2234375
3 0.60390625 0.48125 0.0703125 0.203125
7 0.66328125 0.4734375 0.1328125 0.1875
4 0.7609375 0.4640625 0.11875 0.16875
1 0.84453125 0.45703125 0.1296875 0.1546875
0 0.8162717781166663 0.5174107994439966 0.019586454597152782 0.03659226442797028