6 0.2546875 0.24058686223247844 0.15 0.32155205423577743
6 0.3484375 0.26284595862983934 0.1421875 0.28382473370266403
7 0.40234375 0.28046875 0.0546875 0.3109375
2 0.55546875 0.39296875 0.0828125 0.2515625
8 0.65703125 0.403125 0.1140625 0.23125
6 0.76328125 0.415625 0.1109375 0.20625
1 0.86796875 0.4296875 0.1203125 0.178125
1 0.95625 0.43828125 0.0875 0.1609375
2 0.05390625 0.8875 0.1078125 0.225
5 0.1609375 0.9015625 0.1875 0.196875
8 0.29453125 0.91796875 0.1734375 0.1640625
0 0.67734375 0.6272196618494024 0.065625 0.08628449247815269
1 0.790625 0.61484375 0.20625 0.1921875
2 0.93515625 0.6234375 0.1296875 0.209375
5 0.640625 0.6078125 0.190625 0.178125
3 0.509375 0.6125 0.159375 0.1875