10 0.065625 0.22734375 0.13125 0.3046875
9 0.190625 0.21875 0.134375 0.321875
0 0.25703125 0.34453125 0.0359375 0.0703125
1 0.29921875 0.221875 0.0796875 0.315625
3 0.36171875 0.24453125 0.0453125 0.2265625
2 0.46796875 0.24210239994432073 0.05625 0.23971702800763595
6 0.54609375 0.24119333326704853 0.0765625 0.23370338534372675
0 0.59765625 0.33668709926004875 0.021875 0.04087953866963616
1 0.65234375 0.24620700258595826 0.090625 0.22449201734563573
1 0.04765625 0.59921875 0.0953125 0.4390625
1 0.096875 0.59765625 0.19375 0.4359375
10 0.25390625 0.60859375 0.1703125 0.4578125
6 0.4671875 0.50703125 0.209375 0.2546875
9 0.678125 0.51171875 0.203125 0.2640625
0 0.765625 0.5963257285964578 0.065625 0.15388861600890866
1 0.884375 0.503125 0.215625 0.246875