2 0.025 0.1703125 0.05 0.25625
4 0.092812130372258 0.18549557582294432 0.09216127068445541 0.2645897408266178
4 0.3779865610904173 0.18071158529091402 0.08262264422102242 0.23641019867214014
9 0.2764240610904173 0.18130245863108918 0.11073855386194253 0.2350113251355733
7 0.1826604255517978 0.1841916301758663 0.09663060206654457 0.22711701190385672
2 0.54921875 0.36875 0.0203125 0.2
5 0.5890625 0.37265625 0.1 0.1921875
3 0.72421875 0.37265625 0.0984375 0.1921875
1 0.86015625 0.36171875 0.0921875 0.2140625
7 0.9734375 0.36796875 0.053125 0.2015625
5 0.1561433773471959 0.7325847201421625 0.23897367993259228 0.5232476442210222
9 0.3538041725267357 0.7306535397185907 0.17627369203284077 0.4885090298578376
1 0.5015625 0.7125 0.075 0.4875
0 0.4428206998504905 0.8723183440715128 0.07264768052176755 0.13323065651766228
3 0.6953125 0.8421875 0.13125 0.315625
4 0.871875 0.84921875 0.1 0.3015625