2 0.0203125 0.54921875 0.040625 0.2546875
4 0.021875 0.5578125 0.04375 0.2625
4 0.0390625 0.5375 0.078125 0.234375
9 0.0265625 0.54375 0.053125 0.234375
7 0.0234375 0.55234375 0.046875 0.2265625
3 0.44694582548117134 0.35197271080791737 0.13968960345698989 0.34752352084968263
6 0.6072384678010394 0.3520001398790926 0.10651339060400851 0.3340687746106063
6 0.7606135203874642 0.35613840743006986 0.09383153417751763 0.32745506175762473
1 0.8988493062808415 0.3505523339939625 0.11391671364440441 0.3202335951437195
0 0.8207052373970807 0.4865329495916534 0.026363923198680438 0.04760242570596276
1 0.228125 0.96328125 0.121875 0.0734375
1 0.115625 0.96484375 0.103125 0.0703125
1 0.7234375 0.94296875 0.16875 0.1140625
1 0.89921875 0.9140625 0.1796875 0.171875
5 0.53125 0.93125 0.171875 0.1375