2 0.19609375 0.02890625 0.0234375 0.0578125
8 0.240625 0.03125 0.0375 0.0625
3 0.2890625 0.03125 0.040625 0.0625
2 0.3540216919557747 0.20105287531827343 0.08323286004136174 0.3056147480108177
1 0.4539944199554566 0.20223301997136495 0.11611808537554351 0.31224655601527207
9 0.598416581954184 0.2099262466184113 0.10825104137490715 0.3074681493475449
0 0.654720031269912 0.3389410372772298 0.04805678668045399 0.1021079400063634
1 0.7326643126193658 0.21930015193350308 0.12727376137808885 0.33112382535009016
2 0.8990796532861385 0.2165825899109132 0.07204082137172563 0.2836124786759996
6 0.1953125 0.49375 0.140625 0.16875
2 0.08203125 0.5 0.0921875 0.18125
0 0.2578125 0.44921875 0.04375 0.0796875
1 0.346875 0.8609375 0.075 0.278125
1 0.3453125 0.86484375 0.071875 0.2703125
5 0.4 0.871875 0.140625 0.25625
5 0.6265625 0.86953125 0.128125 0.2609375
5 0.7453125 0.86484375 0.125 0.2703125
2 0.54375 0.878125 0.09375 0.24375