8 0.040625 0.21015625 0.08125 0.3328125
3 0.0390625 0.1859375 0.078125 0.3125
3 0.17890625 0.14855761544333923 0.146875 0.288354493753484
6 0.08828125 0.16171875 0.1578125 0.3234375
1 0.25234375 0.13984375 0.1328125 0.2796875
0 0.228125 0.25374001913233124 0.040625 0.06117384933607006
4 0.33515625 0.28203125 0.0328125 0.1421875
4 0.334375 0.27421875 0.03125 0.1296875
9 0.575 0.2638336783804682 0.1234375 0.2460306383672898
8 0.66484375 0.23362348273339015 0.1125 0.24127950585373242
4 0.74375 0.22378941959986948 0.1140625 0.2569135962128121
4 0.8234375 0.20613831128680898 0.1234375 0.2491556383672898
0 0.88046875 0.3003377631804029 0.01875 0.03448408430895542
3 0.903125 0.19083095297374847 0.128125 0.24762040944452862
6 0.0484375 0.678125 0.096875 0.15625
5 0.0375 0.67109375 0.075 0.1421875
0 0.0125 0.6359375 0.025 0.071875
1 0.040625 0.67109375 0.08125 0.1421875
1 0.0640625 0.6640625 0.128125 0.128125
2 0.96015625 0.91171875 0.0796875 0.1765625
5 0.6 0.95703125 0.209375 0.0859375
1 0.73359375 0.94609375 0.1734375 0.1078125
1 0.86640625 0.93359375 0.1921875 0.1328125