8 0.28515625 0.0828125 0.1546875 0.165625
3 0.371875 0.078125 0.15 0.15625
3 0.53046875 0.07265625 0.0984375 0.1453125
6 0.46015625 0.0859375 0.1515625 0.171875
6 0.61171875 0.1265625 0.0640625 0.253125
8 0.60703125 0.1203125 0.0546875 0.240625
0 0.6348967852482766 0.1959223214575502 0.04627611067790856 0.08413095909205773
1 0.6828125 0.10625 0.146875 0.2125
1 0.7859375 0.10703125 0.153125 0.2140625
5 0.35 0.48515625 0.146875 0.1921875
8 0.23203125 0.49375 0.1359375 0.209375
4 0.11953125 0.5140625 0.1484375 0.25
7 0.4734375 0.48203125 0.165625 0.1859375
0 0.3078353932606852 0.5615389612701358 0.06190111067790873 0.08458560015828454
4 0.8549103879296851 0.8128981874509524 0.14720445337363453 0.30105769780928676
4 0.94375 0.7765625 0.1125 0.3125