2 0.0796875 0.33203125 0.128125 0.1546875
1 0.38515625 0.36328125 0.1515625 0.0921875
6 0.271875 0.35390625 0.140625 0.1109375
7 0.17421875 0.34375 0.1453125 0.13125
4 0.8595463865897912 0.1015625 0.10316528685347244 0.203125
10 0.93828125 0.10390625 0.1078125 0.2078125
0 0.9639961908263537 0.17890625 0.03237739532659738 0.0484375
1 0.9859375 0.103125 0.028125 0.1875
6 0.1859375 0.48984375 0.109375 0.1609375
3 0.31328125 0.50546875 0.1203125 0.1921875
1 0.43359375 0.51328125 0.1296875 0.2078125
0 0.3466833638883676 0.59453125 0.02285692496187508 0.0421875
3 0.5859375 0.7546875 0.153125 0.35625
4 0.7321487384134023 0.771875 0.19114067838034748 0.3578125
8 0.8832384597280551 0.7921875 0.17235431078916683 0.35625
0 0.9211534209747217 0.9421875 0.05545252583555573 0.1
1 0.971875 0.81953125 0.05625 0.3609375