1 0.0515625 0.22265625 0.103125 0.3890625
1 0.12992659404836138 0.2474321655594789 0.15236466804581603 0.3409549211621529
1 0.24566977271640678 0.2548972138121177 0.15082034937936156 0.34248105357097236
1 0.5468691933879521 0.2838339525098605 0.13648512937617988 0.31871624525034736
6 0.35125670138445225 0.2625986514074301 0.1427533107097254 0.32042421561506956
4 0.4499669213876338 0.283744993163055 0.12858172270845253 0.3107219072944446
0 0.5883583540738148 0.4243128289347563 0.023819308004454243 0.033358013867708355
9 0.634375 0.115625 0.03125 0.1875
10 0.6665720713717256 0.12951600731510382 0.0849033533577261 0.1816149823325695
1 0.7480220660407254 0.14481239257371487 0.08813744135899881 0.19106271751493065
0 0.7795271520528158 0.233165724545694 0.01587953866963616 0.02223867591180557
8 0.8467777393777707 0.16986498432933977 0.07879880402608971 0.19396951196784729
6 0.9211964840467706 0.18532502374826337 0.08050675469445316 0.20650587955902786
0 0.325 0.61640625 0.04375 0.0328125
1 0.5046875 0.66796875 0.15 0.1359375
1 0.39140625 0.66953125 0.1296875 0.1390625
7 0.28203125 0.66484375 0.1203125 0.1296875
3 0.18046875 0.671875 0.1359375 0.14375
3 0.07109375 0.66796875 0.1203125 0.1359375
4 0.75 0.7703125 0.18125 0.340625
8 0.89609375 0.75625 0.1578125 0.3125
7 0.9765625 0.76015625 0.046875 0.3203125