2 0.23303317777533064 0.18794215861713867 0.1266270205032381 0.27167610001590836
3 0.28671875 0.159375 0.1265625 0.290625
1 0.33125 0.15546875 0.0375 0.2796875
7 0.6751537011889756 0.20434731393223035 0.22614092558271395 0.3930976613621805
10 0.83515625 0.18046875 0.2203125 0.3609375
0 0.9129141068166057 0.2835786385662319 0.0768204495445131 0.09772952267663584
1 0.940625 0.16015625 0.11875 0.3203125
2 0.07109375 0.6984375 0.1328125 0.178125
10 0.196875 0.6953125 0.1875 0.171875
9 0.30078125 0.69140625 0.0984375 0.1640625
1 0.92734375 0.96875 0.1453125 0.0625