3 0.2860561380967259 0.32408046494947945 0.15900189311129082 0.31286628875333344
3 0.41691133300301875 0.34039840881305594 0.14770068025830946 0.30011171561506955
3 0.52265625 0.33515625 0.1140625 0.2953125
0 0.57421875 0.44140625 0.0109375 0.0859375
10 0.9484375 0.11328125 0.103125 0.2265625
7 0.46171875 0.840625 0.1828125 0.31875
9 0.55234375 0.84140625 0.0546875 0.3171875
5 0.63828125 0.71953125 0.1171875 0.4390625
1 0.63984375 0.7359375 0.1203125 0.46875
0 0.61953125 0.91484375 0.0796875 0.1671875
1 0.7453125 0.7640625 0.246875 0.471875
1 0.90546875 0.78203125 0.1890625 0.4359375