3 0.0328125 0.2203125 0.065625 0.3
3 0.06194945289035854 0.2183166453011768 0.12247335972519587 0.28972609621281215
3 0.18133595038307612 0.1957507780111259 0.1160869674053279 0.2850022347764936
0 0.23860522961253583 0.2946195491865605 0.030534597651002214 0.08297612646343318
1 0.3027934132360576 0.18254627518245545 0.13005853919208263 0.2819590480082102
1 0.41796875 0.159375 0.1015625 0.25625
6 0.85625 0.221875 0.209375 0.44375
6 0.98046875 0.19765625 0.0390625 0.3953125
7 0.39140625 0.7375 0.1234375 0.25625
5 0.76484375 0.903125 0.1515625 0.19375
8 0.90390625 0.8921875 0.1234375 0.215625