8 0.08359375 0.19921875 0.1671875 0.3046875
4 0.18135595089679973 0.22277274565401273 0.14846832223840883 0.2753323606144388
0 0.20687237378712703 0.3265053808632228 0.05139095048646745 0.08143353847458741
1 0.29262468750411913 0.24465269093735653 0.1738774253226639 0.2996428798517325
2 0.4227934285756653 0.25728412179273014 0.13920241639421035 0.2812549784004535
7 0.5953125 0.1265625 0.153125 0.253125
7 0.75 0.1296875 0.284375 0.259375
4 0.6125 0.1171875 0.1875 0.234375
0 0.6046201270335378 0.09342006235156841 0.09757620373287815 0.13301588584218216
3 0.1421875 0.5859375 0.284375 0.353125
8 0.33203125 0.60390625 0.2828125 0.3890625
6 0.43515625 0.63203125 0.1671875 0.4453125
0 0.50625 0.73515625 0.025 0.1109375
7 0.6663094237044014 0.6703992577197303 0.19095583116686257 0.29399308057737183
7 0.780938939532714 0.723392793747247 0.1721512840889618 0.29021331614940155
0 0.8127735462704171 0.8230009241471337 0.0559966298696164 0.07690972958158007
1 0.90859375 0.74140625 0.1828125 0.3046875
1 0.96796875 0.765625 0.0640625 0.303125