4 0.44140625 0.075 0.0953125 0.15
6 0.81953125 0.0953125 0.2734375 0.190625
7 0.94375 0.10078125 0.1125 0.2015625
4 0.01953125 0.58125 0.0390625 0.125
7 0.01796875 0.58515625 0.0359375 0.1328125
9 0.01875 0.5921875 0.0375 0.146875
5 0.01640625 0.603125 0.0328125 0.128125
3 0.14797190662885445 0.7350548796559371 0.15022343123013915 0.2814708183886113
1 0.24217650151861142 0.7524040741851037 0.14866093123013915 0.28143445079743074
6 0.33249303020395865 0.7706254376922216 0.14557229882131964 0.2829242156150696
1 0.421875 0.7828125 0.134375 0.25625
0 0.43676556895729207 0.9182797280610757 0.017769381458889198 0.025400043502986237
10 0.4703125 0.8140625 0.0375 0.271875
8 0.52890625 0.68203125 0.0796875 0.3203125
7 0.55703125 0.721875 0.1359375 0.2875
0 0.5910549850854518 0.8441571227220829 0.051854747150208526 0.08085126291777786
1 0.6783166361116324 0.7311284862292009 0.16926437195958358 0.29440722948277803
1 0.8038446193941324 0.7844872627303465 0.1849984747331252 0.2994584053945834