10 0.115625 0.0265625 0.05 0.053125
2 0.16015625 0.02421875 0.0359375 0.0484375
0 0.1734375 0.01328125 0.015625 0.0265625
0 0.20703125 0.02421875 0.0359375 0.0484375
0 0.2484375 0.02421875 0.0375 0.0484375
5 0.8125 0.0359375 0.059375 0.071875
1 0.87890625 0.034375 0.0515625 0.06875
1 0.95078125 0.0375 0.0578125 0.075
0 0.9081326230064233 0.04466768151447953 0.011337543502986058 0.017442073138263937
4 0.03203125 0.571875 0.0640625 0.246875
4 0.13267868132704833 0.5835639145126391 0.12751197663298636 0.24502417211208344
6 0.22386672577996497 0.5950664185967017 0.11472234232430586 0.29938436379145833
0 0.2661613689223607 0.6921966449453476 0.04589568787965277 0.09320579255305575
1 0.35548040169177053 0.5824962962558685 0.13038240349472244 0.23415940729444457
2 0.44921875 0.590625 0.0203125 0.28125
1 0.4890625 0.78671875 0.059375 0.3203125
4 0.490625 0.80234375 0.0625 0.3140625
7 0.5807862601648954 0.8195741496950003 0.10883601823611136 0.3148638934267362
7 0.6962839735957636 0.8277341014423616 0.10556554787138914 0.30854115824437506
3 0.80546875 0.84921875 0.0984375 0.3015625
1 0.91640625 0.853125 0.1046875 0.29375
0 0.85234375 0.99296875 0.0171875 0.0140625