6 0.08046875 0.24375 0.1609375 0.390625
4 0.2108947064001047 0.2602845567888089 0.15047931078916701 0.3570772226762452
8 0.3 0.26171875 0.059375 0.3421875
4 0.5385449680836115 0.30943512909571175 0.16712129692145866 0.333739716626121
7 0.6795700115865977 0.32744076141287737 0.15585648860083356 0.3196135841125637
0 0.7432350809251395 0.44498278541698244 0.05011040919430556 0.0721568011314682
4 0.8306785699072226 0.3423804810640605 0.1472088404244447 0.350809041958086
10 0.94609375 0.33828125 0.1078125 0.3109375
1 0.06015625 0.81796875 0.1203125 0.3640625
1 0.1703125 0.840625 0.253125 0.31875
10 0.0546875 0.81484375 0.109375 0.3703125
4 0.06328125 0.78125 0.1265625 0.4375
2 0.64140625 0.60859375 0.0859375 0.1171875
8 0.72109375 0.61328125 0.1015625 0.1265625
7 0.8 0.61015625 0.103125 0.1203125
0 0.8415634781515976 0.6282679840891225 0.03270470364722229 0.0626818071815924
1 0.89609375 0.60703125 0.0984375 0.1140625
1 0.96875 0.6140625 0.0625 0.128125