2 0.10071268925050383 0.25114884517409736 0.12896353071290695 0.34353440729444457
9 0.20074905191759468 0.2503513710096531 0.18423283338636115 0.3948072729857639
1 0.31652859325273097 0.2397613227570142 0.17783738271799762 0.38216180262104193
10 0.42474108259073073 0.20789568654847274 0.15220103604390722 0.3268924211621528
0 0.49129168857418615 0.3313526767648269 0.03681020401018138 0.07583645459715278
6 0.4859375 0.19921875 0.065625 0.3359375
3 0.54609375 0.11640625 0.0546875 0.2328125
3 0.54921875 0.109375 0.0609375 0.21875
0 0.52890625 0.1828125 0.0203125 0.034375
1 0.584375 0.09921875 0.13125 0.1984375
1 0.6984375 0.09140625 0.140625 0.1828125
8 0.0546875 0.809375 0.109375 0.38125
3 0.05546875 0.8 0.1109375 0.3625
0 0.0171875 0.921875 0.034375 0.109375
1 0.07109375 0.80078125 0.1421875 0.3640625
1 0.1984375 0.78125 0.24375 0.325
1 0.6595064339195037 0.8016034400638544 0.1279635573679075 0.25759690729444457
1 0.7527024505888218 0.7842360617390975 0.12485673870145302 0.2590866721120834
6 0.8450535825907307 0.7723192496187503 0.11388287603436212 0.2557070989738195
3 0.9343251679265034 0.756423452316042 0.1200237880330894 0.24647756933854179
3 0.80703125 0.95078125 0.0734375 0.0984375
5 0.98046875 0.73359375 0.0390625 0.2296875