7 0.15821039227611466 0.1711808936660387 0.1439055778660478 0.297794392044481
7 0.28559504889197296 0.1663724370904914 0.17375670432948082 0.32643758928453737
0 0.3599859948336386 0.2723690669601078 0.034838608313060425 0.08028751785690744
6 0.4015625 0.15 0.115625 0.3
3 0.6964870970965749 0.1896972942352316 0.12206693930236626 0.3036625624991762
4 0.8341143621236895 0.17022236566286156 0.12840784289316237 0.3193966566549776
1 0.95703125 0.165625 0.0859375 0.303125
4 0.03125 0.7984375 0.0625 0.30625
7 0.12011549463724691 0.7898917577073424 0.12359307786604781 0.2974398360381265
0 0.19909394662903662 0.9131577081938097 0.03627384328594587 0.05843979139585791
1 0.2702200337666625 0.774541267446575 0.14699421642972937 0.2915989391223818
2 0.43203125 0.75234375 0.0546875 0.2859375
10 0.8328125 0.59453125 0.1875 0.3109375
3 0.946875 0.584375 0.10625 0.290625