3 0.1640625 0.078125 0.171875 0.15625
3 0.5109375 0.06953125 0.078125 0.1390625
2 0.28359375 0.0609375 0.0921875 0.121875
2 0.46484375 0.059375 0.0796875 0.11875
9 0.353125 0.07109375 0.1375 0.1421875
6 0.021875 0.0421875 0.04375 0.084375
2 0.5859375 0.15 0.071875 0.3
6 0.6390625 0.15 0.178125 0.3
4 0.7796875 0.1515625 0.14375 0.296875
0 0.821875 0.27890625 0.05625 0.0421875
1 0.91484375 0.1515625 0.1703125 0.296875
5 0.05625 0.6546875 0.1125 0.4375
3 0.17366632161953183 0.6810548055559257 0.21025780659241713 0.42635922618081656
6 0.34785780054229304 0.6712980576674967 0.18031577653818792 0.38174540815498564
0 0.405625369627742 0.7962011177757689 0.05523292154477701 0.09534124373179384
1 0.475 0.66953125 0.15 0.3859375
2 0.5890625 0.47890625 0.078125 0.3578125
5 0.59609375 0.5 0.0921875 0.35
9 0.59140625 0.49609375 0.0828125 0.3578125
0 0.5671875 0.63125 0.034375 0.11875
1 0.63359375 0.5203125 0.1671875 0.3625
1 0.7665987101832133 0.532166046846944 0.18325896935659572 0.35058633636823106