3 0.04453125 0.0640625 0.0890625 0.128125
10 0.12265625 0.0546875 0.0859375 0.109375
1 0.21328125 0.0578125 0.0921875 0.115625
1 0.2984375 0.06640625 0.10625 0.1328125
0 0.15703125 0.0909860953769126 0.0296875 0.07864319724005639
1 0.51015625 0.14296875 0.0609375 0.2859375
1 0.51875 0.1515625 0.078125 0.303125
9 0.5984375 0.15703125 0.128125 0.3140625
8 0.70546875 0.16614005398105486 0.1171875 0.30673301542127546
1 0.79609375 0.19112068872193505 0.1296875 0.29445120373287814
2 0.9078125 0.19073313068698586 0.084375 0.30772277110331847
0 0.9265625 0.32087459821958164 0.0296875 0.0645806972400564
4 0.96953125 0.26953125 0.0609375 0.1578125
2 0.10859375 0.66953125 0.0859375 0.3390625
1 0.2546875 0.66953125 0.159375 0.3390625
8 0.43125 0.675 0.096875 0.35
6 0.71171875 0.86796875 0.1296875 0.2640625
8 0.8546875 0.875 0.1 0.25
10 0.95703125 0.875 0.0859375 0.25