3 0.12051830128104787 0.340837865262415 0.10136469470081658 0.25328073295387143
10 0.2079728479471843 0.343216797081196 0.08221470536281679 0.21857845048646735
1 0.3000148972788207 0.3541076582831259 0.08835561736154425 0.20931254464226862
1 0.3843444439449571 0.3565411371798075 0.10111015603118041 0.23140573295387146
0 0.24439105860123025 0.43553098214638786 0.02901588534372692 0.0770534237011061
9 0.6118978266231838 0.2861406826328552 0.10329082137172563 0.28455800649282176
6 0.7244341892902748 0.28105198782843066 0.10009309603754382 0.2782534594149211
0 0.7706904766072754 0.4005326448904453 0.020839758672817864 0.045667056006354304
1 0.838323966621593 0.2939047694850559 0.10281810669954403 0.24393300649282174
5 0.94921875 0.296875 0.1015625 0.259375
7 0.24765625 0.85 0.1609375 0.3
4 0.4078125 0.85 0.14375 0.3
0 0.4453125 0.946875 0.06875 0.10625
3 0.51015625 0.771875 0.0609375 0.14375
2 0.66015625 0.77734375 0.0609375 0.1546875
3 0.76484375 0.775 0.1265625 0.15
0 0.8218064392505038 0.821599121351495 0.023837489337999784 0.03478410308425506
1 0.90703125 0.775 0.1203125 0.15