8 0.0328125 0.48203125 0.065625 0.2671875
1 0.03203125 0.478125 0.0640625 0.2625
7 0.03515625 0.471875 0.0703125 0.26875
8 0.05 0.46171875 0.1 0.2609375
9 0.1153806782797524 0.45331114975182346 0.13530832884638358 0.24911143019392784
3 0.41171875 0.303125 0.1234375 0.45625
2 0.5153435743605441 0.24430079382819453 0.12896270361527443 0.4067330154212755
0 0.5931550226320492 0.41762129139256254 0.045341243731793844 0.055451159090609534
6 0.665625 0.215625 0.215625 0.43125
10 0.8703125 0.18515625 0.228125 0.3703125
2 0.12734375 0.95546875 0.1453125 0.0890625
2 0.23984375 0.9625 0.1515625 0.075
1 0.29921875 0.946875 0.1015625 0.10625
2 0.5046875 0.84296875 0.159375 0.3140625
8 0.6328125 0.84296875 0.221875 0.3140625
3 0.778125 0.84921875 0.215625 0.3015625
0 0.85625 0.96640625 0.078125 0.0671875
4 0.9109375 0.83203125 0.178125 0.3359375