2 0.0328125 0.2515625 0.065625 0.303125
1 0.03984375 0.26171875 0.0796875 0.3140625
3 0.0640625 0.28046875 0.128125 0.3234375
6 0.14064474801626545 0.3100117783050229 0.15540678493120835 0.2932906619159093
1 0.22734375 0.3234375 0.1484375 0.271875
6 0.63359375 0.31015625 0.0671875 0.2734375
1 0.63984375 0.3265625 0.0796875 0.265625
0 0.628125 0.44921875 0.021875 0.0203125
1 0.71640625 0.3375 0.1546875 0.24375
1 0.87109375 0.3609375 0.0984375 0.196875
6 0.10234375 0.58359375 0.2046875 0.2484375
7 0.23515625 0.6046875 0.1921875 0.290625
1 0.36217504075202206 0.6197086902209323 0.18720242195451692 0.3098249440483629
1 0.49455103113337523 0.6360731392838601 0.19065480416850206 0.31929087226160835
0 0.2708109415703287 0.7054212181967507 0.07989088584218215 0.09754024122451135
3 0.71875 0.66640625 0.2375 0.4140625
1 0.874657682584654 0.6940421343358022 0.25006949890369173 0.41155258010002493
10 0.96015625 0.71796875 0.0796875 0.4015625