4 0.1479750665856594 0.2181076882609025 0.07245949430041687 0.16097517401194458
10 0.21069327213274272 0.20727798461368022 0.07445840539458351 0.17976154160312507
0 0.23650958330315933 0.27226655176802056 0.022747822188333443 0.03800914627652787
1 0.2794069045415622 0.2072403106017357 0.07216855357097245 0.1484751740119446
1 0.343977897607708 0.2174498055677426 0.06642769984750015 0.1702047036472223
2 0.47241398176388866 0.1797550094993053 0.07493249050069473 0.2672251740119445
8 0.5702520697197915 0.16966953505052054 0.10610975531833358 0.2648275258355556
8 0.6958332979682984 0.1753356939604857 0.09506315254479177 0.2598854526972918
1 0.794833842421215 0.18240135192052037 0.11661084422416686 0.24633209897381958
0 0.7245557503812496 0.2832020921368746 0.021403527735416716 0.04734777868534721
2 0.9474321655594788 0.16791801178041607 0.06853702013597243 0.2608297036472223
3 0.02578125 0.64453125 0.0515625 0.2328125
2 0.01328125 0.64765625 0.0265625 0.2484375
3 0.04375 0.6484375 0.0875 0.24375
0 0.07706184812079826 0.7598379805296176 0.01940461664125017 0.028561411094166544
1 0.148866072569583 0.6605633727220829 0.10400174145062521 0.24135365824437507
2 0.2847308373872218 0.6605243922893744 0.06315853590354195 0.23103310087368065
4 0.46796875 0.7765625 0.0765625 0.35
2 0.46015625 0.78203125 0.0609375 0.3140625
3 0.52457066812493 0.8034964083412843 0.1536406783803475 0.36119468597979176
7 0.6391780287822565 0.8109796403895133 0.13743379692145866 0.3358310100679862
0 0.6641754159407286 0.9447000237482633 0.027908100873680654 0.05843074905006951
3 0.7407405287822565 0.8086157469627772 0.14535539969500028 0.340700348023889