4 0.10194118628630315 0.29421428695038154 0.11138533360249454 0.20719686379145835
10 0.17515654383478507 0.2604919439604857 0.1180444366867496 0.23077983415618064
0 0.22705423458201981 0.32956794586034677 0.033685253246410876 0.05076371941479181
1 0.2590912130716644 0.23901502783232598 0.1111398717519414 0.19313436379145835
1 0.33966905722746576 0.2308920968865273 0.10688874837514675 0.2180252610179167
6 0.7296875 0.3265625 0.259375 0.30625
6 0.88515625 0.31171875 0.2203125 0.3359375
0 0.9703125 0.4484375 0.059375 0.0625
1 0.959375 0.29375 0.08125 0.371875
3 0.09140625 0.63046875 0.1828125 0.3015625
8 0.36875 0.5890625 0.1625 0.21875
7 0.22421875 0.6171875 0.2109375 0.275
3 0.5645502804421045 0.6362238682567707 0.15531834009531628 0.30817878875333343
3 0.70546875 0.625 0.1671875 0.290625
7 0.84375 0.60859375 0.159375 0.2578125
0 0.9315371830398922 0.6839093005337495 0.02724433847375849 0.039680749050069505
1 0.9515625 0.59375 0.096875 0.228125