3 0.10625 0.0796875 0.171875 0.159375
8 0.359375 0.08046875 0.140625 0.1609375
0 0.3846087449318344 0.11571335998740925 0.050472698672140125 0.08212275324641087
1 0.2359375 0.07734375 0.171875 0.1546875
3 0.4765625 0.090625 0.09375 0.18125
4 0.4796875 0.09140625 0.1 0.1828125
8 0.55546875 0.090625 0.1828125 0.18125
0 0.5898456907753042 0.11338324675688441 0.05840337334017516 0.1025716209411625
1 0.7140625 0.09375 0.20625 0.1875
1 0.86875 0.1125 0.228125 0.225
3 0.17093765125310512 0.6424021396121443 0.15953966822512733 0.2996296274339844
2 0.3543541392510526 0.6696662487854793 0.1017998910977644 0.31112050649282175
3 0.403125 0.68359375 0.053125 0.3109375
2 0.5421223048439013 0.6662157406678044 0.11879649355709229 0.27860801542127545
2 0.7637064133533535 0.7123428981368563 0.1249828610435351 0.2677796095770768
2 0.9765625 0.74296875 0.046875 0.2796875
1 0.8745757356602564 0.722125226871382 0.17199421642972937 0.2920353157455871
7 0.6366262837666625 0.6692531915613089 0.15323512607064965 0.29014553327818293
0 0.7817837267814618 0.827640615669452 0.055114746876741984 0.07439207386326192