3 0.03359375 0.14453125 0.0671875 0.2890625
3 0.45390625 0.19921875 0.0703125 0.3015625
8 0.24129015885535346 0.17078268953271403 0.1064783007386847 0.3096398271096728
0 0.27942648399092673 0.2795031245979058 0.041079517953980724 0.07883411201270878
1 0.3538856076256895 0.18522524472828952 0.13148739109776422 0.31163870373287816
1 0.1109375 0.14609375 0.1375 0.2921875
1 0.52578125 0.14921875 0.0734375 0.2984375
1 0.52421875 0.146875 0.0703125 0.29375
1 0.5828125 0.15078125 0.128125 0.3015625
6 0.68828125 0.1546875 0.1234375 0.309375
5 0.79140625 0.1453125 0.1109375 0.290625
3 0.8808975595192834 0.15661327516709872 0.10019193930236625 0.3032807329538715
0 0.9168173996819713 0.28724962054071607 0.02999657220870695 0.053643197240056395
9 0.9609375 0.1546875 0.078125 0.30625
7 0.221875 0.68203125 0.109375 0.1859375
9 0.3106850534691592 0.6971133644516361 0.08716469847574845 0.2124375446422686
0 0.34388843890958276 0.763728120133679 0.03787270472226432 0.0647170649348082
1 0.3981759631100795 0.6940235462704171 0.09337833703942984 0.20629663879807011
1 0.47265625 0.69765625 0.0328125 0.1734375
6 0.5860617824901162 0.7653060312528834 0.0921521803253759 0.26408186525911964
1 0.7032810987468949 0.7687292658316078 0.11562604176169415 0.2707409683433749
0 0.7515963997801671 0.8811786728936225 0.017369307181592398 0.03155000892845372
1 0.8204640535673551 0.7659025004103324 0.11247377068445541 0.26599892126547414
1 0.975 0.77265625 0.05 0.2546875