4 0.0109375 0.46484375 0.021875 0.1546875
1 0.05883710617176119 0.47106472545590083 0.05246244554888211 0.1561878155185486
1 0.13461835617176118 0.4688597162847007 0.05089085518980259 0.15457985141192587
1 0.20106096760807973 0.4606774917532368 0.05238063231716552 0.1421253155185484
0 0.0991166725267357 0.5292576586837111 0.012681807181592397 0.03161371285298138
6 0.671875 0.40078125 0.23125 0.4359375
6 0.8472638019170351 0.3932927296125358 0.16029416802873567 0.43115437476889085
0 0.946875 0.5546875 0.053125 0.128125
1 0.9734375 0.40390625 0.053125 0.4265625
8 0.24765625 0.72421875 0.1046875 0.2109375
7 0.35078125 0.7234375 0.1046875 0.209375
0 0.40390625 0.79765625 0.0109375 0.0765625
4 0.46328125 0.8078125 0.1078125 0.378125
5 0.503125 0.809375 0.1875 0.38125
0 0.5884104558024188 0.9318180205204781 0.07262040944452863 0.13021634890464337
1 0.72265625 0.80078125 0.2140625 0.3640625
1 0.91328125 0.8046875 0.1734375 0.371875