1 0.12734375 0.50546875 0.1953125 0.1484375
5 0.26015625 0.5015625 0.1859375 0.15625
5 0.47734375 0.48125 0.1703125 0.196875
5 0.5390625 0.4671875 0.059375 0.225
2 0.4 0.49765625 0.134375 0.1640625
5 0.65078125 0.303125 0.1640625 0.553125
8 0.67890625 0.28984375 0.2203125 0.5796875
0 0.7796875 0.503125 0.096875 0.153125
1 0.86796875 0.284375 0.2640625 0.56875
3 0.25068371770627557 0.7564335715916972 0.17828966822512732 0.3030406983633867
4 0.3851859827333902 0.7392510499921509 0.1658533007386847 0.31354168874473987
9 0.49375 0.72734375 0.15 0.2953125
0 0.55703125 0.83125 0.0234375 0.075
1 0.54921875 0.7359375 0.0390625 0.3125
3 0.88203125 0.88203125 0.1390625 0.2359375
10 0.96171875 0.8734375 0.0765625 0.253125