1 0.0453125 0.24609375 0.090625 0.3671875
1 0.08203125 0.2546875 0.1640625 0.35
5 0.21484375 0.26796875 0.1671875 0.3234375
5 0.4421875 0.27421875 0.153125 0.3109375
0 0.48984375 0.41015625 0.0390625 0.0390625
2 0.35859375 0.2796875 0.1171875 0.3
2 0.5890625 0.25546875 0.1375 0.3484375
1 0.7296875 0.271875 0.19375 0.315625
10 0.90546875 0.2875 0.1671875 0.284375
5 0.07734375 0.79375 0.1546875 0.359375
1 0.21524849350388298 0.8078125 0.16112405519228012 0.36875
0 0.273212772317839 0.95078125 0.05467959172016954 0.0890625
1 0.3640625 0.821875 0.178125 0.35625
3 0.59453125 0.59609375 0.1515625 0.3328125
2 0.7397496615229462 0.609375 0.1353331225627203 0.3234375
7 0.8446553498345489 0.621875 0.15794450811437954 0.365625
0 0.8932037183400794 0.7625 0.05004663879807012 0.0921875
1 0.9484375 0.6421875 0.103125 0.34375