1 0.04375 0.1640625 0.0875 0.328125
1 0.06875 0.17421875 0.1375 0.3484375
1 0.16796875 0.2055259566512823 0.1625 0.3578532670887588
7 0.2671875 0.21904523588074198 0.1515625 0.33722251834239997
9 0.3703125 0.24495085484364507 0.15625 0.32954641066226814
1 0.465625 0.2562400443396616 0.146875 0.313648626022532
0 0.50234375 0.3957966378340285 0.0359375 0.0557331744523216
5 0.52890625 0.2828125 0.0796875 0.29375
2 0.60859375 0.1703125 0.0796875 0.340625
1 0.61875 0.175 0.1 0.35
9 0.6234375 0.19453125 0.109375 0.3890625
0 0.6265625 0.3407179959098719 0.0640625 0.12061402837152997
1 0.73671875 0.19375 0.1953125 0.3875
1 0.88515625 0.2277249362638182 0.2125 0.40462061850068454
6 0.15078125 0.6939927262473236 0.253125 0.4683026852728743
9 0.35234375 0.7506278564929977 0.2453125 0.45245036473976086
0 0.4015625 0.92578125 0.08125 0.1484375
1 0.49921875 0.76953125 0.1390625 0.4578125
5 0.6296875 0.8484375 0.121875 0.25625
6 0.72109375 0.8614744282797524 0.121875 0.25510870031656907
0 0.75234375 0.97109375 0.0453125 0.0578125
1 0.82265625 0.865625 0.1328125 0.26875
2 0.93671875 0.88359375 0.0953125 0.2328125