3 0.13203125 0.16640625 0.2640625 0.3328125
8 0.3875 0.21015625 0.084375 0.3890625
7 0.29140625 0.19296875 0.2328125 0.3859375
10 0.7083858897239234 0.17454846458301754 0.18307360524208355 0.34789312021691715
2 0.8770625013311802 0.21028091062287899 0.10909059137437538 0.32402837334017515
0 0.8698649843293398 0.35170988652057805 0.03742857123840295 0.06427157825883115
7 0.946875 0.25 0.10625 0.325
7 0.0953125 0.73125 0.190625 0.203125
5 0.26484375 0.72890625 0.2359375 0.1984375
0 0.3077267006099994 0.8036501573032293 0.04531380642076392 0.06744203005422929
1 0.3796875 0.75625 0.1 0.253125
6 0.48046875 0.73359375 0.1015625 0.2078125
8 0.54375 0.73984375 0.13125 0.2203125
0 0.558619013014687 0.8366893953993728 0.06657186379145834 0.10818520472226431
1 0.6359375 0.753125 0.146875 0.246875
2 0.7459021138883676 0.7777951426688982 0.11315853590354194 0.2303147347764936