3 0.08828125 0.1640625 0.1765625 0.328125
8 0.38125 0.1625 0.05625 0.325
7 0.253125 0.17265625 0.140625 0.3453125
2 0.4375 0.259375 0.05625 0.18125
1 0.51171875 0.25390625 0.0984375 0.1921875
3 0.61015625 0.24921875 0.1015625 0.2015625
6 0.7078125 0.259375 0.096875 0.18125
1 0.7984375 0.2609375 0.090625 0.178125
6 0.36015625 0.7609375 0.0984375 0.30625
1 0.896746172330344 0.518045805596022 0.1253282946885605 0.3271546095770768
1 0.978125 0.5234375 0.04375 0.340625
6 0.7560711753554061 0.5241849370904914 0.12674534894328673 0.3021818831160271
4 0.6318115187395479 0.5290479407439393 0.10663283684303818 0.3362023271096728
3 0.47393538622599046 0.537230813309955 0.12212148145684391 0.31303756249917625
0 0.8271553141154794 0.6613770198822071 0.050554511903856715 0.09618525324641088