1 0.1765625 0.1484375 0.140625 0.296875
1 0.28046875 0.15 0.1390625 0.3
9 0.3765625 0.1375 0.134375 0.275
3 0.471875 0.13046875 0.11875 0.2609375
3 0.5625 0.13125 0.134375 0.2625
0 0.6244026407049809 0.2191264892459543 0.025254530054229285 0.044477425705962935
5 0.62421875 0.10859375 0.0515625 0.2171875
10 0.7046875 0.18359375 0.109375 0.3671875
10 0.86953125 0.1625 0.2609375 0.325
7 0.1124202702916719 0.6846451553184988 0.15842259582002854 0.3779839106622681
1 0.2592498184962738 0.6725590292959668 0.14723965612487894 0.3354781619159093
1 0.417770845623637 0.6554444224737647 0.1566601079202771 0.3435634465556454
1 0.5560702763417961 0.6545458490376573 0.1630191922292326 0.3624953029821363
0 0.34667761650448403 0.7919107713784079 0.07567268657189175 0.11780727711788863
3 0.7453125 0.5890625 0.178125 0.240625
2 0.93125 0.58515625 0.121875 0.2328125