1 0.03203125 0.24375 0.0640625 0.321875
1 0.08974379217180592 0.25533733551030124 0.12794969414791701 0.33162573620994634
9 0.1863278514423615 0.24565611012090738 0.12457012100965308 0.3205973079967011
3 0.28234886626000044 0.24532715267820232 0.10883601823611144 0.31545516693047426
3 0.3722108000555906 0.2487225888090065 0.12475195896555569 0.3284098079967011
0 0.429862258736806 0.37765758254080034 0.02441942496187508 0.04286946159934022
5 0.4453125 0.24453125 0.06875 0.2671875
7 0.7794797458190282 0.18143448574772805 0.16912020801562538 0.3562453029821361
7 0.940625 0.1734375 0.11875 0.334375
7 0.446875 0.6375 0.065625 0.175
5 0.7253169630496183 0.7464313484424249 0.1275132830537503 0.31287573620994635
8 0.8328924204965628 0.7058411038527013 0.09506315254479195 0.26040395407749284
0 0.8961217319513199 0.8396227219576744 0.027691201747361303 0.11635242570596294
1 0.93984375 0.71875 0.1203125 0.290625