10 0.02109375 0.215625 0.0421875 0.203125
6 0.05783982874093789 0.20961054674247181 0.07300500816812523 0.1852133029025577
1 0.13669152735416698 0.2045113297747636 0.0918277433504862 0.18899306733052795
3 0.22500914494534766 0.20299098059307025 0.0921186840799308 0.20149306733052796
0 0.10328092173083388 0.28073901307720794 0.03266833605604162 0.06202877404661713
7 0.687473430564549 0.3373114500078492 0.1259507830537503 0.3135218413771451
1 0.8142723199072226 0.3430480401190499 0.1127961664125003 0.2849603317584982
0 0.8843328596104867 0.46413930091882316 0.022602351823611144 0.03201389183263181
1 0.94296875 0.34140625 0.1140625 0.2859375
8 0.0390625 0.9109375 0.078125 0.178125
5 0.03984375 0.90078125 0.0796875 0.1984375
1 0.09609375 0.89375 0.1609375 0.2125
1 0.2609375 0.88125 0.1375 0.2375
2 0.578125 0.6390625 0.0875 0.140625
9 0.678125 0.64296875 0.140625 0.1484375
3 0.78828125 0.63828125 0.1296875 0.1390625
0 0.8587126509292713 0.6449974313187097 0.04720361474138901 0.08283234736759475
1 0.91484375 0.64296875 0.1296875 0.1484375