10 0.309375 0.05234375 0.11875 0.1046875
6 0.38828125 0.046875 0.1015625 0.09375
1 0.465625 0.0484375 0.121875 0.096875
3 0.55234375 0.0515625 0.1234375 0.103125
0 0.44453125 0.025 0.0421875 0.05
1 0.92734375 0.26015625 0.1453125 0.2171875
8 0.84375 0.275 0.171875 0.1875
3 0.06015625 0.60234375 0.1203125 0.3015625
2 0.1589665708571532 0.5860752366040242 0.15378484232430586 0.2994387126613319
7 0.2659796370615629 0.5871622240221224 0.18256445896555587 0.32805463636243815
0 0.3335145888089241 0.7039190758885615 0.05181837955902786 0.07899775324641087
8 0.38520176253652816 0.5759673997518234 0.1526587534184724 0.31816143912238176
9 0.4935409393982642 0.566925410708872 0.19575413677722225 0.29080009821299113
6 0.73359375 0.65625 0.0890625 0.328125
8 0.75625 0.61640625 0.134375 0.3046875
0 0.8176525462558685 0.7201850040538945 0.03237739532659738 0.04898297077900686
10 0.8614363010055213 0.5881907102224047 0.1666121506449308 0.3137194009729347
3 0.946875 0.55078125 0.10625 0.2984375