6 0.19224956987101596 0.1380660639190876 0.13731014422102222 0.23672836123992677
5 0.2967779885871226 0.1648007598607532 0.12491922852997775 0.2554056383672899
0 0.315636552015231 0.28031213037225805 0.042560204722264315 0.06430793969514959
1 0.340625 0.1859375 0.0375 0.23125
2 0.3875 0.225 0.05625 0.228125
10 0.409375 0.24140625 0.1 0.2390625
5 0.49107743443059243 0.26121721760807964 0.11691583098930565 0.22254768657189175
1 0.5830876724285398 0.29114963642238223 0.11386355386194254 0.23502950585373233
1 0.6689115429400446 0.3101809166730033 0.12325673458010193 0.2382090480082102
0 0.5178712177062754 0.3555893863241863 0.04421360831306061 0.07994203005422928
7 0.02578125 0.7046875 0.0515625 0.1875
10 0.02109375 0.7203125 0.0421875 0.184375
0 0.00625 0.78828125 0.0125 0.0421875
1 0.0359375 0.734375 0.071875 0.171875
1 0.10193766637841559 0.7500610281093217 0.09152494554888228 0.1552147408266178
10 0.62734375 0.79453125 0.2828125 0.4109375
6 0.8109375 0.80625 0.225 0.3875
0 0.85 0.97890625 0.075 0.0421875
10 0.9296875 0.8328125 0.140625 0.334375