5 0.03828125 0.51171875 0.0765625 0.1546875
1 0.1140625 0.50703125 0.109375 0.1640625
6 0.2140625 0.50390625 0.1125 0.1703125
10 0.303125 0.503125 0.096875 0.171875
10 0.39296875 0.50234375 0.0984375 0.1734375
3 0.62265625 0.1640625 0.0671875 0.328125
9 0.6328125 0.16015625 0.0875 0.3203125
8 0.77421875 0.13828125 0.1078125 0.2765625
0 0.8445064502500621 0.2698636779085758 0.029534387305303157 0.049092116641249996
1 0.91796875 0.1453125 0.1453125 0.290625
7 0.38046875 0.65234375 0.0890625 0.1265625
7 0.49140625 0.6453125 0.0859375 0.1125
0 0.5559296835570147 0.6809473014836801 0.01818771034569906 0.034775043502986235
4 0.7375 0.8078125 0.153125 0.384375
7 0.97734375 0.80390625 0.0453125 0.3546875
7 0.8867130191338228 0.8118712995838191 0.15499635471063122 0.3361946859797918
0 0.9652364873970807 0.9312194052071522 0.04446070533113407 0.07910692496187507