5 0.05546875 0.46640625 0.1109375 0.1265625
1 0.14296875 0.46953125 0.1203125 0.1203125
6 0.24296875 0.47578125 0.1234375 0.1078125
10 0.33203125 0.48203125 0.1078125 0.0953125
10 0.4203125 0.48828125 0.109375 0.0828125
9 0.558369022317839 0.1948097766152296 0.1127762840889619 0.2856295120146356
7 0.6884792621715693 0.21751947593095772 0.1174910576279121 0.28724655601527205
1 0.8216190446389735 0.23472406257959494 0.12220583116686257 0.2888636000159085
2 0.97734375 0.24140625 0.0453125 0.2734375
2 0.7413605746707456 0.3372410825907307 0.025763659090609535 0.044040901336727244
8 0.0625 0.76484375 0.125 0.4703125
3 0.09296875 0.76484375 0.1859375 0.4703125
0 0.14921875 0.95234375 0.1015625 0.0953125
1 0.30390625 0.76484375 0.2703125 0.4703125
5 0.8921875 0.65 0.134375 0.240625
5 0.97109375 0.65390625 0.0578125 0.2484375