8 0.20859375 0.12890625 0.1421875 0.2578125
5 0.30078125 0.14296875 0.1453125 0.2859375
5 0.48428316452848674 0.18024864060678497 0.12975202050323809 0.2710124576491307
0 0.5175271957466799 0.3023418092246958 0.032251994009550165 0.0736102168225127
10 0.3966839608076224 0.16020378531878662 0.14468753974053178 0.29609427088084705
3 0.5790227456540127 0.19720940251064167 0.13433039309857636 0.2679147287263694
4 0.93828125 0.06484375 0.1171875 0.1296875
2 0.6671875 0.03203125 0.015625 0.0640625
9 0.67421875 0.03515625 0.0296875 0.0703125
2 0.8828125 0.0609375 0.059375 0.121875
6 0.23315717414713358 0.764140809813871 0.23166672848527164 0.4606294695529872
8 0.41413435563547923 0.7730077914671066 0.21091771886662478 0.44801129488495217
1 0.57578125 0.79140625 0.1671875 0.4171875
0 0.4734375 0.9484375 0.065625 0.103125
0 0.8166715346767542 0.8431430294650542 0.09008434137714509 0.11924996974937904
1 0.92265625 0.68515625 0.1546875 0.4515625
9 0.76484375 0.67421875 0.2109375 0.4296875
5 0.73125 0.6703125 0.14375 0.421875