6 0.1515625 0.37109375 0.178125 0.1359375
2 0.290625 0.3640625 0.146875 0.15
1 0.37734375 0.34765625 0.1234375 0.1828125
3 0.80703125 0.0796875 0.1453125 0.159375
6 0.9421875 0.07890625 0.115625 0.1578125
6 0.3024680324901162 0.7200571058899333 0.1312237706844554 0.268591287293461
4 0.39140625 0.7 0.0953125 0.271875
3 0.7421875 0.61640625 0.171875 0.3546875
6 0.86640625 0.5953125 0.1609375 0.3125
0 0.9579782099868217 0.6945536528020412 0.06464428298109545 0.10223711179556502
8 0.96640625 0.59296875 0.0671875 0.3078125