6 0.32421875 0.228125 0.1890625 0.31875
2 0.39921875 0.2609375 0.0390625 0.328125
8 0.7567247437983008 0.1734632084346975 0.11499582884638367 0.2475022347764936
1 0.8523949449727997 0.21430585617176118 0.1413142879384413 0.29296018052176753
0 0.8862721883088822 0.3117484827333902 0.02622753087881229 0.04233294574527378
1 0.9484375 0.22265625 0.103125 0.2703125
7 0.053125 0.6296875 0.10625 0.240625
4 0.1046875 0.64296875 0.20625 0.2671875
0 0.12080030100357905 0.7224769044745589 0.09677937476889084 0.15834883118569748
1 0.23203125 0.64921875 0.2140625 0.2796875
3 0.340625 0.6515625 0.15625 0.284375
3 0.45 0.8765625 0.0625 0.190625
5 0.525 0.90234375 0.10625 0.1953125
6 0.60703125 0.915625 0.0828125 0.16875
0 0.62734375 0.9875 0.0296875 0.025
1 0.68828125 0.92109375 0.1140625 0.1578125
1 0.77109375 0.93359375 0.1078125 0.1328125