4 0.09921875 0.35390625 0.1359375 0.2109375
2 0.22421875 0.365625 0.1078125 0.1875
3 0.32109375 0.36484375 0.1359375 0.1890625
7 0.4125 0.375 0.075 0.16875
6 0.7390625 0.08359375 0.084375 0.1671875
6 0.83046875 0.08671875 0.0828125 0.1734375
0 0.8678367687380423 0.13353266355154111 0.02549089600572696 0.042623876623205346
1 0.9140625 0.09609375 0.09375 0.1921875
1 0.98125 0.0890625 0.0375 0.178125
3 0.03125 0.67578125 0.0625 0.2890625
4 0.0265625 0.67265625 0.053125 0.2609375
1 0.04609375 0.68359375 0.0921875 0.2890625
1 0.1436447433959062 0.6790923997518235 0.09355219470081658 0.25314436525911965
1 0.23979303739654254 0.6854572223972694 0.09333401869827132 0.23439436525911966
0 0.08229016740926927 0.7764389581938097 0.03050566000954511 0.07083069724005639
6 0.59375 0.5359375 0.15 0.153125
5 0.7265625 0.53046875 0.11875 0.1421875
0 0.7704259667409057 0.5835014358726754 0.030342028007635947 0.0567681972400564
1 0.8390625 0.53359375 0.109375 0.1484375
1 0.96328125 0.5328125 0.0734375 0.146875