3 0.82421875 0.11171875 0.2484375 0.2234375
3 0.921875 0.11640625 0.15625 0.2328125
1 0.5062351027211793 0.4776842692552763 0.19933057471354337 0.3475851666931806
8 0.39140625 0.4578125 0.1671875 0.3375
0 0.5366958567393147 0.6109416645846857 0.0775988360120902 0.08995338534372692
6 0.61953125 0.51328125 0.1609375 0.3515625
6 0.7515625 0.54609375 0.103125 0.3859375
5 0.75234375 0.578125 0.1046875 0.3625
0 0.7384952614178598 0.7330802939210945 0.03808180267345414 0.05043635200509069
1 0.8613867740690424 0.6175723779042317 0.22293170671545237 0.36192038669636234
2 0.9828125 0.64921875 0.034375 0.3265625