2 0.0515625 0.23984375 0.103125 0.4140625
2 0.1015625 0.25390625 0.203125 0.4140625
10 0.2078125 0.2950067013844522 0.2296875 0.4339226560311804
3 0.3421875 0.3317265460693604 0.23125 0.4120658373647258
0 0.35078125 0.48651404340386045 0.046875 0.06148294000636341
8 0.428125 0.3375 0.103125 0.390625
6 0.60546875 0.18046875 0.2515625 0.3609375
10 0.7546875 0.1796875 0.228125 0.359375
0 0.784375 0.3288213640992682 0.0921875 0.12919769867918127
1 0.89375 0.209375 0.2125 0.41875
2 0.27578125 0.9296875 0.1390625 0.140625
2 0.3859375 0.94609375 0.1375 0.1078125
5 0.8828125 0.7796875 0.234375 0.390625
5 0.96484375 0.821875 0.0703125 0.35625