3 0.0359375 0.27109375 0.071875 0.2296875
9 0.081444188056952 0.23814697813719424 0.13550333736472595 0.23202268052176755
0 0.13854871073358782 0.3119117310640604 0.03975339067472685 0.05960225897699054
1 0.16555555872054298 0.21598160752749357 0.12274879869508962 0.21007495764913067
1 0.24804988538349768 0.18911964655871333 0.1355215186982713 0.23358518052176755
4 0.70859375 0.07421875 0.1546875 0.1484375
4 0.88203125 0.071875 0.1390625 0.14375
10 0.94375 0.0671875 0.1125 0.134375
10 0.7984375 0.07421875 0.153125 0.1484375
6 0.0546875 0.590625 0.109375 0.3625
9 0.121875 0.57734375 0.2 0.3359375
0 0.222824260741542 0.6860259419346448 0.06201019867918127 0.09254202400410509
1 0.26484375 0.57890625 0.1953125 0.3390625
2 0.403125 0.53359375 0.171875 0.2484375
2 0.596875 0.60234375 0.215625 0.3578125
7 0.73046875 0.575 0.2046875 0.33125
6 0.84921875 0.54453125 0.1609375 0.2703125
0 0.9440180080760421 0.6497935261454044 0.08579314401654478 0.12236587939029935
0 0.94375 0.53125 0.1125 0.24375