3 0.13968725494805795 0.24246631859446968 0.15043322367353404 0.23052381303532493
9 0.23763902164110534 0.2531907160369459 0.13954118778015676 0.23202268052176755
0 0.25824468982522086 0.34392025516636143 0.04079013605166182 0.05960225897699036
1 0.284375 0.26953125 0.05 0.2109375
8 0.72421875 0.21484375 0.3578125 0.4296875
8 0.48125 0.18125 0.34375 0.3625
0 0.796875 0.35390625 0.13125 0.1515625
1 0.9 0.21484375 0.2 0.4296875
4 0.12043480126627655 0.6399453065924171 0.19231449828414035 0.3276260720123153
8 0.24140625 0.671875 0.1359375 0.3375
0 0.28203125 0.79765625 0.0546875 0.0859375
1 0.8109375 0.8828125 0.153125 0.234375
4 0.7135793960142848 0.8680208304983263 0.1306662929530063 0.24915563836728988
3 0.6058434523616332 0.8431793909013725 0.1684390775927424 0.25874880698520075
0 0.7265625 0.9703125 0.05 0.059375