1 0.03203125 0.24140625 0.0640625 0.2859375
1 0.09765625 0.2299853291382677 0.128125 0.27723643019392785
1 0.1875 0.2190535576279123 0.1234375 0.29121710957707697
5 0.3140625 0.1953125 0.03125 0.240625
4 0.27578125 0.20859375 0.1078125 0.2765625
0 0.87890625 0.10249294358331315 0.053125 0.09623980032431163
2 0.70546875 0.078125 0.1265625 0.15625
3 0.52421875 0.08515625 0.1828125 0.1703125
9 0.9265625 0.0796875 0.146875 0.159375
4 0.80390625 0.078125 0.1265625 0.15625
2 0.30546875 0.7859375 0.0484375 0.24375
2 0.46796875 0.6184223120921392 0.0671875 0.2621102621748646
2 0.590625 0.6049382848997408 0.0609375 0.2635636680190633
10 0.6875 0.5980354943146619 0.109375 0.2737841477265238
1 0.8078125 0.581385556813838 0.121875 0.2802523360381265
3 0.93828125 0.5734375 0.1234375 0.265625
0 0.753125 0.7030872329505762 0.0296875 0.047393197240056396