3 0.2534458780675961 0.09092377925402814 0.057869987463587694 0.1106478656913195
1 0.3137612524407755 0.09779268151447962 0.05171091567683313 0.11362739532659738
9 0.36681805628084146 0.09668542961461854 0.047250736209946353 0.12133079255305557
0 0.39104281795932394 0.15111900968673658 0.010011497492717503 0.022093205547083272
1 0.4208606986007095 0.10262761151034772 0.05023934389007838 0.11671602773541671
1 0.47463055628084144 0.09919479340607698 0.04706887978345566 0.11508079255305574
2 0.76640625 0.16640625 0.0734375 0.3328125
2 0.77421875 0.159375 0.0890625 0.31875
8 0.76953125 0.1515625 0.0796875 0.303125
1 0.87109375 0.1640625 0.1515625 0.328125
1 0.96171875 0.17890625 0.0765625 0.3578125
0 0.789847693981856 0.2775918971295491 0.06292120031656907 0.12325696846486114
8 0.4546875 0.63203125 0.159375 0.1640625
8 0.56328125 0.63359375 0.1390625 0.1671875
0 0.600622406439126 0.6346049633339589 0.05483591567683312 0.11370013050895836
1 0.66953125 0.63125 0.1203125 0.1625
1 0.76015625 0.9203125 0.0609375 0.159375
1 0.759375 0.92734375 0.059375 0.1453125
6 0.75625 0.934375 0.053125 0.13125
6 0.75703125 0.9375 0.0546875 0.125
6 0.8 0.9390625 0.10625 0.121875
2 0.74296875 0.93046875 0.0265625 0.1390625