3 0.33832676253652816 0.12033648794559344 0.07296733415618065 0.11488066000954511
1 0.3965750204203129 0.10481093793763918 0.06675370174736131 0.1163704346753633
9 0.4461204255305559 0.08469788526418495 0.06377417211208343 0.1225840720082724
0 0.4854199680836116 0.12800244259232157 0.013009146276527873 0.022020450668363622
1 0.49815505100552115 0.0708075605904126 0.06682643692972227 0.1194954346753633
1 0.5265625 0.053125 0.025 0.10625
4 0.91875 0.371875 0.1625 0.3
7 0.07578125 0.67890625 0.1515625 0.1796875
1 0.18125 0.68046875 0.228125 0.1828125
0 0.2421875 0.6203125 0.071875 0.0625
8 0.3078125 0.6796875 0.203125 0.18125
7 0.78046875 0.6640625 0.1828125 0.15
1 0.9609375 0.66171875 0.078125 0.1453125
1 0.9 0.659375 0.165625 0.140625
0 0.97421875 0.6671875 0.0515625 0.071875