2 0.0671875 0.4328125 0.134375 0.2125
4 0.153125 0.4125 0.190625 0.253125
7 0.25390625 0.40625 0.1765625 0.265625
10 0.36328125 0.39296875 0.1890625 0.2921875
0 0.44765625 0.525 0.0421875 0.028125
4 0.47578125 0.38515625 0.1765625 0.3078125
4 0.879858238632619 0.20945785499341082 0.2012854050301245 0.3433237948849522
7 0.9625 0.184375 0.075 0.328125
2 0.06484375 0.7609375 0.1296875 0.44375
9 0.21015625 0.72734375 0.2734375 0.3765625
2 0.4859375 0.6859375 0.140625 0.29375
0 0.5675276083559655 0.8000662369177929 0.06747960064862327 0.10663179508134384
1 0.62109375 0.68671875 0.2578125 0.2953125
2 0.77890625 0.634375 0.0578125 0.190625
7 0.82421875 0.6390625 0.1484375 0.2
8 0.95 0.6234375 0.1 0.16875