2 0.02109375 0.18203125 0.0421875 0.2140625
7 0.06484375 0.165625 0.1296875 0.246875
7 0.1640625 0.15390625 0.13125 0.2703125
0 0.22109375 0.2515625 0.0359375 0.075
1 0.278125 0.13984375 0.13125 0.2796875
1 0.38828125 0.128125 0.1296875 0.25625
5 0.54921875 0.09921875 0.1390625 0.1984375
1 0.6953125 0.09375 0.175 0.1875
2 0.86328125 0.08203125 0.0984375 0.1640625
0 0.88828125 0.01328125 0.0265625 0.0265625
1 0.9484375 0.0796875 0.103125 0.159375
5 0.046875 0.66796875 0.09375 0.3828125
10 0.0959194705349459 0.6359576761400334 0.1694237283335859 0.38729326866768654
0 0.16623599483363857 0.7683104801177929 0.06319995764913049 0.12140344155801372
7 0.23894276268942355 0.6240871473260773 0.15990328258831213 0.3621296274339844
8 0.37898650058917516 0.5872711655900218 0.14406920432948098 0.325919392044481
4 0.50859375 0.80546875 0.0578125 0.3078125
10 0.5899325700674077 0.7866258778443168 0.1315782946885605 0.32726370373287816
0 0.6580416997522945 0.8955820921305018 0.02999657220870695 0.053643197240056395
10 0.7259427929400447 0.7717530799556371 0.12209421037960518 0.30835006249917624
6 0.8580467658126816 0.7569484659143334 0.1220123971478884 0.2942875624991762