2 0.2617240092695938 0.26840948620357763 0.12685559070654362 0.2959046095770768
2 0.3688007126034575 0.2626349987854793 0.12636469470081657 0.2537171095770768
4 0.42109375 0.23359375 0.0765625 0.2953125
5 0.6526308199395483 0.39548050081407415 0.204254432049634 0.3691160129856435
7 0.7889137652769117 0.3634202029253946 0.18875670138445227 0.37978077759614004
0 0.8780751679265034 0.4876195876662749 0.07776246801399936 0.10446140340856669
1 0.915625 0.33125 0.16875 0.36875
7 0.22109375 0.95390625 0.1609375 0.0921875
9 0.37421875 0.93828125 0.1515625 0.1234375
2 0.51015625 0.78671875 0.1015625 0.2953125
2 0.53203125 0.76953125 0.1453125 0.2609375
5 0.62578125 0.75546875 0.2203125 0.2328125
0 0.737067812579595 0.8015048096630977 0.08444882001909004 0.14207049756436801
1 0.81953125 0.7625 0.2734375 0.246875
1 0.9421875 0.75234375 0.115625 0.2265625