2 0.04296875 0.05859375 0.0859375 0.1171875
2 0.115625 0.05 0.103125 0.1
4 0.190625 0.05859375 0.125 0.1171875
0 0.21507257161953178 0.07000551131468154 0.04415906615858276 0.07056703005422946
1 0.2765625 0.05703125 0.125 0.1140625
1 0.3625 0.06484375 0.121875 0.1296875
2 0.72578125 0.059375 0.0859375 0.11875
1 0.7859375 0.06875 0.134375 0.1375
1 0.86875 0.06484375 0.13125 0.1296875
9 0.94140625 0.06796875 0.1171875 0.1359375
3 0.18014305971567515 0.6404533249391815 0.1845123971478885 0.29325107201231526
1 0.2990703217177277 0.6716129422292324 0.1517998910977642 0.3102476744716433
7 0.40385327048806363 0.6886282462875668 0.15481580678880888 0.29151585518980244
0 0.43734300223949524 0.8052253938282389 0.06303633118569749 0.09255111436318479
1 0.5133055385402404 0.7025458214231401 0.1546521803253757 0.2633908551898026
1 0.5765625 0.734375 0.065625 0.28125
7 0.6390625 0.7 0.059375 0.259375
4 0.6375 0.7234375 0.05625 0.25625
1 0.6892004180287357 0.746936170857406 0.1139453670936593 0.24909200585373253
0 0.7125293546006273 0.8626929810640604 0.012636355386194254 0.023510222872636887
3 0.7783810926967707 0.7677668213249442 0.11551695745273882 0.2506635962128122