7 0.2749262353656688 0.14307066772189705 0.07247496369925485 0.10521634890464338
2 0.321819416083828 0.1413095909205775 0.04901019262201593 0.09984688730530315
1 0.3554495275201465 0.13603706921296518 0.052135192622015936 0.09993781551854841
1 0.3875489552132437 0.12525033339873012 0.05210792154477702 0.0952503155185485
0 0.34040124444085507 0.17076141020004973 0.01416249394987581 0.017596676959604096
7 0.6 0.31875 0.1 0.340625
2 0.60703125 0.29140625 0.1140625 0.3046875
0 0.6456513049420971 0.3919664719576744 0.06622496369925486 0.10503449247815269
9 0.6830291059753695 0.2797536284633075 0.19100783684303818 0.3398761569013444
9 0.8011887535160414 0.2503736685133199 0.19882942720211788 0.34166597743445787
7 0.46445130191703504 0.7015029448397858 0.14841127068445542 0.268336126022532
3 0.521875 0.6828125 0.05625 0.24375
3 0.61640625 0.6171875 0.1328125 0.25625
1 0.93359375 0.59609375 0.1328125 0.2140625
8 0.83359375 0.58671875 0.2140625 0.1953125
0 0.9326467900131783 0.5915034707040332 0.07875223477649378 0.11008570533113407
7 0.67109375 0.603125 0.2234375 0.228125