7 0.09120898785929912 0.06662688027406212 0.06697220282385156 0.10037270472226431
2 0.13541362892552583 0.08199735021983283 0.04344377461060631 0.09711134933607006
1 0.16923469945863925 0.08961440749962106 0.04656877461060631 0.09712953005422928
1 0.20365516356526198 0.09097691959986945 0.046432382290738164 0.09244203005422928
0 0.1426638392712249 0.1163359887835144 0.01300010517284953 0.01726022287263689
4 0.4786481180384662 0.24610582289607805 0.10747283386094857 0.20371587334017516
10 0.5573952436652869 0.24017800976255738 0.11284229546028861 0.2271806444174139
0 0.5864128054229116 0.3243984736582039 0.032704851411925875 0.05018180718159222
1 0.6428697424116455 0.25062008519271817 0.10706365690134448 0.18965337334017515
1 0.7216085078510519 0.27125931723873736 0.10310358260730723 0.2146261022629364
7 0.2734375 0.73125 0.090625 0.203125
3 0.43359375 0.840625 0.2296875 0.31875
3 0.746875 0.884375 0.196875 0.23125
2 0.6171875 0.87109375 0.1875 0.2578125
1 0.9 0.909375 0.184375 0.18125