3 0.15390625 0.28046875 0.1421875 0.0984375
10 0.26484375 0.27109375 0.1390625 0.1171875
1 0.35546875 0.2578125 0.1328125 0.14375
1 0.46484375 0.25703125 0.1453125 0.1453125
3 0.94296875 0.24375 0.1140625 0.171875
8 0.353125 0.53671875 0.234375 0.4140625
5 0.515625 0.5125 0.225 0.365625
0 0.6104066657096131 0.6351354648776051 0.07445934137714509 0.11915906615858277
6 0.60703125 0.53125 0.1046875 0.403125
2 0.70078125 0.81171875 0.0828125 0.3015625
1 0.7 0.80625 0.08125 0.29375
0 0.6734375 0.8828125 0.028125 0.09375
1 0.7015625 0.77265625 0.084375 0.2765625
2 0.7902355533658938 0.7260144740509873 0.14844745680090732 0.269559041958086