5 0.43242369808296494 0.36232991983097274 0.12855328863843632 0.34513327488562506
2 0.7081049541330892 0.3910874334143406 0.05721357806243947 0.16693423328249998
2 0.9796875 0.38203125 0.040625 0.1578125
1 0.9057384782353901 0.39178168369868105 0.06503516842151917 0.16867857123840277
4 0.8354168878763104 0.388582642095556 0.057349933448633726 0.19037173328249998
3 0.7706185896717086 0.3948858870615629 0.06513516237139498 0.18586607123840296
0 0.8677890263417961 0.4479219277147575 0.020530668617910842 0.03797277868534721
2 0.26640625 0.9265625 0.0765625 0.146875
10 0.34609375 0.9234375 0.0984375 0.153125
9 0.43984375 0.925 0.0828125 0.15
1 0.5 0.9265625 0.0375 0.146875
8 0.63046875 0.89375 0.1515625 0.2125
4 0.7609375 0.9 0.125 0.2
1 0.903125 0.88671875 0.15625 0.2265625