5 0.2902529384483337 0.29144677725177653 0.1816929431979865 0.35670562802354444
10 0.4388547458190282 0.33035364123173194 0.18013044319798635 0.3566874466899989
0 0.48553233690906306 0.4556258138924595 0.04589568787965277 0.0926965773392725
3 0.53828125 0.36328125 0.0828125 0.4390625
2 0.8257715579393754 0.14808986529282003 0.13132796086541684 0.27332950668363554
10 0.9126727991056601 0.18849614194782055 0.1459359747331252 0.2969306386855447
5 0.165625 0.70078125 0.140625 0.1421875
10 0.2578125 0.7046875 0.1375 0.15
9 0.34296875 0.69921875 0.1265625 0.1390625
9 0.01875 0.6640625 0.0375 0.06875
2 0.01171875 0.66484375 0.0234375 0.0703125
2 0.45625 0.69140625 0.0875 0.1234375
0 0.453125 0.6484375 0.03125 0.0375
4 0.5203125 0.69765625 0.11875 0.1359375
2 0.60078125 0.70859375 0.0421875 0.1578125
10 0.63828125 0.71796875 0.1171875 0.1765625
7 0.765625 0.7109375 0.159375 0.1625
0 0.8142729731176047 0.6802632819064589 0.02434668977951393 0.0393352200031817
1 0.915625 0.71796875 0.16875 0.1765625