1 0.04765625 0.2625 0.0953125 0.525
1 0.0484375 0.28046875 0.096875 0.5609375
1 0.10585139042621847 0.3294817243089204 0.1915048506453278 0.5938293894703793
8 0.046875 0.28359375 0.09375 0.5671875
9 0.046875 0.28671875 0.09375 0.5734375
2 0.2464491168872681 0.3359549575186974 0.1469366444768177 0.5454266058051152
0 0.24371603450258955 0.5821032712210282 0.038173930193927855 0.12937996515360978
4 0.302465517456461 0.48565734635610447 0.09925925486796867 0.3188988221398514
3 0.8256065572274658 0.5146057140573014 0.1383569366867496 0.23281747840045366
10 0.940625 0.5234375 0.11875 0.24375
0 0.98828125 0.6140625 0.0234375 0.0625
8 0.06484375 0.72734375 0.1140625 0.1546875
7 0.18984375 0.746875 0.1328125 0.19375
1 0.32265625 0.7640625 0.1328125 0.228125
1 0.44921875 0.78046875 0.1203125 0.2609375
0 0.23512187906213278 0.8201761569783924 0.027380706168510117 0.04780258293962447
0 0.5497417122608854 0.7653547369227921 0.042978432629559825 0.046785719962933216
10 0.534375 0.71875 0.05 0.1375
6 0.590625 0.71953125 0.0875 0.1390625
3 0.53671875 0.71015625 0.0546875 0.1203125
1 0.53203125 0.71796875 0.0453125 0.1359375
1 0.66484375 0.72265625 0.0953125 0.1453125