3 0.04765625 0.346875 0.0953125 0.284375
5 0.0421875 0.3703125 0.084375 0.2375
7 0.053125 0.38125 0.10625 0.215625
1 0.1421875 0.3921875 0.175 0.19375
1 0.27421875 0.403125 0.1734375 0.171875
2 0.77421875 0.2617272417349657 0.121875 0.2903366721120836
2 0.8609375 0.26999564304548657 0.1140625 0.2839048341561806
8 0.934375 0.278125 0.13125 0.30625
10 0.975 0.30546875 0.05 0.3046875
6 0.259375 0.6109375 0.171875 0.24375
8 0.35703125 0.6140625 0.1046875 0.25
0 0.3953125 0.6921875 0.028125 0.090625
5 0.453125 0.57265625 0.0875 0.1671875
9 0.525 0.5828125 0.16875 0.1875
0 0.55625 0.6187968189572921 0.0328125 0.04138871941479181
1 0.6734375 0.58984375 0.1625 0.2015625
3 0.80390625 0.61484375 0.1734375 0.2515625