3 0.0390625 0.31875 0.078125 0.33125
5 0.053125 0.3109375 0.10625 0.31875
7 0.16285244048071662 0.2998944191085523 0.14250670432948098 0.32752926959604134
0 0.22782293462698408 0.4104849266303997 0.044231789031219645 0.08408549498543501
1 0.2933121001216369 0.2976606662055584 0.13644760187015273 0.3601599131695504
1 0.4109375 0.26328125 0.115625 0.3328125
1 0.49140625 0.33984375 0.0453125 0.2703125
2 0.47734375 0.32890625 0.0171875 0.2296875
2 0.5120575549420971 0.3221307834526018 0.032540830989305644 0.22278428213245363
10 0.5745893711988759 0.31484346918769457 0.08584763817089805 0.25558006175762477
1 0.6628751663784156 0.31149349716351316 0.0873646863754999 0.24781302586424747
4 0.7496393681738137 0.3011577392459543 0.07483741529826116 0.2427618130112661
8 0.8274507507855668 0.3527907839148202 0.0396806444174139 0.10738660266556703
0 0.7974450882177804 0.4083421019406511 0.011064765027114731 0.02219324874635866
2 0.1734375 0.8609375 0.0625 0.278125
3 0.28671875 0.85390625 0.1171875 0.2921875
7 0.41328125 0.85390625 0.1109375 0.2921875
2 0.534375 0.9390625 0.053125 0.121875
1 0.61796875 0.93203125 0.1171875 0.1359375
6 0.7359375 0.921875 0.103125 0.15625
4 0.85625 0.915625 0.090625 0.16875
10 0.95546875 0.90703125 0.0890625 0.1859375