1 0.0640625 0.16484375 0.121875 0.3296875
4 0.17265625 0.1515625 0.1109375 0.303125
6 0.26953125 0.1578125 0.1171875 0.315625
3 0.36171875 0.17109375 0.0953125 0.3421875
7 0.4625 0.14609375 0.10625 0.2921875
0 0.5082262609210075 0.27352408563768 0.02511040919430556 0.07228410308425506
1 0.53359375 0.1421875 0.0515625 0.278125
6 0.59375 0.11875 0.06875 0.2375
5 0.58359375 0.11171875 0.0484375 0.2234375
0 0.56796875 0.18984375 0.0171875 0.0828125
1 0.60703125 0.1140625 0.0953125 0.228125
1 0.70703125 0.10625 0.1109375 0.2125
7 0.1515625 0.8765625 0.115625 0.246875
3 0.315625 0.878125 0.125 0.24375
1 0.47890625 0.8796875 0.1453125 0.240625
8 0.74140625 0.66015625 0.1359375 0.2203125
1 0.88125 0.6453125 0.134375 0.190625
0 0.959350390195695 0.6927962370176518 0.06766158510611113 0.0886454886359143