1 0.0328125 0.4484375 0.065625 0.28125
4 0.02890625 0.4640625 0.0578125 0.25
6 0.03125 0.46953125 0.0625 0.2390625
3 0.04453125 0.475 0.0890625 0.228125
7 0.13828125 0.4765625 0.1171875 0.225
1 0.22890625 0.48515625 0.0984375 0.2078125
1 0.8300424614468114 0.2870456397460786 0.06689894805083547 0.16436402837152997
1 0.8954629099046837 0.3006738822242312 0.07177736282348768 0.17543792069139794
8 0.7621009849857616 0.2835054511079919 0.06854326866768634 0.16909699247815269
6 0.7003685982162864 0.282490868896396 0.07457508035608366 0.1567788489046434
0 0.7876134537361735 0.34443459092057754 0.02716251785690744 0.03514788981258556
5 0.0296875 0.83125 0.059375 0.3375
8 0.17265625 0.83125 0.1046875 0.3375
0 0.23125 0.97421875 0.065625 0.0515625
1 0.325 0.83828125 0.125 0.3234375
1 0.46796875 0.84296875 0.1015625 0.3140625
2 0.53828125 0.73984375 0.0390625 0.2953125
10 0.54609375 0.73203125 0.0546875 0.2859375
3 0.55859375 0.7390625 0.0796875 0.3
8 0.6432247053610267 0.7341001476636373 0.09238196347211095 0.28223348997087
8 0.7368519744357501 0.7438592440609982 0.1005762930174157 0.3043358105039836
0 0.6768439545502477 0.8679583221159591 0.028970479707460584 0.04925585391920819