3 0.3328125 0.2796875 0.221875 0.140625
2 0.2046875 0.290625 0.2125 0.11875
1 0.471875 0.27578125 0.175 0.1484375
3 0.6171875 0.10390625 0.115625 0.2078125
1 0.64765625 0.09921875 0.1765625 0.1984375
1 0.75625 0.0921875 0.21875 0.184375
0 0.8646287049473991 0.06555205113179516 0.08335006249917623 0.12173072402541774
1 0.89453125 0.09921875 0.2109375 0.1984375
7 0.3867473924482227 0.7079599192335839 0.1255296542193456 0.21150233603812651
7 0.472221242286067 0.6828974638758527 0.1481955868489054 0.2571966655834313
0 0.5259423060030592 0.762717377430689 0.03511138555165907 0.042787517856907445
1 0.52421875 0.65625 0.0703125 0.20625
1 0.64375 0.740625 0.16875 0.51875
1 0.7616576635515411 0.7249177739426922 0.2950468620094135 0.5268660576279123
10 0.88828125 0.6921875 0.2234375 0.575