3 0.0703125 0.20859375 0.140625 0.4171875
3 0.1671875 0.165625 0.225 0.33125
2 0.07265625 0.178125 0.1453125 0.35625
1 0.32421875 0.14921875 0.2109375 0.2984375
1 0.471875 0.153125 0.23125 0.30625
0 0.2682297491469786 0.26989240270703335 0.07732752583555573 0.10043633723582168
7 0.7909048361529509 0.20379366227319906 0.21196232465687528 0.3808692466803503
9 0.93203125 0.17109375 0.1359375 0.3421875
5 0.0859375 0.60859375 0.171875 0.2984375
5 0.18984375 0.58984375 0.2078125 0.2609375
0 0.28561792410885367 0.6637378514773694 0.07747299620027785 0.10668633723582169
1 0.32734375 0.57890625 0.2265625 0.2390625
1 0.47265625 0.56953125 0.2359375 0.2203125
2 0.646875 0.8046875 0.05625 0.315625
10 0.66875 0.778125 0.1 0.35625
7 0.7280275489182289 0.7354583153730159 0.184199694147917 0.3291522105759967
0 0.8273891564414232 0.8641787338927308 0.025945557370694417 0.040770445745273776
1 0.8833514817638886 0.709014510921898 0.202041810789167 0.3573772045258726
1 0.96484375 0.671875 0.0703125 0.346875