3 0.07652802540202899 0.11703168436427118 0.10577394154108041 0.20076502583555556
1 0.14842575745534034 0.11948584355857675 0.0868420851145899 0.19407861474138902
1 0.2142637061225569 0.10150021618375042 0.10214883636823088 0.18350479065319458
1 0.29296875 0.0953125 0.1078125 0.190625
1 0.3640625 0.08984375 0.090625 0.1796875
0 0.265096431907662 0.15811454530593796 0.03422188730530316 0.04920121941479181
7 0.8054175550272002 0.19524760334222258 0.20769545737619807 0.37645731648875014
4 0.925 0.18515625 0.15 0.3703125
6 0.0375 0.6671875 0.075 0.215625
8 0.03203125 0.65546875 0.0640625 0.1921875
0 0.06515391937124981 0.724902001802952 0.05929609514371954 0.10599673328249999
1 0.09765625 0.65078125 0.1296875 0.1828125
2 0.20859375 0.63828125 0.0953125 0.1578125
3 0.45234375 0.63515625 0.0859375 0.1515625
3 0.4828125 0.64140625 0.146875 0.1640625
9 0.58359375 0.6515625 0.1640625 0.184375
0 0.6583476413954312 0.697632293406077 0.051438131037096824 0.10425239532659739
1 0.7046875 0.65625 0.159375 0.19375
2 0.846875 0.65859375 0.121875 0.1984375