3 0.2421875 0.33515625 0.103125 0.0890625
1 0.3140625 0.3375 0.084375 0.084375
1 0.38046875 0.33046875 0.1015625 0.0984375
1 0.46015625 0.321875 0.1078125 0.115625
1 0.528125 0.31875 0.08125 0.121875
3 0.78671875 0.046875 0.0921875 0.09375
5 0.88671875 0.0515625 0.0984375 0.103125
6 0.96640625 0.04609375 0.0671875 0.0921875
2 0.05390625 0.87109375 0.1078125 0.2578125
2 0.13359375 0.86015625 0.1109375 0.2796875
8 0.2092366088543745 0.8421875 0.135180312689028 0.303125
10 0.2968457116279161 0.8375 0.13979507750666684 0.3
0 0.34524488440558976 0.93984375 0.03125130642076392 0.0671875
7 0.38400087272208283 0.81875 0.13354507750666683 0.3
7 0.7070389824294787 0.80390625 0.1837645894745142 0.3765625
9 0.8889981504574995 0.7734375 0.1803850163362503 0.365625
0 0.98359375 0.921875 0.0328125 0.053125