3 0.059375 0.34765625 0.11875 0.2921875
4 0.17723992126832117 0.36409729879377706 0.11604536004136179 0.30534200585373233
5 0.2989058359325485 0.38135700078556695 0.1411180853755436 0.3117374515990063
0 0.3445354145846856 0.48811554001317836 0.046403380012726814 0.09401362041330899
1 0.4174558412635487 0.39785363349551595 0.14082718403881636 0.2867374515990063
7 0.7859882126034574 0.15964108206946026 0.10923173870145302 0.2568681444174139
7 0.9625 0.1828125 0.075 0.228125
3 0.8819637839354121 0.16923827498606378 0.09335220003181668 0.23490224082661798
0 0.9098155165897763 0.25969510334309087 0.03828179734245403 0.06740566861791067
2 0.1953125 0.7734375 0.1375 0.1875
3 0.32109375 0.7765625 0.1671875 0.19375
6 0.440625 0.778125 0.11875 0.196875
2 0.5265625 0.9 0.053125 0.2
1 0.53359375 0.89921875 0.0671875 0.2015625
1 0.74140625 0.91171875 0.1234375 0.1765625
1 0.8546875 0.91328125 0.121875 0.1734375
7 0.62265625 0.9109375 0.1265625 0.178125