7 0.2938439765675046 0.12175298993477571 0.10194540268936265 0.16835110534690845
7 0.35193828723745896 0.0968615305935943 0.10067380402608972 0.19333292401336308
7 0.42578125 0.08359375 0.0984375 0.1671875
8 0.48046875 0.06875 0.0765625 0.1375
0 0.4028735312301411 0.15016779658659463 0.03493862133990895 0.048837489337999786
3 0.5671875 0.26015625 0.096875 0.1796875
2 0.5765625 0.25078125 0.115625 0.1984375
7 0.6671875 0.2421875 0.178125 0.215625
8 0.78671875 0.2375 0.1484375 0.225
9 0.8953125 0.23828125 0.19375 0.2234375
6 0.16482173726927565 0.7781591732972744 0.21079533338636125 0.3930249360279987
7 0.33427171861077526 0.7160393392743664 0.19177261338317955 0.36936926002545345
0 0.44829676125877616 0.8521939205920035 0.04286020934118149 0.05830339600572696
1 0.4546875 0.67890625 0.128125 0.3796875
5 0.8100251492680031 0.5830819359484569 0.24208169605345203 0.3965135626989076
10 0.92109375 0.53828125 0.1578125 0.3765625