7 0.07356514853400746 0.374119339287083 0.07778190097293454 0.1611206443766669
7 0.13503843668345433 0.35862031943545103 0.07202282467404082 0.1891001740119446
7 0.21003843668345432 0.35687467505878423 0.07473872158978559 0.16573540919430557
8 0.27463672483290136 0.3413029200247911 0.06525462743398443 0.1592672036472223
0 0.17675437824146795 0.42017476206475646 0.028915932629559826 0.04596711664125017
6 0.70859375 0.14921875 0.2171875 0.2984375
10 0.86875 0.1203125 0.16875 0.240625
0 0.9587508518631438 0.1956247844818396 0.07710006249917623 0.12205814437666689
6 0.22421875 0.54140625 0.1390625 0.1453125
5 0.3421875 0.5359375 0.121875 0.134375
0 0.39921875 0.4953125 0.0359375 0.053125
1 0.45625 0.53828125 0.115625 0.1390625
1 0.54921875 0.53515625 0.1015625 0.1328125
5 0.6359375 0.571875 0.071875 0.20625
9 0.63359375 0.5859375 0.0671875 0.234375
0 0.6388241355483639 0.6357088430868052 0.03036933847375849 0.03975348423243048
1 0.7234375 0.5703125 0.13125 0.203125
3 0.85859375 0.57421875 0.1390625 0.2109375