7 0.37109375 0.1140625 0.1171875 0.228125
6 0.47265625 0.12109375 0.0734375 0.2421875
2 0.54375 0.1640625 0.06875 0.328125
2 0.5453125 0.1671875 0.071875 0.334375
5 0.54921875 0.16484375 0.0796875 0.3296875
0 0.5862142286215921 0.29010266740926927 0.06323944906292792 0.13350339067472702
1 0.6921875 0.18203125 0.203125 0.3640625
1 0.8796875 0.18046875 0.184375 0.3609375
8 0.2141249652937569 0.7475777180537703 0.08739967775102694 0.3196590666772721
5 0.35321019734706827 0.7499771067393148 0.11239967775102695 0.31994996801399933
0 0.4266513605166189 0.8851611760820871 0.023329851411925874 0.05025453866963616
1 0.4734375 0.74453125 0.071875 0.2953125
3 0.6484375 0.86953125 0.13125 0.2609375
3 0.7828125 0.88671875 0.11875 0.2265625
9 0.88828125 0.9046875 0.1171875 0.190625
1 0.9734375 0.93203125 0.053125 0.1359375