7 0.12858479260822991 0.306914960412206 0.16599081604072552 0.30472826708875883
6 0.23200923726927564 0.3452978473217977 0.13764764003818009 0.28515991316955064
0 0.26453937925686716 0.43572661902941007 0.036846566677272284 0.0791706744523216
1 0.34140625 0.3484375 0.1359375 0.28125
2 0.5921875 0.15 0.090625 0.3
3 0.6861609352721392 0.16986960147843283 0.14742262937617986 0.31980769780928675
3 0.8281029872692756 0.1868261177757688 0.15051126670908896 0.316773626022532
0 0.8632763239179129 0.31857021127013585 0.028724984006999677 0.052380853919208194
1 0.94375 0.20078125 0.1125 0.3140625
5 0.08125 0.81484375 0.1625 0.3703125
3 0.084375 0.83359375 0.16875 0.3328125
7 0.21171875 0.87421875 0.2734375 0.2515625
5 0.46796875 0.77890625 0.1171875 0.3390625
3 0.4609375 0.784375 0.103125 0.35
1 0.5482064019335031 0.7922159629194885 0.19008284404836145 0.36166022868809905
0 0.5948530405792768 0.9447128256141853 0.08094201201463562 0.11013116943775678
1 0.71171875 0.81484375 0.2203125 0.3703125
1 0.909375 0.82734375 0.18125 0.3453125