2 0.021875 0.55 0.04375 0.21875
1 0.0328125 0.55 0.065625 0.21875
1 0.21102671380284735 0.537920240041051 0.1141617368379741 0.2271806444174139
4 0.109375 0.54609375 0.103125 0.2265625
3 0.3119989367610053 0.5330378182016863 0.11621531015895173 0.2412522347764936
0 0.159375 0.6359375 0.040625 0.046875
6 0.646875 0.29765625 0.09375 0.4171875
9 0.6453125 0.271875 0.090625 0.415625
0 0.6409547720628825 0.4507287913689108 0.06275794954451293 0.09722043364502539
1 0.7414433893007433 0.25830546291368783 0.22056553737827897 0.4558783370394298
2 0.96015625 0.2453125 0.0796875 0.434375
4 0.04453125 0.76484375 0.0890625 0.2109375
2 0.02109375 0.7484375 0.0421875 0.178125
10 0.1 0.75078125 0.140625 0.1828125
4 0.23203125 0.7484375 0.1390625 0.178125
6 0.35703125 0.74609375 0.1234375 0.1734375
0 0.2957241176163789 0.7975497700952803 0.02825397477225664 0.048592036104353475