1 0.15703125 0.4375 0.1109375 0.103125
4 0.05390625 0.44296875 0.0984375 0.0921875
3 0.2578125 0.43125 0.109375 0.115625
4 0.7201674666804122 0.3609822532310412 0.0528929824490227 0.15425239532659737
1 0.7833123243605441 0.36419686578822874 0.06235891066226813 0.15759560087368066
1 0.8591845025737894 0.35930803761597174 0.06075094655564541 0.1559967332825
1 0.9250368231069028 0.3499680987863883 0.06038723370266404 0.14349673328249998
0 0.8237949203621936 0.4218086908263537 0.014971782132453626 0.03157730832062491
9 0.03125 0.80234375 0.0625 0.2859375
3 0.02890625 0.78671875 0.0578125 0.2734375
5 0.046875 0.77890625 0.09375 0.2296875
0 0.10436897044133583 0.8873070574676036 0.06402905925034226 0.10766833605604162
2 0.19995190657214001 0.7952994357923606 0.10331418276559194 0.27721842306201394
2 0.45390625 0.90546875 0.0703125 0.1890625
7 0.6734375 0.88828125 0.14375 0.2234375
1 0.5484375 0.9 0.125 0.2
1 0.821875 0.88359375 0.146875 0.2328125
1 0.93828125 0.87421875 0.1234375 0.2515625