2 0.38828843531420176 0.17049586982413373 0.055090156344514085 0.15186248184962742
5 0.4391424204965628 0.1739163064942213 0.06301175911805572 0.15659543364502557
7 0.5008248029053822 0.1727128756778662 0.06635496466513899 0.1659886143631847
0 0.5265625 0.23984375 0.025 0.0515625
2 0.73125 0.09453125 0.034375 0.1890625
9 0.81328125 0.1046875 0.0921875 0.209375
4 0.9265625 0.1046875 0.08125 0.209375
0 0.9762826638470491 0.18719807737506847 0.024237587005972117 0.03451135538619425
3 0.03671875 0.69609375 0.0734375 0.2546875
4 0.0453125 0.6984375 0.090625 0.259375
9 0.1390625 0.69453125 0.121875 0.2515625
0 0.19834080822371583 0.7933117219888741 0.039100174011944586 0.06896816861791066
1 0.25625 0.709375 0.13125 0.28125
1 0.396875 0.70625 0.13125 0.275
5 0.57734375 0.65625 0.0765625 0.175
1 0.62734375 0.65859375 0.1390625 0.1796875
0 0.7046875 0.58984375 0.05 0.0421875
1 0.77890625 0.66015625 0.1546875 0.1828125
2 0.96796875 0.65390625 0.0640625 0.1703125