2 0.35390625 0.0390625 0.0671875 0.078125
5 0.40390625 0.03984375 0.0765625 0.0796875
7 0.465625 0.0421875 0.08125 0.084375
0 0.5039543434278599 0.033804630970589944 0.037528743731793844 0.0557331744523216
1 0.53359375 0.03671875 0.0796875 0.0734375
3 0.59609375 0.040625 0.0859375 0.08125
7 0.9640625 0.1765625 0.071875 0.18125
2 0.1940457975053528 0.7371496251646021 0.1111554264973857 0.3326426669304743
1 0.2913383346523714 0.7274911318285198 0.16409857007089493 0.3279384465556454
1 0.42663933715965385 0.709571509104693 0.15343385471063103 0.3369951978092868
0 0.501074698996421 0.826483875956025 0.04561402837152997 0.065335494985435
1 0.5633891794003796 0.6877911004874889 0.15064382383181857 0.294762233702664
1 0.6820709832404456 0.6889026225908127 0.14104150329870535 0.2866769490629279
6 0.92265625 0.60234375 0.1546875 0.4046875