4 0.01328125 0.040625 0.0265625 0.08125
7 0.01171875 0.03828125 0.0234375 0.0765625
9 0.0125 0.0359375 0.025 0.071875
5 0.0421875 0.03046875 0.046875 0.0609375
3 0.32109375 0.096875 0.1078125 0.19375
1 0.415625 0.09296875 0.10625 0.1859375
6 0.47265625 0.090625 0.0328125 0.18125
8 0.51328125 0.1265625 0.0484375 0.253125
5 0.584375 0.12109375 0.103125 0.2421875
0 0.6534384614099056 0.2262234338924994 0.025545440006363405 0.04745688145888884
1 0.721875 0.12421875 0.11875 0.2484375
1 0.86015625 0.11328125 0.1078125 0.2265625
3 0.175 0.6046875 0.1125 0.109375
9 0.27109375 0.60546875 0.1015625 0.1109375
0 0.31484375 0.5703125 0.0296875 0.040625
1 0.3578125 0.6 0.090625 0.1
1 0.4421875 0.60625 0.09375 0.1125
6 0.56171875 0.8765625 0.1453125 0.246875
1 0.6875 0.8609375 0.1375 0.278125
9 0.809375 0.8453125 0.134375 0.309375
0 0.8828125 0.965625 0.06875 0.06875
1 0.93359375 0.8421875 0.1328125 0.315625