4 0.0109375 0.10703125 0.021875 0.1640625
7 0.01796875 0.09375 0.0359375 0.159375
9 0.01875 0.0890625 0.0375 0.146875
5 0.01640625 0.078125 0.0328125 0.128125
3 0.09765625 0.11953125 0.1515625 0.2390625
1 0.190625 0.109375 0.15 0.21875
6 0.28125 0.1 0.146875 0.2
1 0.3734375 0.08203125 0.14375 0.1640625
0 0.43521660061268436 0.1555389527768586 0.017478401336727244 0.025199994668999894
10 0.471875 0.08046875 0.140625 0.1609375
10 0.59140625 0.11484375 0.0453125 0.1796875
4 0.64296875 0.1046875 0.1078125 0.209375
1 0.73046875 0.09140625 0.1046875 0.1828125
3 0.821875 0.08828125 0.103125 0.1765625
0 0.7054558279360483 0.17433221674090565 0.025454533338636055 0.039353401336727246
2 0.04921875 0.76953125 0.0984375 0.4609375
8 0.13671875 0.74375 0.2421875 0.409375
2 0.3828125 0.71796875 0.175 0.3578125
0 0.46624623524032244 0.8515765167488599 0.07936133068109026 0.10715906667727211
1 0.4875 0.70078125 0.1625 0.3234375
2 0.615625 0.66484375 0.09375 0.2515625
6 0.62578125 0.665625 0.1140625 0.253125
1 0.6234375 0.64140625 0.109375 0.2046875
1 0.72890625 0.6375 0.2234375 0.196875
2 0.86328125 0.62734375 0.1703125 0.1765625
0 0.6688814339195037 0.6629867314210414 0.09856586401972631 0.14643974267981755