3 0.17890625 0.03984375 0.0703125 0.0796875
3 0.2546875 0.0421875 0.075 0.084375
2 0.35078125 0.03671875 0.0359375 0.0734375
1 0.40234375 0.0421875 0.0765625 0.084375
1 0.478125 0.0390625 0.071875 0.078125
0 0.37734375 0.00546875 0.0109375 0.0109375
4 0.889815220933403 0.29348508159072945 0.045060539703263916 0.12441942496187508
1 0.9398697723201739 0.29699259450850735 0.05294577488562506 0.12772626291777786
1 0.9875 0.29296875 0.025 0.1265625
0 0.9760806824644102 0.34312336531006987 0.013118249050069508 0.02685344072944442
3 0.0515625 0.55234375 0.103125 0.2859375
4 0.0421875 0.54140625 0.084375 0.2640625
0 0.03509396618375042 0.6141248899113545 0.060103658244375066 0.09978310087368066
1 0.09921875 0.5265625 0.1765625 0.234375
1 0.25703125 0.5203125 0.1796875 0.221875
1 0.61484375 0.73203125 0.0703125 0.2921875
1 0.6801330560395142 0.7263508265567363 0.12664046086541686 0.27467530452090294
1 0.8718659611497573 0.7112927902719448 0.12456881458888916 0.25276393692972227
3 0.7776983870615629 0.7247175510055212 0.11257796086541685 0.27434799620027783
3 0.7214341225282644 0.9240804649494795 0.08157992116215293 0.15025587955902786
10 0.95546875 0.7125 0.0890625 0.2625