3 0.03515625 0.0734375 0.0703125 0.146875
3 0.11796875 0.0828125 0.1015625 0.165625
2 0.2325081314911741 0.10441395372958291 0.05165577759614006 0.1852204797074605
1 0.3 0.10078125 0.1 0.2015625
1 0.39521268303330165 0.11896915178041834 0.09247169236879245 0.19686709172016936
0 0.24711214813026566 0.18042702881066078 0.01611592370110628 0.028397735389503253
3 0.60703125 0.1390625 0.0953125 0.278125
2 0.5953125 0.14140625 0.071875 0.2828125
3 0.60546875 0.1359375 0.0921875 0.271875
0 0.6233645511317952 0.233296884330548 0.05931254464226861 0.08694662094116268
1 0.70703125 0.13828125 0.1703125 0.2765625
2 0.846875 0.13984375 0.125 0.2796875
6 0.05390625 0.61484375 0.1078125 0.3703125
1 0.0921875 0.6234375 0.184375 0.3875
1 0.275 0.6375 0.2125 0.415625
1 0.44850309861673293 0.6660680685816656 0.21980930843869118 0.4224592012972462
0 0.14103724634325676 0.7700429078694982 0.051581865259119654 0.09149775324641088
3 0.7735558713449043 0.732435993503883 0.26950139123040673 0.4951796810047068
10 0.91484375 0.771875 0.1703125 0.45625