9 0.39140625 0.11640625 0.1796875 0.2328125
10 0.496875 0.11171875 0.178125 0.2234375
6 0.5609375 0.09296875 0.115625 0.1859375
1 0.01640625 0.0703125 0.0328125 0.140625
9 0.02734375 0.07421875 0.0546875 0.1484375
3 0.675 0.1203125 0.1125 0.240625
5 0.6640625 0.11875 0.090625 0.2375
1 0.6953125 0.109375 0.153125 0.21875
0 0.756181986592958 0.13676687537805607 0.05265338001272664 0.09495013050895836
1 0.7953125 0.08671875 0.184375 0.1734375
1 0.91796875 0.084375 0.1640625 0.16875
1 0.35583818328295685 0.7388878473582989 0.1858851453691802 0.2683175081681252
1 0.4655131752864567 0.7156523287409379 0.15617946403563465 0.26606402393569456
0 0.5347893392743664 0.806351370344063 0.07149428668045381 0.10319904160312507
1 0.5546875 0.69375 0.128125 0.2625
7 0.98359375 0.72890625 0.0328125 0.1921875