1 0.02578125 0.278125 0.0515625 0.153125
9 0.06732057594686608 0.2632346112019299 0.1116476666931806 0.19722164772652376
9 0.50625 0.24921875 0.19375 0.4203125
1 0.6356240385900944 0.23114171672511227 0.20305555872054307 0.4003387394466932
0 0.7282104332431859 0.32950530438809195 0.06998633068109025 0.10745003571381488
1 0.78203125 0.17421875 0.2046875 0.3484375
1 0.9109375 0.16484375 0.178125 0.3296875
4 0.09966036127468456 0.8028469415613089 0.1838692067154522 0.3625114569792892
1 0.24609375 0.77265625 0.1828125 0.3265625
0 0.34610755259391246 0.9024303356376799 0.025527258672817865 0.04574887662320535
1 0.359375 0.7609375 0.1 0.303125
8 0.4953125 0.93515625 0.171875 0.1296875
5 0.64609375 0.91328125 0.2171875 0.1734375
1 0.82578125 0.89375 0.2140625 0.2125
1 0.94609375 0.86875 0.1078125 0.2625