9 0.05859375 0.09140625 0.1171875 0.1828125
3 0.13671875 0.08203125 0.1171875 0.1640625
0 0.18750838563986072 0.1144872852205907 0.04367857123840295 0.06430793969514959
6 0.2265625 0.065625 0.115625 0.13125
2 0.33125 0.075 0.109375 0.15
7 0.4984375 0.28515625 0.11875 0.3890625
3 0.534375 0.278125 0.190625 0.403125
0 0.61401306820118 0.4063429871141847 0.07601959897381949 0.11136474687674199
1 0.687326547683958 0.24424750809322768 0.23554529502159766 0.3872556020665446
2 0.8700124143252079 0.21718153492600312 0.18932491166284748 0.41510789129415604
2 0.21330781943545096 0.7557334121750031 0.13387238582729194 0.3147988190854491
2 0.3484465388502427 0.7237026830558503 0.10872691546256963 0.30840337334017515
8 0.4171875 0.6890625 0.04375 0.309375
6 0.4875 0.8015625 0.096875 0.3125
9 0.5507363906738538 0.8053344781371943 0.17969403210381962 0.33693743949875793
0 0.6171413342530899 0.8729174087571575 0.057087761017916704 0.10344316256778666
1 0.6628922049784025 0.753636143631847 0.18354507750666685 0.30102721057599685
1 0.777391116072569 0.7355497398446592 0.1773314450978475 0.3025533491396784