1 0.028125 0.35234375 0.05625 0.2234375
1 0.0265625 0.3375 0.053125 0.215625
3 0.025 0.32109375 0.05 0.2171875
6 0.06154329061904758 0.30561221509366865 0.09616811736154425 0.2094489123370204
10 0.14384726062222927 0.28360657588856153 0.09291584802672617 0.19845686525911965
1 0.2127518019573656 0.27152536160237645 0.09449652936027153 0.20004663879807003
5 0.2910949779599109 0.2541390385498935 0.08657494135899882 0.1905352711033183
0 0.26268761994750245 0.3450680016182625 0.012790901336727067 0.025218188311602673
1 0.53515625 0.228125 0.0921875 0.378125
4 0.55625 0.209375 0.134375 0.328125
6 0.6381945079169584 0.20241330275664823 0.17107830537872512 0.33729326866768633
3 0.7311814392505038 0.2024735783241935 0.15567148138127057 0.3557705332781829
7 0.8262217665897763 0.16037362743068906 0.1583055853755436 0.3136375803560837
0 0.8912280539067771 0.28184525283607853 0.03839088534372692 0.0772170649348082
1 0.91640625 0.1453125 0.1390625 0.290625
3 0.188604135264185 0.7616717057614731 0.18708511338317954 0.37037850405718975
4 0.3616694652689575 0.7295291818154857 0.15240103071290695 0.3432159862002823
3 0.52890625 0.62265625 0.0796875 0.2078125
3 0.56171875 0.61171875 0.1453125 0.1859375
1 0.6859375 0.6046875 0.165625 0.171875
0 0.774568359922049 0.6509713538917387 0.055669292011453916 0.08532957386326193
2 0.853125 0.59296875 0.109375 0.1484375