1 0.04140625 0.07265625 0.0828125 0.1453125
1 0.12734375 0.07265625 0.0765625 0.1453125
3 0.21328125 0.07421875 0.0703125 0.1484375
6 0.29140625 0.07265625 0.0671875 0.1453125
10 0.3765625 0.06796875 0.065625 0.1359375
1 0.446875 0.06953125 0.06875 0.1390625
5 0.5265625 0.0671875 0.059375 0.134375
0 0.47914428594269864 0.1256144358828825 0.010248019237293704 0.02521820554708327
7 0.88046875 0.3109375 0.0953125 0.215625
1 0.97265625 0.32265625 0.0546875 0.1921875
0 0.375 0.96484375 0.04375 0.0703125
1 0.4453125 0.87421875 0.115625 0.2515625
1 0.54453125 0.86953125 0.0890625 0.2546875
5 0.2171875 0.86875 0.128125 0.2625
3 0.11328125 0.86640625 0.1296875 0.2671875
3 0.3265625 0.86953125 0.096875 0.2609375
5 0.8065227522774346 0.6860934217308338 0.14683537149903003 0.40465374525034736
6 0.65234375 0.68125 0.1265625 0.365625
1 0.93984375 0.7109375 0.1203125 0.375
0 0.8670460461094998 0.8337146105604172 0.055109140651505586 0.10276263050895836