2 0.309375 0.05546875 0.065625 0.1109375
3 0.3890625 0.0546875 0.10625 0.109375
10 0.49296875 0.0578125 0.1171875 0.115625
1 0.565625 0.0609375 0.046875 0.121875
0 0.5688433652469475 0.021105507786875498 0.015788626463433174 0.028488675911805574
6 0.7109375 0.35625 0.159375 0.125
1 0.853125 0.34140625 0.184375 0.1546875
1 0.9546875 0.32890625 0.090625 0.1796875
7 0.1171875 0.54765625 0.15 0.2578125
1 0.2390625 0.53125 0.146875 0.225
0 0.31366550673749527 0.581297472167674 0.048892017953980724 0.07925239532659738
1 0.3671875 0.51640625 0.153125 0.1953125
2 0.50234375 0.5015625 0.1390625 0.165625
9 0.8208103862259903 0.5437227773541671 0.13579309601642037 0.24687761284152784
3 0.91015625 0.53359375 0.1140625 0.2296875
0 0.9619166543763631 0.5985765443560075 0.042560204722264315 0.06504442496187508
6 0.971875 0.51796875 0.05625 0.1984375