4 0.22421875 0.065625 0.1453125 0.13125
2 0.4203125 0.05859375 0.09375 0.1171875
0 0.52890625 0.0078125 0.0203125 0.015625
2 0.01171875 0.03203125 0.0234375 0.0640625
9 0.01796875 0.03515625 0.0359375 0.0703125
2 0.16875 0.06015625 0.0875 0.1203125
6 0.3078125 0.06328125 0.1375 0.1265625
1 0.46875 0.0609375 0.134375 0.121875
1 0.553125 0.05546875 0.121875 0.1109375
3 0.77109375 0.44296875 0.1234375 0.2140625
9 0.7703125 0.43046875 0.121875 0.2390625
8 0.7859375 0.41796875 0.153125 0.2640625
1 0.90078125 0.4046875 0.1984375 0.290625
1 0.971875 0.3734375 0.05625 0.353125
3 0.17890625 0.9109375 0.1890625 0.178125
2 0.36015625 0.88515625 0.1296875 0.2296875
10 0.47109375 0.86796875 0.1734375 0.2640625
0 0.56640625 0.990625 0.0546875 0.01875
1 0.61171875 0.85 0.1953125 0.3
1 0.68203125 0.82265625 0.0546875 0.3265625
7 0.77734375 0.7 0.1359375 0.3
3 0.9 0.67265625 0.2 0.2453125