4 0.20390625 0.08359375 0.1453125 0.1671875
7 0.28046875 0.08125 0.0765625 0.1625
1 0.3515625 0.08125 0.065625 0.1625
1 0.41875 0.078125 0.128125 0.15625
9 0.525 0.07734375 0.125 0.1546875
4 0.6328125 0.075 0.1125 0.15
10 0.72890625 0.07578125 0.1203125 0.1515625
0 0.76328125 0.11552075164446247 0.015625 0.031795637023308565
1 0.828125 0.0734375 0.11875 0.146875
7 0.059375 0.6546875 0.11875 0.471875
8 0.05390625 0.67421875 0.1078125 0.4796875
1 0.15078125 0.6987474246952877 0.20625 0.43688990870767286
2 0.28125 0.690625 0.075 0.403125
5 0.59921875 0.50625 0.1640625 0.253125
6 0.74921875 0.49765625 0.1359375 0.2359375
0 0.790625 0.5798833520072822 0.040625 0.07173115626060227
9 0.8984375 0.51328125 0.1875 0.2671875