4 0.11015625 0.31875 0.1609375 0.18125
7 0.22109375 0.33828125 0.1640625 0.1421875
1 0.35234375 0.35625 0.1609375 0.10625
4 0.62734375 0.040625 0.0359375 0.08125
7 0.62734375 0.03984375 0.0359375 0.0796875
9 0.6671875 0.03671875 0.06875 0.0734375
5 0.72734375 0.0375 0.0609375 0.075
3 0.95625 0.1484375 0.0875 0.28125
9 0.10305698659295795 0.7124082969969259 0.11995106269890758 0.24159227767481414
6 0.19590755792491255 0.7258110872856118 0.12921697469763488 0.2325446598887993
0 0.22309621924732212 0.8072619839275672 0.04118862133990877 0.04985615626060227
1 0.284824607256549 0.7414212183184705 0.11686242536599849 0.24460815027015242
3 0.3792831319223672 0.7509723223094873 0.12778174403245313 0.24342759618646853
6 0.88125 0.82734375 0.2375 0.3453125