1 0.03125 0.259375 0.0625 0.21875
1 0.03359375 0.2515625 0.0671875 0.234375
1 0.03046875 0.2328125 0.0609375 0.24375
4 0.02890625 0.20625 0.0578125 0.240625
10 0.02890625 0.1921875 0.0578125 0.225
8 0.0265625 0.165625 0.053125 0.2125
3 0.07310235315479137 0.15405662675045076 0.11294033035645867 0.22156701201463563
3 0.15095524943131905 0.13308160276095019 0.11130509517409734 0.21842383068109025
0 0.134474304617812 0.2368242207590412 0.017805749050069507 0.02676249466899989
6 0.43203125 0.09375 0.2328125 0.1875
9 0.56484375 0.09296875 0.2078125 0.1859375
0 0.66328125 0.03828125 0.0640625 0.0765625
1 0.7078125 0.09765625 0.20625 0.1953125
2 0.846875 0.0796875 0.18125 0.159375
7 0.18828125 0.74453125 0.0609375 0.4359375
4 0.42468173052961766 0.6663186273869975 0.142338196047778 0.2765817760184538
5 0.5408340606017357 0.6450077960693605 0.13430749050069474 0.2671158693507266
9 0.6634000448341663 0.6167384400859051 0.16272343123013916 0.27994313335454457
1 0.7852938818401386 0.5837724934356772 0.1625052256830557 0.2705681333545444
0 0.6199565565176732 0.7373594754137235 0.03074216014423605 0.04565794533736352