4 0.0140625 0.34375 0.028125 0.171875
7 0.03709277118281218 0.3572754778672573 0.07311411094166687 0.1891001740119445
0 0.07097615549149268 0.41278124866881977 0.03285017401194459 0.06947735182361114
1 0.11227460913871497 0.351208622243924 0.0724231267092362 0.15941267401194442
1 0.1884734332269094 0.36861563421177135 0.07311411094166687 0.1891001740119444
6 0.64921875 0.05859375 0.0390625 0.1171875
9 0.65 0.06796875 0.040625 0.1359375
0 0.6722672049784025 0.11872277735416707 0.01787848423243048 0.030087543502986057
1 0.73125 0.075 0.0875 0.15
2 0.84609375 0.08125 0.0578125 0.1625
8 0.46328125 0.6828125 0.0859375 0.128125
1 0.54453125 0.6859375 0.0984375 0.134375
4 0.60703125 0.68203125 0.0453125 0.1265625
2 0.0875 0.64921875 0.0375 0.0609375
9 0.12890625 0.65078125 0.0671875 0.0640625
8 0.808042357238854 0.8300427902719448 0.08565178495361128 0.2581047471502084
1 0.8891468868741317 0.8381839050133338 0.0984427256830557 0.27089568787965285
4 0.9640625 0.8421875 0.071875 0.253125
2 0.63828125 0.76328125 0.0171875 0.1234375
9 0.64609375 0.765625 0.0328125 0.13125