1 0.02421875 0.36796875 0.0484375 0.2296875
1 0.0234375 0.35703125 0.046875 0.2296875
3 0.07745421306507376 0.3452640656676035 0.10236488960884901 0.22557269262201593
8 0.17250761444504548 0.33097482757146013 0.08835693668674978 0.22861587939029934
2 0.2777309025944925 0.31752592680933434 0.05839670129724617 0.21281816256778666
10 0.33203125 0.30859375 0.0734375 0.2140625
6 0.5350621615229463 0.3601805385402404 0.11401150162155779 0.2662613251355733
1 0.6511411290555421 0.342107770291672 0.1360228693163094 0.27420109016268784
0 0.722431522317839 0.4432935412707149 0.02088524431795715 0.03293067466803503
1 0.7647536156628615 0.31699011650448405 0.13281604869945837 0.26949540944452866
1 0.9213893993480816 0.2952474475919856 0.07632058684890523 0.2551056565176625
3 0.1671849147693571 0.8045476411959601 0.14613425486796866 0.31644313231716553
4 0.30390625 0.78984375 0.1296875 0.3390625
7 0.744178062902918 0.7609345174630016 0.1606876785690748 0.3446499455488821
6 0.90390625 0.73515625 0.1484375 0.3328125
0 0.98515625 0.865625 0.0296875 0.05625