3 0.046875 0.16640625 0.09375 0.2828125
5 0.08205320048976264 0.1568734747331252 0.15351037824476324 0.2940799211621529
1 0.18515625 0.14296875 0.1578125 0.2859375
0 0.24976680600964976 0.22017617458062536 0.045059129869616396 0.07601829255305574
1 0.27578125 0.1234375 0.1484375 0.246875
1 0.3296875 0.11796875 0.040625 0.2359375
5 0.38359375 0.30859375 0.0671875 0.2015625
4 0.45464522078230213 0.26697713297750025 0.10031146590774283 0.19912979065319442
0 0.5137514395327141 0.32853353523795176 0.022447744317957152 0.03332164627652787
1 0.5482003518697344 0.23554725465274345 0.12237738068039512 0.21057643692972228
1 0.6377265020318902 0.21105770735003518 0.12399442775829587 0.21373780452090294
4 0.05078125 0.715625 0.1015625 0.315625
10 0.10639863555495443 0.6783874116628476 0.16743651055001152 0.28659472948277787
0 0.17951676136738098 0.7879455560395143 0.0655625446422686 0.08742857123840278
1 0.21383898863920958 0.6574410916587157 0.17538537824476313 0.29458906743868063
3 0.2890625 0.64375 0.121875 0.321875
8 0.39453125 0.71640625 0.0890625 0.2703125
1 0.45301849107484154 0.7083840361878823 0.14051945454365705 0.2656639804327085
7 0.5438616793864443 0.6979933564763546 0.1515660486994584 0.27216855357097225
8 0.6293043015454228 0.6835691401956949 0.13424218100470675 0.2639560100679862
9 0.7061122633959759 0.6712886521635422 0.14339899269310408 0.2516742156150695