3 0.04140625 0.36953125 0.0828125 0.3296875
5 0.05703125 0.38359375 0.1140625 0.3328125
1 0.1859375 0.3859375 0.125 0.328125
0 0.23671875 0.509375 0.0359375 0.08125
1 0.309375 0.38515625 0.125 0.3296875
1 0.42890625 0.396875 0.1015625 0.30625
2 0.5 0.30625 0.040625 0.28125
2 0.5460638084175342 0.29595601206475647 0.07515069604777799 0.2766001740119446
8 0.6235530287822565 0.28790581630131895 0.09589960714194472 0.2958229526972918
10 0.7100353894395829 0.29604366499079804 0.10051437195958357 0.2928070554708334
0 0.7395209080569438 0.40467312937159666 0.02183993882958344 0.0660977786853472
7 0.7983893746219439 0.29086389608909646 0.09430073955076405 0.29422408510611114
1 0.01953125 0.89765625 0.0390625 0.2046875
1 0.03203125 0.9 0.0640625 0.2
1 0.36484375 0.91015625 0.0765625 0.1796875
9 0.1140625 0.90078125 0.078125 0.1984375
4 0.20390625 0.90390625 0.0703125 0.1921875
10 0.2828125 0.90703125 0.071875 0.1859375
6 0.665625 0.90546875 0.096875 0.1890625
5 0.80625 0.91015625 0.103125 0.1796875
1 0.9421875 0.9140625 0.109375 0.171875