1 0.0375 0.0609375 0.075 0.121875
1 0.1265625 0.059375 0.1 0.11875
4 0.22421875 0.0609375 0.1015625 0.121875
8 0.32109375 0.05546875 0.0796875 0.1109375
10 0.40625 0.05703125 0.09375 0.1140625
6 0.4984375 0.05859375 0.0875 0.1171875
6 0.58359375 0.0546875 0.0796875 0.109375
0 0.5241355634515273 0.03651575699312195 0.014789851823611144 0.031659176959604095
5 0.96875 0.159375 0.0625 0.31875
7 0.88125 0.14765625 0.159375 0.2953125
3 0.79609375 0.14296875 0.0734375 0.2859375
5 0.08828125 0.7671875 0.1765625 0.465625
1 0.24453125 0.77578125 0.2171875 0.4484375
1 0.43359375 0.7890625 0.2203125 0.421875
1 0.628125 0.796875 0.225 0.40625
0 0.31328125 0.959375 0.0890625 0.08125
4 0.80546875 0.55546875 0.0921875 0.2734375
1 0.7984375 0.56640625 0.078125 0.2953125
0 0.77421875 0.70859375 0.0296875 0.1015625
1 0.81328125 0.5875 0.1078125 0.3375
1 0.84921875 0.59609375 0.1796875 0.3546875