5 0.18125 0.0453125 0.10625 0.090625
7 0.25859375 0.0453125 0.0859375 0.090625
0 0.302371098085385 0.024699261114825965 0.029816474772256463 0.049092116641249996
1 0.3296875 0.04609375 0.084375 0.0921875
1 0.4125 0.04453125 0.0875 0.0890625
8 0.65546875 0.0453125 0.0796875 0.090625
1 0.78515625 0.0453125 0.0796875 0.090625
0 0.75859375 0.01015625 0.0234375 0.0203125
3 0.71796875 0.0421875 0.0765625 0.084375
8 0.0421875 0.546875 0.084375 0.315625
5 0.04296875 0.53125 0.0859375 0.284375
0 0.09163698392756725 0.6328754370266315 0.06555556733052796 0.08895470364722229
5 0.17421875 0.51875 0.1828125 0.259375
9 0.32265625 0.534375 0.1953125 0.290625
1 0.8486979718618496 0.7367784209747217 0.1632391322988031 0.3379026563445141
1 0.94375 0.7265625 0.1125 0.35
6 0.7095908318433162 0.7611270703853815 0.16080361306150942 0.31286628875333344
4 0.5867535325689557 0.7811876100886455 0.14470738710812653 0.3437162452503474
3 0.5484375 0.8078125 0.078125 0.321875
0 0.7976588054344464 0.8873064042572217 0.06125001324684405 0.09978310087368066