5 0.02578125 0.36328125 0.0515625 0.1828125
7 0.02109375 0.3796875 0.0421875 0.18125
0 0.0125 0.4515625 0.025 0.05
1 0.059053542608229925 0.38449118199263843 0.08341357869190809 0.187828614741389
1 0.13775070727245736 0.4006233686380202 0.0864658533577261 0.18165134992375015
9 0.52890625 0.18671875 0.0796875 0.3484375
5 0.55 0.18359375 0.121875 0.3140625
1 0.6656297119271397 0.22751252374826336 0.16755331604072551 0.3038185970739583
2 0.7958802859245944 0.24322582988468683 0.11135786004136179 0.3071968637914585
0 0.5715791725811858 0.3226451454235065 0.05897610534690863 0.10134560087368065
7 0.0671875 0.8203125 0.134375 0.334375
2 0.196875 0.83828125 0.121875 0.3234375
0 0.2203125 0.971875 0.059375 0.05625
1 0.31328125 0.840625 0.1703125 0.31875
1 0.4234375 0.8484375 0.13125 0.303125
3 0.5390625 0.77421875 0.1 0.2484375
3 0.66328125 0.7859375 0.1453125 0.271875
7 0.80234375 0.7921875 0.1359375 0.284375
0 0.8527928099140949 0.9058940565176732 0.02543635200509069 0.03808188145888884
1 0.93671875 0.79921875 0.1265625 0.2984375