3 0.115625 0.07265625 0.10625 0.1453125
4 0.2140625 0.08515625 0.096875 0.1703125
3 0.3109375 0.078125 0.10625 0.15625
9 0.41875 0.0875 0.115625 0.175
0 0.2602218486167329 0.11279801994854122 0.052844356330665934 0.07463763050895836
8 0.78515625 0.159375 0.0890625 0.31875
5 0.92421875 0.1578125 0.1140625 0.315625
0 0.99296875 0.28515625 0.0140625 0.0515625
3 0.2963075787312306 0.5810070785535066 0.13023651947846523 0.3029094072944446
3 0.42751666842280506 0.5756084508943399 0.11910810470581286 0.2917173341561806
3 0.52890625 0.55 0.0796875 0.2875
5 0.6394593352240523 0.7282950801690273 0.13253540503012448 0.34513327488562506
10 0.7928297970746054 0.7387935562333328 0.1309729050301245 0.3450969072944446
0 0.8589241757264057 0.8537087349949299 0.03280459172016954 0.08978985182361114
3 0.9421875 0.7421875 0.115625 0.428125