3 0.08166838027335813 0.35247265853803694 0.15770695454365705 0.2678472428284239
4 0.17265625 0.3734375 0.1546875 0.253125
3 0.26640625 0.390625 0.1578125 0.21875
9 0.3671875 0.4046875 0.171875 0.190625
0 0.196875 0.4671875 0.06875 0.065625
7 0.70546875 0.09921875 0.1703125 0.1984375
3 0.8140625 0.1125 0.175 0.225
0 0.8351439821397972 0.18071173122604253 0.056023903408566514 0.07847222958158007
1 0.9140625 0.11796875 0.153125 0.2359375
1 0.959375 0.15 0.08125 0.3
4 0.053125 0.85390625 0.10625 0.2328125
1 0.129416133519769 0.8781621393007433 0.13043534253094827 0.2262946598887993
1 0.30625 0.896875 0.128125 0.20625
1 0.39609375 0.9046875 0.1328125 0.190625
2 0.22890625 0.8859375 0.1171875 0.228125
0 0.2375 0.97265625 0.0375 0.0546875
2 0.57265625 0.59453125 0.0671875 0.1890625
4 0.58125 0.61953125 0.084375 0.2390625
9 0.57890625 0.628125 0.0796875 0.25625
0 0.5645644752399384 0.6939929812260425 0.04196140340856669 0.07798115626060227
1 0.63828125 0.63359375 0.1640625 0.2671875
2 0.7535627455324778 0.6389259913928435 0.13887513392680617 0.2625049784004535