1 0.02421875 0.28671875 0.0484375 0.2578125
1 0.06003478727722986 0.2802598388775003 0.09340674403245304 0.24064436525911964
5 0.1569916032781844 0.2749195482924214 0.07918061203054413 0.2263364034085667
3 0.2407035319462297 0.26622243262626455 0.0761101560311804 0.23096935633066593
2 0.3424114826145933 0.25549521265803665 0.04309766136218052 0.21320911201270878
1 0.39639045794877503 0.2501861497518234 0.06633516669318062 0.19643071509696391
6 0.46987341128263865 0.24756175608248937 0.061665848026726165 0.19791139448011297
0 0.435188781269912 0.34072537499505706 0.015915901336727066 0.02527273538950343
6 0.7828125 0.05546875 0.0875 0.1109375
1 0.8609375 0.059375 0.1 0.11875
0 0.9046875 0.01953125 0.034375 0.0390625
1 0.946875 0.06171875 0.10625 0.1234375
9 0.27109375 0.8765625 0.1515625 0.246875
0 0.33984375 0.97578125 0.0703125 0.0484375
1 0.41171875 0.86796875 0.1796875 0.2640625
2 0.5328125 0.85078125 0.034375 0.2984375
4 0.16171875 0.865625 0.1328125 0.26875
3 0.58671875 0.7015625 0.0734375 0.371875
3 0.6370961792648213 0.6986649655007058 0.14329875071608864 0.3664898449665802
5 0.8013950366009122 0.6812161870904914 0.12567489871099796 0.3286898360381265
0 0.8763666699156858 0.8192713404990581 0.028743165340545218 0.05361592370110611
1 0.9359375 0.67421875 0.128125 0.3453125