1 0.01953125 0.28984375 0.0390625 0.2546875
1 0.052340465945275215 0.29306465604341464 0.07772720003181668 0.23655727711788863
5 0.1500058066120479 0.29512491270733215 0.06508174936345305 0.22369356426490725
3 0.23364500994591159 0.2936509924116456 0.06199311203054414 0.22672763605166182
2 0.3360523946133206 0.29116014139543117 0.029016980028634974 0.21171038981258547
1 0.38998591661363874 0.2903849030739137 0.05225448535963508 0.19520485141192587
0 0.4225069679344576 0.38354988136630136 0.014353401336727068 0.025409176959604096
2 0.453125 0.178125 0.046875 0.35625
1 0.4671875 0.18046875 0.075 0.3609375
10 0.51015625 0.17578125 0.1265625 0.3515625
0 0.582443947247004 0.33113427203681683 0.05083634134309047 0.07332985141192587
8 0.7140625 0.1828125 0.128125 0.365625
8 0.85078125 0.21953125 0.1578125 0.4390625
2 0.0265625 0.67734375 0.053125 0.1953125
5 0.0359375 0.678125 0.071875 0.196875
9 0.0296875 0.6734375 0.059375 0.1875
0 0.0140625 0.7265625 0.028125 0.1125
1 0.03515625 0.6796875 0.0703125 0.2
1 0.14140625 0.6765625 0.1390625 0.19375
6 0.785352413271821 0.776172672736462 0.12178628270208929 0.2643927721033236
3 0.8988972926082299 0.7568125704666064 0.09004538669636233 0.22129598997087002
1 0.9796875 0.74921875 0.040625 0.2359375
0 0.9542018632638669 0.839699278305023 0.03829997867599957 0.06984113855894432