3 0.69921875 0.08125 0.2015625 0.1625
3 0.85078125 0.078125 0.1734375 0.15625
7 0.940625 0.08046875 0.11875 0.1609375
10 0.22432132066972202 0.4750851000556793 0.14724390159486128 0.28601132001909
9 0.3243388512549302 0.5090702960693605 0.14877003400368097 0.2844670013526355
6 0.4197779846136802 0.5383134480824052 0.13616093123013914 0.27963405068427194
0 0.4315486731589232 0.670517420751087 0.014644381458888845 0.025163632001908985
6 0.49609375 0.56484375 0.0859375 0.2703125
2 0.5828125 0.49140625 0.0875 0.3890625
1 0.59375 0.51953125 0.109375 0.4046875
9 0.590625 0.5671875 0.103125 0.396875
0 0.56171875 0.74140625 0.0453125 0.1359375
1 0.6673783768061454 0.6157753767504508 0.23812608757465306 0.43234197469763486
2 0.8703754370266316 0.6572105407781312 0.15836454597152816 0.36112040802036277