9 0.17839002450437552 0.5362899404807167 0.09284603590354194 0.23019656010845857
6 0.2719400027528824 0.5271507689359396 0.10196646276527802 0.21931360226293642
0 0.3173810957427783 0.5995524888817102 0.035429660144236055 0.04551248789975162
1 0.3616382823881602 0.5203780732888614 0.08979377108590292 0.23330337939029935
3 0.4542797240675352 0.5057746969236243 0.10065853590354194 0.23024201190385654
8 0.7671875 0.14765625 0.140625 0.2953125
8 0.8765625 0.14921875 0.11875 0.2984375
0 0.9317319236306949 0.2823649888817103 0.047858231382639005 0.10963862041330899
1 0.96875 0.1671875 0.0625 0.31875
4 0.134375 0.91953125 0.121875 0.1609375
7 0.24921875 0.925 0.1265625 0.15
1 0.38515625 0.92578125 0.1234375 0.1484375
2 0.521875 0.93046875 0.05625 0.1390625
1 0.5765625 0.8296875 0.053125 0.2
1 0.58984375 0.81796875 0.0796875 0.1765625
6 0.6890625 0.8109375 0.09375 0.1625
6 0.80078125 0.8046875 0.0921875 0.15
6 0.9125 0.80234375 0.090625 0.1453125
2 0.559375 0.81640625 0.01875 0.1734375
0 0.9767210345723616 0.8547934590238727 0.017842116641249815 0.02822499394987581