6 0.27102583465237134 0.24171350923770704 0.11501254922121244 0.19693248746358769
1 0.3527532077719095 0.25575562569332766 0.11496708511458972 0.1953699874635877
0 0.37368548488979825 0.33021005641385537 0.034721992478152684 0.06657974623907634
1 0.41796875 0.27265625 0.0828125 0.2078125
2 0.4953125 0.20546875 0.071875 0.3171875
2 0.5865993588672662 0.22165341033306377 0.1214564290046681 0.31108591567683314
8 0.7064488576136249 0.2291129061764286 0.14958142900466811 0.31190426959604134
1 0.8188495692129653 0.24929972255290692 0.1875360700708951 0.3286204081549856
1 0.9296875 0.265625 0.140625 0.325
0 0.7298445566765529 0.36135710484364514 0.060722202823851566 0.1016821719450391
4 0.39453125 0.840625 0.1296875 0.221875
3 0.63203125 0.81171875 0.1984375 0.1640625
3 0.78515625 0.80859375 0.1703125 0.1578125
7 0.90859375 0.81015625 0.1828125 0.1609375
0 0.9671875 0.765625 0.065625 0.071875