6 0.303231101771957 0.29880705480524333 0.061791993753484056 0.1482933360560418
1 0.369637351771957 0.300352677430417 0.06178290339440444 0.14673083605604162
0 0.39652710469882313 0.35722092648048653 0.017478391490547907 0.050400043502986235
1 0.43294587284919583 0.30651306487322955 0.05092721662612103 0.16053876291777786
1 0.49227996623333753 0.30086378333809066 0.05866699375348396 0.14822060087368066
7 0.75625 0.36875 0.053125 0.278125
4 0.75 0.36796875 0.040625 0.2578125
0 0.7375 0.4625 0.015625 0.05
1 0.75859375 0.36015625 0.0578125 0.2828125
1 0.863005556690613 0.3707431382958339 0.12025899960721667 0.26213893692972234
5 0.046875 0.7375 0.09375 0.215625
5 0.11328125 0.7265625 0.1546875 0.19375
0 0.19950263465485668 0.7238271982319795 0.05210792154477702 0.09495013050895836
1 0.3078125 0.734375 0.19375 0.209375
1 0.4796875 0.740625 0.1625 0.221875
1 0.75234375 0.74375 0.0453125 0.228125
2 0.7359375 0.7375 0.0125 0.215625
5 0.76953125 0.74296875 0.0796875 0.2265625
5 0.8625 0.74375 0.0875 0.228125
2 0.98828125 0.74375 0.0234375 0.228125