4 0.01484375 0.03515625 0.0296875 0.0703125
4 0.0140625 0.03203125 0.028125 0.0640625
9 0.29140625 0.0609375 0.1109375 0.121875
8 0.384375 0.059375 0.1 0.11875
4 0.44609375 0.06328125 0.0671875 0.1265625
2 0.509375 0.09453125 0.059375 0.1890625
4 0.52421875 0.09765625 0.0890625 0.1953125
1 0.62578125 0.0796875 0.1390625 0.159375
0 0.7022995438842358 0.09320927192077635 0.07144120174736131 0.11642497867599957
9 0.7671875 0.0890625 0.171875 0.178125
5 0.896875 0.08125 0.16875 0.1625
3 0.15495111198850653 0.817293851289002 0.09862325721819457 0.21046588001272665
1 0.2518988471708677 0.8130416086091845 0.09720622758291686 0.21669769867918126
3 0.34025283235322873 0.808889363263867 0.09869599240055571 0.21359088001272664
0 0.39448443104270786 0.8949535852562308 0.019841027735416718 0.04709317600254544
7 0.43046875 0.80078125 0.0984375 0.2078125
4 0.52421875 0.79296875 0.0890625 0.4140625
10 0.6070948402370135 0.7785853399506841 0.19128745516583373 0.43335903469127146
0 0.71953125 0.94609375 0.0703125 0.1078125
1 0.8044426189223607 0.7559819919239581 0.19590221998347257 0.4302885786919079
1 0.9453125 0.71953125 0.109375 0.4421875