4 0.0171875 0.0359375 0.034375 0.071875
4 0.01640625 0.0328125 0.0328125 0.065625
9 0.2171875 0.0796875 0.128125 0.159375
8 0.31171875 0.08515625 0.1171875 0.1703125
4 0.3859375 0.10234375 0.11875 0.2046875
4 0.4640625 0.1109375 0.128125 0.221875
0 0.4732737426587878 0.20692519688484978 0.019950401451278844 0.03492056927947225
3 0.5078125 0.12109375 0.0625 0.2421875
0 0.7984696609002897 0.09986022532288671 0.0724057680561673 0.10668792069139812
1 0.9046875 0.10390625 0.190625 0.2078125
6 0.7484375 0.10703125 0.228125 0.2140625
10 0.6328125 0.1078125 0.1875 0.215625
0 0.12024051189608151 0.5760422920950765 0.02173115626060227 0.04121603338609479
6 0.0484375 0.5109375 0.09375 0.121875
8 0.23606640853803693 0.5512589039318435 0.08843256134007813 0.16334709765100222
8 0.1109375 0.5171875 0.071875 0.134375
9 0.1709870455613455 0.5337244114536909 0.09144843393541642 0.16031302586424748
1 0.578125 0.5828125 0.078125 0.265625
1 0.57890625 0.590625 0.0796875 0.28125
1 0.57734375 0.609375 0.0765625 0.296875
1 0.578125 0.665625 0.078125 0.25
0 0.5594716482864179 0.7764778642775425 0.03321429328391083 0.05715928213245362
8 0.6355654115332617 0.6801544452354972 0.13373019237293704 0.2536371285298145
5 0.57421875 0.6453125 0.0703125 0.246875
4 0.575 0.63046875 0.071875 0.2828125