1 0.1390625 0.221875 0.121875 0.234375
1 0.2430291006126843 0.20814568721406274 0.1135737933640895 0.2291445989738195
3 0.3407853479471842 0.20182491166284758 0.11520901869827131 0.23543096656500015
10 0.43394500194941144 0.18758253333809066 0.11204765603118041 0.23223323138263902
3 0.5215995432845477 0.1763378684442019 0.10892265603118041 0.23216049620027784
5 0.59453125 0.159375 0.0890625 0.215625
1 0.984375 0.25078125 0.03125 0.1765625
8 0.94921875 0.24765625 0.1015625 0.1828125
1 0.160025149268003 0.5872857137152085 0.13901014536918016 0.2672264804327085
1 0.2578904846037756 0.5715899381639933 0.1438067333704529 0.27671058320625014
4 0.3596438886060028 0.5575475815907295 0.1311976453691802 0.26704464247680554
2 0.45987115527532085 0.5403438574262851 0.1155362827020893 0.26355596656500013
9 0.5333904712762754 0.5350218842117713 0.12165901336727103 0.25276393692972227
7 0.5953125 0.52734375 0.0875 0.2453125
2 0.69296875 0.58671875 0.1078125 0.3671875
8 0.6859375 0.56640625 0.09375 0.3890625
0 0.6515625 0.68203125 0.025 0.0890625
1 0.69140625 0.540625 0.1046875 0.353125
1 0.7859375 0.5203125 0.20625 0.3625