1 0.040625 0.06015625 0.08125 0.1203125
1 0.12578125 0.05703125 0.1078125 0.1140625
3 0.21953125 0.0578125 0.1078125 0.115625
10 0.31171875 0.05703125 0.1046875 0.1140625
3 0.39765625 0.0578125 0.1015625 0.115625
5 0.47890625 0.053125 0.0953125 0.10625
10 0.56171875 0.05390625 0.0921875 0.1078125
0 0.49942345659613957 0.055211932699084885 0.015952264003817974 0.02857964106622681
8 0.64296875 0.06015625 0.0671875 0.1203125
8 0.678125 0.06484375 0.1125 0.1296875
0 0.6918109512651395 0.09051763222423119 0.04471361067790873 0.08408549498543501
1 0.759375 0.07734375 0.115625 0.1546875
3 0.83984375 0.08046875 0.1171875 0.1609375
6 0.3157660719287305 0.8207075859060126 0.11384651336727103 0.2532279515702104
6 0.4272121019255489 0.8473957695295343 0.1106124253659985 0.24376202335696498
1 0.528125 0.8765625 0.11875 0.246875
0 0.4494314525780041 0.9527652311288746 0.027162484006999676 0.052335389812585474
7 0.81875 0.66015625 0.303125 0.3203125
7 0.94140625 0.671875 0.1171875 0.34375