2 0.015625 0.07109375 0.03125 0.1421875
1 0.03046875 0.0703125 0.0609375 0.140625
1 0.05390625 0.07265625 0.1078125 0.1453125
1 0.1828125 0.0734375 0.13125 0.146875
5 0.31953125 0.07109375 0.1203125 0.1421875
0 0.12431162215568321 0.07367055139929057 0.027380706168510117 0.04764788981258548
5 0.42890625 0.2390625 0.0984375 0.2375
10 0.5216309070587194 0.21217076174498944 0.11483761606989855 0.2266654515702104
0 0.5799576501588606 0.2847300718532617 0.053144365259119655 0.09212531551854859
1 0.6236064642828898 0.1880991127612039 0.13547739853730273 0.2460064849563052
2 0.759779743503883 0.15287100343171928 0.0961421631477993 0.22924488229073817
5 0.025 0.57890625 0.05 0.1796875
7 0.02578125 0.58125 0.0515625 0.184375
0 0.0125 0.634375 0.025 0.08125
1 0.02734375 0.5890625 0.0546875 0.2
1 0.05390625 0.57890625 0.1078125 0.1796875
2 0.3828125 0.82265625 0.00625 0.1515625
9 0.39765625 0.82109375 0.0359375 0.1703125
5 0.8160803364418683 0.8361190756141854 0.12667514285525988 0.27854620031656907
5 0.9143678319776415 0.8246610868969565 0.11716377516050809 0.27046091567683295