5 0.22734375 0.0703125 0.1109375 0.140625
5 0.3390625 0.06640625 0.096875 0.1328125
0 0.3929798015388323 0.08046875 0.04050799756436803 0.0828125
1 0.4515625 0.0671875 0.115625 0.134375
5 0.5702514135515411 0.25859375 0.10038537824476315 0.290625
2 0.739069597398917 0.2625 0.039475151783713615 0.2921875
1 0.8445656209378672 0.2640625 0.11113196347211093 0.2796875
1 0.9640625 0.2578125 0.071875 0.290625
0 0.7698577215864904 0.3703125 0.03215002678536116 0.0515625
9 0.3126298283241935 0.79296875 0.15048656412073386 0.3859375
1 0.4640625 0.7765625 0.090625 0.35625
2 0.56796875 0.86796875 0.0671875 0.2640625
8 0.67421875 0.878125 0.1015625 0.24375
8 0.8078125 0.8734375 0.109375 0.253125
5 0.93125 0.88359375 0.1375 0.2328125