5 0.0578125 0.32265625 0.115625 0.2828125
5 0.1702098292420951 0.3256333425985748 0.10464936223247853 0.2677511022629364
0 0.22829276537289916 0.41579980034590125 0.04308006175762476 0.08461134933607006
1 0.2815194022824909 0.31222080327276747 0.1234902904457238 0.27098518657189175
1 0.3955364381758682 0.3113218994855796 0.11296196740532789 0.2849840540583344
6 0.675 0.4265625 0.171875 0.325
4 0.80546875 0.40859375 0.1390625 0.3609375
0 0.87890625 0.54765625 0.0421875 0.0828125
1 0.940625 0.4125 0.11875 0.353125
6 0.05390625 0.8875 0.1078125 0.225
10 0.0796875 0.8890625 0.159375 0.221875
1 0.2515625 0.88359375 0.196875 0.2328125
1 0.43203125 0.8828125 0.1859375 0.234375
2 0.609375 0.8609375 0.040625 0.278125
7 0.70859375 0.8515625 0.1328125 0.296875
1 0.6171875 0.859375 0.05625 0.28125
1 0.85703125 0.8515625 0.1359375 0.296875
1 0.95859375 0.846875 0.0828125 0.30625
0 0.7828125 0.965625 0.0375 0.06875