6 0.08614463677277051 0.3486478193459792 0.12462171915415361 0.25037573620994635
1 0.17884065138326707 0.3615677050019297 0.11982512499835245 0.24398934389007837
0 0.21079798904624666 0.454340226709542 0.04190685633066593 0.07461956677218975
1 0.2793355292242885 0.37504152012476677 0.11823535145940198 0.24238137978345584
3 0.38207869967898367 0.3939158890876698 0.13089899269310407 0.2521200926364372
2 0.57578125 0.17890625 0.0140625 0.1515625
9 0.5875 0.190625 0.0375 0.171875
2 0.5765625 0.51328125 0.015625 0.1203125
5 0.645583866480231 0.3246587383880245 0.1313899163942102 0.2802450926364372
5 0.7421452207823022 0.3398087137774183 0.12187854869945838 0.2721598079967011
2 0.8588281603117208 0.36530515578071715 0.07626603977100466 0.2536538489046434
5 0.9313344058474939 0.37178482482276254 0.11530126623205454 0.2532279515702104
0 0.9314962727314666 0.49671662866282845 0.022638659090609536 0.04438649749271768
8 0.9859375 0.38046875 0.028125 0.2796875
6 0.13515625 0.8921875 0.1828125 0.215625
9 0.27890625 0.88515625 0.1796875 0.2296875
6 0.4265625 0.909375 0.1625 0.18125