5 0.35234375 0.09375 0.1328125 0.1875
10 0.39765625 0.10234375 0.0421875 0.2046875
7 0.4984375 0.22890625 0.159375 0.2796875
9 0.62890625 0.2484375 0.2359375 0.240625
1 0.80625 0.26953125 0.21875 0.1984375
6 0.07734375 0.65859375 0.1546875 0.4828125
6 0.16015625 0.6929972129194885 0.240625 0.4507514724198929
0 0.20859375 0.8892440756141854 0.0828125 0.15709709765100222
1 0.3140625 0.759375 0.209375 0.45625
3 0.53046875 0.7133300964638678 0.1390625 0.2774838054894186
1 0.6453125 0.7381134846271008 0.140625 0.26502926959604134
5 0.76015625 0.7496156227903338 0.1296875 0.2568985208496827
1 0.86796875 0.7738223494333687 0.1328125 0.2460519490629279
0 0.78046875 0.8646495894042389 0.025 0.03978992570596276