5 0.03359375 0.30859375 0.0671875 0.2328125
10 0.05703125 0.2921875 0.1140625 0.2375
0 0.11692703247069929 0.38165200568533814 0.041825035713814886 0.06945911201270896
1 0.14453125 0.2875 0.1109375 0.253125
6 0.3453125 0.21328125 0.278125 0.4265625
6 0.51796875 0.1921875 0.2078125 0.384375
0 0.6348979622608855 0.32691391274735276 0.07142280681713338 0.1543250357138149
1 0.72109375 0.18828125 0.2484375 0.3765625
2 0.93359375 0.17421875 0.1328125 0.3484375
4 0.11796875 0.81640625 0.1640625 0.3671875
5 0.5125 0.66953125 0.19375 0.2796875
4 0.6890625 0.640625 0.159375 0.221875
0 0.7770599630716644 0.7184138457839497 0.0610386858759707 0.09634889448011279
1 0.8453125 0.64296875 0.196875 0.2265625
2 0.9515625 0.63984375 0.096875 0.2203125