4 0.12023323271381914 0.2836521253978152 0.11072452013597242 0.2605931493475448
7 0.20859375 0.29296875 0.1078125 0.2515625
8 0.30703125 0.296875 0.0984375 0.24375
2 0.41484375 0.31328125 0.0578125 0.2109375
0 0.4109375 0.41328125 0.015625 0.0109375
2 0.50625 0.31640625 0.053125 0.2046875
2 0.00703125 0.18046875 0.0140625 0.1296875
9 0.0140625 0.18671875 0.028125 0.1421875
2 0.65 0.06484375 0.10625 0.1296875
4 0.73359375 0.0671875 0.1140625 0.134375
9 0.91640625 0.06328125 0.1296875 0.1265625
7 0.82265625 0.05859375 0.1171875 0.1171875
6 0.10859375 0.665625 0.2171875 0.478125
5 0.3147612166619093 0.6988584073838158 0.20745796903354208 0.45697834802672616
0 0.3887942094437147 0.9091515647278609 0.0827423776591667 0.13217724801081765
1 0.4921875 0.7515625 0.153125 0.496875
2 0.615625 0.85 0.09375 0.3
8 0.6078125 0.85625 0.078125 0.2875
1 0.6234375 0.875 0.109375 0.25
1 0.7375 0.87734375 0.175 0.2453125