4 0.0828125 0.1078125 0.109375 0.215625
7 0.17265625 0.10703125 0.1078125 0.2140625
8 0.26953125 0.09296875 0.0984375 0.1859375
2 0.3796875 0.08515625 0.059375 0.1703125
0 0.3999211693052819 0.14694222037856033 0.017369307181592398 0.03155000892845372
2 0.46796875 0.06953125 0.0546875 0.1390625
2 0.00703125 0.08671875 0.0140625 0.1296875
9 0.01328125 0.08359375 0.0265625 0.1421875
4 0.6453125 0.096875 0.090625 0.19375
7 0.64765625 0.12421875 0.0953125 0.2484375
10 0.67109375 0.0984375 0.1421875 0.196875
0 0.6140625 0.15 0.028125 0.1
8 0.80234375 0.090625 0.1546875 0.18125
7 0.103125 0.8140625 0.20625 0.371875
7 0.26875 0.8 0.1875 0.4
1 0.44921875 0.79453125 0.2046875 0.3890625
0 0.375 0.9515625 0.0625 0.096875
3 0.7078125 0.88515625 0.153125 0.2296875
5 0.65234375 0.89140625 0.1046875 0.2171875
1 0.85859375 0.875 0.1734375 0.25
1 0.9484375 0.85625 0.103125 0.2875