4 0.0546875 0.3421875 0.109375 0.353125
5 0.08203125 0.35859375 0.1640625 0.3203125
1 0.2421875 0.378125 0.215625 0.28125
1 0.41640625 0.38984375 0.2203125 0.2578125
2 0.61171875 0.22109375 0.0859375 0.4421875
8 0.6171875 0.225 0.096875 0.45
1 0.678125 0.23828125 0.21875 0.4765625
0 0.7523820522116227 0.426805335290914 0.08348518657189175 0.11610678903121965
2 0.9056939254536018 0.2595127752806513 0.18233279449216883 0.45573289129415606
8 0.04765625 0.76953125 0.0953125 0.2984375
5 0.1669314073032293 0.7873570159108774 0.11571694535249044 0.285038596212812
0 0.21145759124284247 0.9222496454975685 0.02840680113146803 0.048601126463433175
1 0.3019649374556545 0.8076644498504905 0.13146012002052548 0.3054419998036083
1 0.4401916453011768 0.8162349530719443 0.12045898750696793 0.294440867290051
5 0.93828125 0.6875 0.1234375 0.3375