1 0.02109375 0.08671875 0.0421875 0.1734375
1 0.02109375 0.09296875 0.0421875 0.1859375
1 0.190625 0.10234375 0.08125 0.2046875
9 0.0203125 0.0953125 0.040625 0.190625
4 0.03359375 0.0984375 0.0671875 0.196875
10 0.10859375 0.1 0.0765625 0.2
0 0.14395644776020786 0.19373619740608755 0.011410278685347209 0.02043976933481808
7 0.928125 0.21953125 0.14375 0.2796875
7 0.3936142216959024 0.5812987373885884 0.16341572188333364 0.37679995202099903
4 0.528125 0.57890625 0.103125 0.3703125
6 0.7870369133752774 0.6389112427195884 0.14139525151861143 0.37029541335136285
5 0.9390625 0.64140625 0.121875 0.3484375
0 0.99140625 0.7875 0.0171875 0.046875