1 0.0296875 0.48359375 0.059375 0.1328125
1 0.02890625 0.47578125 0.0578125 0.1484375
6 0.03125 0.47109375 0.0625 0.1578125
3 0.0984375 0.46640625 0.1125 0.1671875
5 0.1875 0.46015625 0.115625 0.1796875
4 0.27578125 0.4546875 0.1046875 0.190625
5 0.3640625 0.4484375 0.11875 0.203125
9 0.78359375 0.275 0.2765625 0.55
10 0.9265625 0.27578125 0.146875 0.5359375
7 0.13946110957378152 0.7156384694064057 0.14270924593951478 0.30003745735199916
0 0.22278389853400746 0.8353338987507689 0.02886138555165907 0.04251476400381797
2 0.3166684918790299 0.7098895507638138 0.09459902840691896 0.31822383601209037
10 0.43515625 0.70234375 0.1421875 0.3046875
5 0.73984375 0.60703125 0.1359375 0.1140625
10 0.82578125 0.60859375 0.1265625 0.1171875
0 0.89453125 0.5671875 0.0421875 0.034375
1 0.93203125 0.6125 0.1328125 0.125