1 0.02578125 0.265625 0.0515625 0.253125
1 0.0390625 0.26953125 0.078125 0.2546875
6 0.11953371165615127 0.2772086249062844 0.09207945745273882 0.25210932028847227
3 0.21090360021983284 0.2813311208222218 0.09983741529826115 0.24291615824437507
3 0.03359375 0.45234375 0.0609375 0.1140625
5 0.30310019057891247 0.2776229329425689 0.10286242134838534 0.22580139342673622
4 0.39130871770627546 0.28806816404086744 0.09042605386194254 0.2364479526972918
0 0.42040988954564024 0.38815842980843696 0.02522725897699054 0.03964438145888884
5 0.48033031109041724 0.29302646134357574 0.10604196350286302 0.23524912860909736
2 0.6784279643866258 0.17437325921496488 0.036782903394404445 0.14614895459715277
8 0.7354364884889268 0.17695209213687457 0.05247153590796181 0.15745013050895834
3 0.7971370577707676 0.17864057228524258 0.06185562626704133 0.1592308360560417
0 0.8264291271508041 0.24591833805281205 0.014207945745273776 0.02532730832062491
1 0.8697433107958297 0.18554322929534664 0.06341812626704132 0.1592672036472223
1 0.9431035427436528 0.1971152025098605 0.06655221662612085 0.16090243882958344
2 0.0046875 0.68671875 0.009375 0.1515625
9 0.01640625 0.6953125 0.0328125 0.16875
5 0.24436606089402552 0.8098009597280551 0.11409081283893308 0.276055966565
5 0.34194958802138853 0.8200279852792705 0.10467036104353511 0.2680252610179167
2 0.45978652781473406 0.8399384821451383 0.06083854781181834 0.2529444684648611
5 0.5331967567374953 0.842916705359652 0.10143627673457942 0.24920252583555574
0 0.5410632780111257 0.967716683608159 0.019004530054229463 0.044186411094166725
8 0.61640625 0.846875 0.0671875 0.275
4 0.7015625 0.64453125 0.103125 0.2703125
0 0.9303303110904173 0.6167601277560759 0.08519313231716552 0.14258884992375015
1 0.8390625 0.64453125 0.209375 0.2703125