7 0.175 0.078125 0.165625 0.15625
8 0.29765625 0.08046875 0.1265625 0.1609375
0 0.3375 0.01953125 0.046875 0.0390625
1 0.425 0.078125 0.15 0.15625
1 0.7 0.06796875 0.103125 0.1359375
2 0.825 0.05703125 0.04375 0.1140625
2 0.91640625 0.05546875 0.0421875 0.1109375
10 0.965625 0.0640625 0.06875 0.128125
3 0.1648203093968607 0.537363557627063 0.14894876670908896 0.3175744243167696
8 0.4247680214035423 0.577524733040141 0.1176805853755436 0.3149206502701524
0 0.45965264608526885 0.6872891134400276 0.04467724801081765 0.08121528366526398
1 0.48203125 0.59453125 0.0359375 0.3171875
1 0.29700610073199696 0.5460341747801057 0.15040217870781625 0.30825398801910053
1 0.53203125 0.50078125 0.0640625 0.3015625
1 0.5328125 0.5109375 0.065625 0.31875
9 0.5953339653882702 0.5218947811333752 0.13802944804263434 0.31875497840045364
8 0.7017385067234064 0.5314656993748771 0.12700104137490714 0.31056053248413756
1 0.7926816800604518 0.5556447546396874 0.13779309070654372 0.2984424784004537
2 0.9052271333943154 0.5556224180718659 0.09418854137490733 0.3094146947351895
0 0.92237027474536 0.6855455310485572 0.031995434675363296 0.06515377404661712
4 0.96640625 0.634375 0.0671875 0.159375