7 0.0859375 0.3 0.171875 0.259375
8 0.19453125 0.29375 0.1703125 0.271875
0 0.27578125 0.40625 0.0578125 0.046875
1 0.315625 0.2734375 0.2 0.3125
1 0.4453125 0.26796875 0.1875 0.3234375
7 0.92109375 0.10625 0.1578125 0.2125
8 0.053125 0.57578125 0.10625 0.2921875
5 0.11015625 0.55859375 0.2015625 0.2578125
0 0.2024753980744512 0.6294003169601078 0.08406701201463562 0.10925799756436802
1 0.23671875 0.55 0.2171875 0.240625
1 0.378125 0.528125 0.21875 0.196875
9 0.9126572780474069 0.6840394038123085 0.1580692280394528 0.2933250803560837
6 0.9703125 0.646875 0.059375 0.2875