5 0.03359375 0.1421875 0.0671875 0.2375
7 0.0328125 0.1234375 0.065625 0.246875
0 0.01875 0.19296875 0.0375 0.0609375
1 0.05390625 0.10859375 0.1078125 0.2171875
1 0.12890625 0.090625 0.1234375 0.18125
5 0.51953125 0.2109375 0.2609375 0.421875
3 0.6984375 0.19296875 0.340625 0.3859375
7 0.88125 0.1609375 0.2375 0.321875
6 0.05 0.58984375 0.1 0.2421875
7 0.04921875 0.596875 0.0984375 0.25625
0 0.042019489258458 0.6113474139651688 0.03337612133990877 0.049010244317957155
1 0.1046875 0.57734375 0.209375 0.2171875
3 0.43515625 0.61875 0.0921875 0.240625
1 0.53515625 0.59609375 0.1421875 0.2546875
7 0.65546875 0.5921875 0.1453125 0.246875
0 0.7251501625955032 0.6403627581209701 0.027071577339272502 0.04421365016215582
1 0.7609375 0.5625 0.14375 0.1875
2 0.8953125 0.5453125 0.103125 0.153125