7 0.2234375 0.1046875 0.10625 0.209375
7 0.2671875 0.1125 0.025 0.209375
8 0.61640625 0.28607996320827545 0.175 0.36820562021691716
2 0.78359375 0.3089276316297946 0.1515625 0.3680692648307229
0 0.81953125 0.4515625 0.0578125 0.115625
1 0.9171875 0.321875 0.165625 0.375
3 0.20078125 0.79453125 0.1578125 0.3484375
8 0.5078125 0.68671875 0.175 0.3546875
2 0.67578125 0.7042401316297946 0.1515625 0.3680692648307229
0 0.71171875 0.8521054598886257 0.0578125 0.12377384328594587
1 0.825 0.723077010921898 0.1953125 0.38394879488495215
1 0.9421875 0.75 0.115625 0.4