7 0.0203125 0.38515625 0.040625 0.1703125
7 0.01875 0.378125 0.0375 0.16875
0 0.00625 0.434375 0.0125 0.046875
1 0.01953125 0.375 0.0390625 0.159375
1 0.01953125 0.35859375 0.0390625 0.1546875
3 0.4046875 0.36015625 0.090625 0.3390625
1 0.4390625 0.3453125 0.159375 0.31875
1 0.6796847632877293 0.3138104987788887 0.14880331604072553 0.3025364391223816
1 0.8110165792886839 0.30907022605071727 0.15834194804263432 0.3167625803560837
10 0.5584182906190477 0.32654054951023737 0.12861808537554342 0.3131193831160273
0 0.6180830972708665 0.43697921752930063 0.05581474267981754 0.09782957386326192
5 0.03828125 0.740625 0.0765625 0.203125
4 0.13320865794082087 0.7101479362797125 0.07414766669318062 0.19656708279171564
0 0.18320811059836678 0.7782218262955987 0.01911362667090888 0.03157728246740419
1 0.2295387652769117 0.6915127589251584 0.09609539202736243 0.20319891233702042
1 0.315625 0.678125 0.0875 0.20625
7 0.4465989959420936 0.8573990373353727 0.10140105736790747 0.2564057329538715
4 0.545899561943048 0.8520996570587194 0.09513287603436212 0.2547341387980701
1 0.6365700152769117 0.849775272317839 0.09504196936663475 0.2469216387980701
0 0.6908297065961395 0.9546497329505762 0.009647720003181703 0.023601141233702095
3 0.7280489906110935 0.845120774346434 0.09662265070018031 0.2485114123370204