1 0.02734375 0.44453125 0.0546875 0.1890625
4 0.02421875 0.4421875 0.0484375 0.19375
6 0.025 0.44140625 0.05 0.1953125
6 0.10390625 0.4390625 0.0984375 0.2
7 0.1984375 0.43984375 0.1 0.1984375
8 0.3 0.43828125 0.0875 0.2015625
5 0.6203587333576133 0.2545867195644861 0.12612967207625303 0.2458773360381265
1 0.7296246392018119 0.24642757183796227 0.11828989853730273 0.2441784683433748
1 0.8559825876596843 0.23249966518298476 0.12163308684890542 0.25673301542127547
1 0.95546875 0.22890625 0.0890625 0.2546875
0 0.799366169233584 0.34680367289362246 0.06079322402541774 0.0822863944801128
2 0.0953125 0.84140625 0.134375 0.3171875
8 0.2375 0.83984375 0.165625 0.3203125
1 0.34375 0.83515625 0.071875 0.3296875
3 0.53359375 0.8015625 0.1640625 0.396875
10 0.69296875 0.80703125 0.1765625 0.3859375
8 0.8546875 0.80703125 0.13125 0.3859375
0 0.9281650994275118 0.9466945787378211 0.056487553570722326 0.10407957386326191
1 0.96328125 0.7984375 0.0734375 0.3875