1 0.04140625 0.275 0.0828125 0.33125
4 0.05703125 0.25859375 0.1140625 0.3203125
7 0.15102537177215236 0.24604555995386573 0.1559292237831947 0.3236022266868172
7 0.2647794004574996 0.224414913271821 0.15105988582729193 0.31573518268618095
3 0.37742487082222187 0.21685585725654893 0.1431019154625698 0.3093942760184536
1 0.46484375 0.19765625 0.1078125 0.3140625
0 0.45565636075423566 0.3455979279121859 0.020821646276527873 0.02211135733609062
8 0.87109375 0.3109375 0.2390625 0.315625
3 0.9484375 0.303125 0.103125 0.33125
4 0.0640625 0.5609375 0.128125 0.184375
1 0.178125 0.55625 0.175 0.175
1 0.32890625 0.54609375 0.1796875 0.1546875
0 0.26165440045749955 0.569326329248913 0.048511541603125076 0.0708579400063634
3 0.565625 0.6828125 0.09375 0.3
4 0.5625 0.65703125 0.0875 0.3109375
9 0.6084566652751384 0.6327535772597306 0.16646668028020847 0.3065419960216353
0 0.6794029852792703 0.7389303045830948 0.04858427678548623 0.0739829400063634
1 0.72578125 0.63125 0.1796875 0.325
1 0.8640625 0.61640625 0.178125 0.2953125