3 0.0375 0.34296875 0.075 0.2734375
2 0.02890625 0.33203125 0.0578125 0.2671875
6 0.059375 0.31640625 0.11875 0.2859375
0 0.12791528618788234 0.4242201189092724 0.05367182028847228 0.09152502678536116
1 0.16624912794350727 0.32649173092198125 0.15676437195958356 0.2932432597392327
1 0.2680662010817711 0.33920201095375335 0.15178593123013914 0.28066143912238156
3 0.66875 0.19296875 0.078125 0.2984375
8 0.6953125 0.1953125 0.13125 0.290625
6 0.7912686181598614 0.17226610673440773 0.13735975531833358 0.2647909772718286
0 0.8639268277910073 0.2742746659871731 0.05694229065319441 0.09782957386326192
1 0.9126344718833337 0.15251844277253426 0.16141550436840307 0.29176258035608366
1 0.975 0.1484375 0.05 0.296875
4 0.15703125 0.5109375 0.0546875 0.0625
1 0.20546875 0.5109375 0.0609375 0.0625
1 0.26640625 0.5109375 0.0578125 0.0625
1 0.3171875 0.50859375 0.059375 0.0578125
0 0.24609375 0.4859375 0.0140625 0.0125
1 0.66875 0.70546875 0.078125 0.3171875
4 0.6671875 0.68046875 0.075 0.3203125
6 0.7285893930454865 0.6740195215070601 0.14957012100965308 0.31966939204448097
6 0.89296875 0.6328125 0.1515625 0.30625
3 0.8124734305645489 0.6543985426103786 0.13510757750666685 0.3022364301939279
0 0.9653094494662504 0.7453116891190863 0.034303571238402775 0.06463524431795716
10 0.95546875 0.61953125 0.0890625 0.2796875