3 0.103125 0.15234375 0.1625 0.3046875
2 0.2421875 0.1515625 0.121875 0.303125
6 0.33125 0.153125 0.13125 0.30625
0 0.40957986929210743 0.27016128801125117 0.057869987463587694 0.11128472958158006
1 0.4453125 0.1671875 0.128125 0.334375
5 0.625 0.2296875 0.23125 0.459375
8 0.8234375 0.21640625 0.20625 0.4328125
0 0.928125 0.3890625 0.0875 0.140625
10 0.95703125 0.2296875 0.0859375 0.459375
5 0.271875 0.58515625 0.140625 0.2515625
6 0.40390625 0.5734375 0.1234375 0.228125
0 0.4717017845732291 0.6489509761230189 0.036239028371529966 0.06526290145127885
2 0.53984375 0.57421875 0.0609375 0.2296875
10 0.56328125 0.56484375 0.1078125 0.2109375
4 0.7078125 0.5515625 0.15625 0.184375
0 0.7975799744649569 0.6313914538905003 0.05746081050398359 0.09722222958158007
6 0.87265625 0.54765625 0.2015625 0.1765625