6 0.04609375 0.11953125 0.0921875 0.2390625
9 0.1390625 0.11796875 0.153125 0.2359375
0 0.21343408188239152 0.19617085407381474 0.05254598997087001 0.08808180267345414
1 0.2796875 0.13203125 0.146875 0.2640625
2 0.3953125 0.09765625 0.06875 0.1953125
9 0.67734375 0.2765625 0.1734375 0.346875
4 0.84609375 0.28515625 0.1484375 0.3296875
0 0.91796875 0.43203125 0.0328125 0.0359375
1 0.96328125 0.28125 0.0734375 0.3375
3 0.07265625 0.7171875 0.1453125 0.33125
2 0.20740670539764103 0.7181356660566338 0.11575199828414036 0.3277988306810903
6 0.29681018619731114 0.7074532520687241 0.12424645988348057 0.35132723734881743
0 0.3638121666012699 0.848905502745042 0.05630748746358769 0.10999316534054522
1 0.3890625 0.73203125 0.08125 0.3546875
3 0.44921875 0.77109375 0.0390625 0.1671875
2 0.5237220271843956 0.7702345153962245 0.03579641066226813 0.1566136266709089
2 0.5990630079840658 0.7593884694064057 0.03267141066226813 0.15657726400381805
1 0.6529465259307544 0.7607969754137236 0.06222251834239998 0.15223520934118148
1 0.7242221323572451 0.7553742260900413 0.06874530298213628 0.1616829346753633
0 0.6206364796125359 0.8237236894095874 0.016443353919208193 0.02830681333545453