1 0.02890625 0.159375 0.0578125 0.31875
1 0.0265625 0.14921875 0.053125 0.2953125
1 0.02578125 0.153125 0.0515625 0.3
6 0.08125 0.14765625 0.1 0.2953125
5 0.19140625 0.14689980942108755 0.096875 0.27243860226293626
3 0.29453125 0.14671852312034234 0.0921875 0.2880363311856975
9 0.39765625 0.1418497368195971 0.0953125 0.2818045119038567
0 0.35390625 0.28065770676536783 0.009375 0.020367042154477665
1 0.6046875 0.10703125 0.096875 0.2140625
1 0.70234375 0.11015625 0.1078125 0.2203125
6 0.5125 0.11171875 0.065625 0.2234375
4 0.50546875 0.12265625 0.0515625 0.2453125
0 0.5546875 0.20242764675510508 0.0421875 0.07212043969514959
1 0.0296875 0.93359375 0.059375 0.1328125
4 0.02578125 0.9234375 0.0515625 0.153125
6 0.028125 0.92421875 0.05625 0.1515625
6 0.07578125 0.91484375 0.1140625 0.1703125
3 0.02421875 0.9234375 0.0484375 0.153125
10 0.165625 0.91796875 0.10625 0.1640625
6 0.546875 0.6265625 0.134375 0.215625
10 0.68046875 0.60703125 0.1484375 0.1765625
0 0.76640625 0.6767691166026799 0.0421875 0.08774543969514959
1 0.83984375 0.60625 0.1484375 0.175
1 0.95078125 0.6296875 0.0984375 0.221875