1 0.0359375 0.33671875 0.071875 0.3046875
1 0.0328125 0.35234375 0.065625 0.2734375
1 0.0546875 0.3671875 0.109375 0.24375
6 0.1515625 0.37734375 0.125 0.2234375
5 0.25859375 0.39453125 0.1203125 0.1890625
3 0.36015625 0.40234375 0.1171875 0.1734375
9 0.46328125 0.4125 0.1203125 0.153125
7 0.6453125 0.21953125 0.13125 0.4390625
7 0.6734375 0.22890625 0.1875 0.4578125
0 0.6825151332618408 0.3949027644363893 0.07140483415618064 0.11566267401194459
1 0.832839175530556 0.24457872216767412 0.23561933662472256 0.4614869331300001
1 0.93515625 0.26640625 0.1296875 0.4453125
3 0.1640625 0.8203125 0.25 0.359375
3 0.34609375 0.83046875 0.2359375 0.3390625
1 0.5 0.83671875 0.159375 0.3265625
7 0.732309885827292 0.7653808782278476 0.11039590539458341 0.18059799620027786
1 0.8014235617390975 0.7826060522397922 0.08684930262104178 0.1753649823325695
1 0.8667037228332642 0.8028653072737854 0.08023562670923638 0.1595945119678473
1 0.9311844501318406 0.8223251285121881 0.08532317021222227 0.17689111474138902
0 0.8195209047289934 0.855644161947188 0.029361498100139015 0.05377961664124999