8 0.22135983206946025 0.36871662110067993 0.14558625253408267 0.31646131303532493
7 0.3260246061717612 0.37201381704234554 0.14070785499341074 0.283621541958086
0 0.40748316354974534 0.46997407319066564 0.0473386083130606 0.0799602107723885
1 0.41484375 0.3328125 0.0890625 0.2875
1 0.49765625 0.40625 0.0765625 0.2875
1 0.49375 0.39296875 0.06875 0.2765625
1 0.5714916422761147 0.3594956363241863 0.13585672852997774 0.2554692708808471
1 0.7552490187395478 0.3303025191323313 0.12333854781181834 0.25227154800821017
3 0.5 0.38125 0.08125 0.275
10 0.666063798891973 0.3519144195998695 0.1218396803253757 0.2631999576491307
4 0.8521967416121846 0.3172389168693949 0.12650899960721648 0.2601022287263694
0 0.8172217779129299 0.42056390476914657 0.028497704722264317 0.06422612646343318
5 0.2015625 0.86640625 0.153125 0.2671875
8 0.3056399041799713 0.8378160790443981 0.11715218032537571 0.26317268657189175
0 0.37734375 0.95234375 0.0390625 0.0953125
1 0.4 0.8359375 0.11875 0.29375
7 0.940625 0.88203125 0.11875 0.2359375