1 0.0375 0.07734375 0.075 0.1546875
2 0.0203125 0.06171875 0.040625 0.1234375
5 0.034375 0.0671875 0.06875 0.134375
5 0.03515625 0.06484375 0.0703125 0.1296875
2 0.01875 0.06171875 0.0375 0.1234375
9 0.0546875 0.0703125 0.109375 0.140625
0 0.025186093909033768 0.044308909412769104 0.016607146641955416 0.028306813335454352
7 0.8140625 0.15859375 0.2 0.3171875
1 0.93359375 0.1390625 0.1328125 0.278125
2 0.00859375 0.5203125 0.0171875 0.090625
4 0.0125 0.5140625 0.025 0.103125
6 0.01171875 0.5078125 0.0234375 0.096875
1 0.01328125 0.5 0.0265625 0.1
1 0.01640625 0.4890625 0.0328125 0.1125
0 0.003125 0.54140625 0.00625 0.0265625
3 0.4421875 0.60234375 0.084375 0.2796875
2 0.5068452885594054 0.5926998613939972 0.12112106496827516 0.24818405601527208
2 0.60213050670824 0.5930276727402694 0.10938495680090732 0.26991360534690845
0 0.6527331966341062 0.6779572034134054 0.03715774881887377 0.08008748933799978
1 0.6859053059826006 0.5768219647517233 0.14137900126594438 0.24685791335136278
3 0.7836880415546302 0.5592173887650864 0.14801094718226046 0.2578681386855447