5 0.41328125 0.125 0.1484375 0.25
5 0.546875 0.13125 0.140625 0.2625
1 0.6234375 0.13984375 0.053125 0.2796875
0 0.5887287656706602 0.2438513560972863 0.030778527735416717 0.04773881802583091
5 0.70703125 0.3515625 0.1140625 0.40625
8 0.7649619977188893 0.37100254097444924 0.19430204597152817 0.36478522868809904
0 0.8058798980794796 0.4831699203621936 0.06482752583555573 0.10181856426490725
10 0.90546875 0.39453125 0.1890625 0.3921875
1 0.97734375 0.3890625 0.0453125 0.328125
10 0.3828125 0.73984375 0.134375 0.1421875
9 0.4859375 0.73984375 0.1375 0.1421875
6 0.584375 0.7390625 0.121875 0.140625
0 0.609375 0.675 0.0125 0.0125
9 0.94140625 0.7703125 0.1171875 0.203125