5 0.02734375 0.075 0.0546875 0.15
5 0.11171875 0.07265625 0.1015625 0.1453125
1 0.24140625 0.07265625 0.1203125 0.1453125
1 0.365625 0.0703125 0.10625 0.140625
0 0.1815361894095874 0.09187349124764026 0.023946577339272503 0.044022720003181706
6 0.09609375 0.63125 0.1921875 0.421875
4 0.24985838072881528 0.5971524319303214 0.1430442120464523 0.3438056386855447
0 0.31469413474695085 0.7300098379217308 0.05596019334818116 0.11001134667409058
1 0.40063963072881525 0.595397933243186 0.16991579471672508 0.3706772213558171
2 0.52265625 0.56328125 0.0328125 0.2984375
5 0.5875 0.7515625 0.096875 0.421875
3 0.61953125 0.74296875 0.1609375 0.4140625
6 0.7808720233927244 0.7036569705999576 0.15272829471672508 0.3704772266868172
0 0.8626589200747693 0.8160018819223673 0.04792951734563573 0.0911704400063634
1 0.92265625 0.67578125 0.1546875 0.3703125