1 0.05 0.1875 0.1 0.34375
1 0.0671875 0.190625 0.134375 0.3375
1 0.15234375 0.17109375 0.1765625 0.3421875
6 0.25625 0.159375 0.171875 0.31875
5 0.35625 0.1359375 0.153125 0.271875
3 0.4453125 0.13046875 0.14375 0.2609375
0 0.50859375 0.221875 0.0203125 0.05625
9 0.48984375 0.11875 0.0578125 0.2375
7 0.61875 0.315625 0.2 0.0875
7 0.78671875 0.29609375 0.2015625 0.1265625
1 0.9296875 0.28046875 0.140625 0.1578125
7 0.10703125 0.6671875 0.2140625 0.38125
4 0.2653507265850701 0.6266217559277761 0.21000327653818793 0.37898061736154426
0 0.33578088037225806 0.7398570052514584 0.09779312626704133 0.15893974267981753
1 0.38976491930528195 0.5915825899109132 0.21618055366555106 0.36655334269572587
3 0.46875 0.55859375 0.1 0.3296875
7 0.82394902176461 0.6730700419319122 0.11996810811666876 0.2107567813494539
7 0.9108132175098838 0.64706097792014 0.14209763817089804 0.25476132001909
0 0.9611308591968232 0.7261575845799131 0.033057939695149766 0.04256930800445442
1 0.965625 0.61953125 0.06875 0.2046875