1 0.0515625 0.38984375 0.103125 0.2578125
1 0.0484375 0.390625 0.096875 0.25625
1 0.096875 0.375 0.18125 0.2875
6 0.2 0.3625 0.178125 0.3125
5 0.3001651891059745 0.352839702370102 0.15799534894328654 0.30545637023308564
3 0.38836917105379776 0.3364756031884085 0.14865671037960518 0.3113789880191005
0 0.46324697208707005 0.4471650773276929 0.03782725292686635 0.05755952885594055
9 0.4749288397699044 0.30610356770904606 0.14868398145684392 0.31606648801910053
8 0.690625 0.321875 0.121875 0.271875
1 0.7677435745463981 0.31007682741251097 0.1374646803253757 0.26724704210278444
7 0.8582958516737611 0.2944121326773213 0.14843854176169416 0.2738789880191005
8 0.93828125 0.27421875 0.1234375 0.2640625
9 0.97421875 0.2578125 0.0515625 0.253125
5 0.3328125 0.60390625 0.21875 0.1703125
2 0.46640625 0.5984375 0.1546875 0.159375
0 0.54609375 0.54375 0.0671875 0.05
1 0.55625 0.60625 0.146875 0.175
4 0.6734375 0.6234375 0.0875 0.209375
4 0.66875 0.60859375 0.078125 0.1796875
1 0.66640625 0.5890625 0.0734375 0.140625
0 0.64453125 0.61171875 0.0296875 0.0953125
1 0.678125 0.5890625 0.096875 0.140625
1 0.75234375 0.58125 0.1578125 0.125