6 0.4044771806540208 0.13701742315892318 0.12138222116625172 0.25421733415618064
10 0.5018750178801816 0.1527313825057286 0.1166037929530063 0.250983231382639
0 0.5453642565974105 0.2502233251350342 0.04749477711788863 0.07605466014423605
1 0.59140625 0.1640625 0.0953125 0.221875
5 0.15390625 0.89375 0.1234375 0.2125
5 0.246875 0.89375 0.096875 0.2125
0 0.3140625 0.9671875 0.05 0.065625
1 0.35546875 0.88984375 0.1078125 0.2203125
1 0.45234375 0.86953125 0.1234375 0.2609375
7 0.7439094051854849 0.788381861038576 0.17926892900466812 0.31177656743868065
7 0.8659518897460785 0.7644332551309023 0.13441107007089492 0.3263469072944446
0 0.9378161810497323 0.8698643311189578 0.06090405925034226 0.10759560087368066
1 0.96640625 0.74375 0.0671875 0.303125