1 0.028125 0.09765625 0.05625 0.1953125
4 0.121875 0.08984375 0.1 0.1796875
9 0.2375 0.0875 0.10625 0.175
8 0.35546875 0.0796875 0.0921875 0.159375
7 0.459375 0.07734375 0.09375 0.1546875
8 0.5640625 0.075 0.090625 0.15
0 0.51953125 0.13481614164403447 0.0171875 0.04092500892845372
1 0.028125 0.54921875 0.05625 0.3203125
1 0.1203125 0.5432203457806544 0.096875 0.29544095941492116
1 0.2375 0.548987330359379 0.09375 0.2985114123370204
6 0.3453125 0.5431992061718055 0.0890625 0.2953045917201694
5 0.4546875 0.5436338084452816 0.0875 0.2702773181812191
3 0.55703125 0.5441911416440345 0.08125 0.28735572402541754
2 0.690625 0.7928561071447401 0.1078125 0.3518818741875734
6 0.8140625 0.8063264975676633 0.15 0.3494932597392326
4 0.95078125 0.78125 0.0984375 0.321875