1 0.046875 0.2875 0.09375 0.375
4 0.04296875 0.31875 0.0859375 0.35625
9 0.06171875 0.34921875 0.1234375 0.3484375
8 0.15234375 0.36640625 0.1578125 0.3265625
7 0.25078125 0.384375 0.1578125 0.290625
8 0.3546875 0.396875 0.153125 0.265625
5 0.93515625 0.35 0.1296875 0.275
4 0.29375 0.64609375 0.171875 0.2328125
8 0.403125 0.65625 0.153125 0.253125
0 0.4246047225891399 0.7462230202958346 0.049146572008272216 0.061782979707460585
10 0.49296875 0.67109375 0.1328125 0.2828125
6 0.75078125 0.8046875 0.2390625 0.390625
9 0.91640625 0.82265625 0.1671875 0.3546875