3 0.1375 0.1640625 0.1875 0.328125
2 0.2817331239563538 0.1715016320275698 0.14462804787138914 0.309450348023889
1 0.3859375 0.19453125 0.146875 0.3328125
0 0.42221004075010365 0.315472450416181 0.048911585106111134 0.08859102773541672
7 0.5756630022811107 0.4221192278672573 0.21399629692145866 0.33761302203583343
2 0.7371628935236454 0.46887020735003515 0.13794294319798633 0.3577060100679862
0 0.753402876521805 0.6107310522397922 0.06482752583555573 0.10145470364722228
1 0.8514065782691663 0.4973244753018061 0.18856119224805584 0.3854322729857641
1 0.94375 0.50703125 0.1125 0.3546875
1 0.0375 0.87578125 0.075 0.2328125
2 0.11171875 0.87578125 0.0828125 0.2328125
1 0.19375 0.8796875 0.146875 0.240625
6 0.3140625 0.8796875 0.13125 0.240625
4 0.41484375 0.8796875 0.0890625 0.240625
5 0.5171875 0.84140625 0.115625 0.1640625
1 0.60703125 0.83984375 0.1796875 0.1609375
0 0.6421875 0.7828125 0.05625 0.046875
6 0.75390625 0.84296875 0.1703125 0.1671875
4 0.8921875 0.846875 0.184375 0.175