3 0.046875 0.35390625 0.09375 0.3484375
2 0.10859375 0.31912086122600725 0.1484375 0.31126742116215295
1 0.22265625 0.303025695382188 0.1671875 0.33514133225631965
0 0.29140625 0.4061883693941324 0.0484375 0.08862739532659739
1 0.33828125 0.2682168971295491 0.1734375 0.3243493026210418
1 0.42421875 0.25859375 0.0703125 0.3109375
1 0.5796875 0.23238392743041697 0.1515625 0.259777656344514
3 0.68515625 0.20436998983510457 0.1265625 0.2513832748856252
0 0.75234375 0.29499629625586854 0.0640625 0.09836607123840277
1 0.8015625 0.20317312537805607 0.1578125 0.2942981267092362
1 0.9078125 0.16267737157833392 0.15 0.27380378875333344
2 0.31328125 0.92890625 0.1265625 0.1421875
2 0.41328125 0.9203125 0.0921875 0.159375
7 0.7203125 0.77578125 0.1625 0.1515625
6 0.83125 0.77109375 0.134375 0.1421875
0 0.89765625 0.71953125 0.0359375 0.0390625
1 0.93515625 0.76953125 0.1296875 0.1390625