5 0.3578773966577774 0.1723270117449895 0.09208231648875013 0.1994209899708701
5 0.44525011008864546 0.17524977177411935 0.09982208130638917 0.19652331050398358
0 0.47577210505465234 0.23916150758835436 0.03277743882958326 0.06653428213245363
1 0.52265625 0.17265625 0.0921875 0.2203125
5 0.65 0.04453125 0.1 0.0890625
7 0.728125 0.04453125 0.078125 0.0890625
0 0.765625 0.01171875 0.028125 0.0234375
1 0.80078125 0.04609375 0.0765625 0.0921875
1 0.8828125 0.04453125 0.08125 0.0890625
6 0.240625 0.56875 0.15625 0.178125
7 0.396875 0.58828125 0.15 0.2171875
0 0.47117356440145786 0.5999111394833812 0.02761716014423623 0.046085389812585476
1 0.51953125 0.57890625 0.0984375 0.1984375
8 0.63359375 0.80390625 0.1296875 0.3921875
2 0.8456287037441313 0.78759064740094 0.07137369224805586 0.38306856426490726
0 0.9020390918525341 0.9467777792959667 0.0356478656913195 0.05568771034569906
1 0.959375 0.7578125 0.08125 0.38125