5 0.34453125 0.04921875 0.0890625 0.0984375
3 0.47119537668687156 0.14700862328932018 0.16020341233587007 0.29393290802036276
4 0.61015625 0.1421875 0.1578125 0.284375
1 0.715625 0.14140625 0.140625 0.2828125
0 0.78384665490984 0.22849224391314032 0.05165675843752062 0.09275112133990895
1 0.8484375 0.128125 0.16875 0.25625
1 0.95390625 0.12734375 0.0921875 0.2546875
10 0.03984375 0.684375 0.0796875 0.325
9 0.0515625 0.671875 0.103125 0.34375
0 0.09265865971916334 0.7927456479153675 0.0420635036281972 0.08639203333863606
1 0.16811750590563176 0.6669183972390498 0.1677083774894797 0.3299431333545445
1 0.30625 0.6453125 0.165625 0.328125
1 0.6082911273198437 0.595318306612048 0.1368006286706061 0.24992836935072643
3 0.7175669235989794 0.5745234539306396 0.11163693756361344 0.24494996801399935
0 0.7712697877567972 0.6691723352562308 0.05952382213985139 0.09440452800763603
1 0.8336730732361597 0.581762694581504 0.14112603012188493 0.2843397320178173
1 0.93828125 0.54765625 0.1234375 0.2640625