1 0.0484375 0.30625 0.096875 0.296875
1 0.12492070988095012 0.2918205580362846 0.1322966671451935 0.3012741721120836
4 0.23919154100647608 0.27274129008451364 0.11768853012188493 0.28532186379145835
4 0.3192510632389947 0.259149609138715 0.11289190271722323 0.2820877610179167
6 0.47388894482000765 0.3704501318401386 0.13869051088459122 0.2608310100679862
2 0.6186285259455337 0.3506616958603468 0.09515876569391465 0.26606271751493066
0 0.6691865758528663 0.4550394181249301 0.05149306733052796 0.0886273953265972
1 0.7047297170525262 0.3533489783454161 0.14063495680090732 0.2718048776591667
1 0.8199727711362101 0.3397202765980549 0.1261359471822603 0.25897756933854177
5 0.07578125 0.853125 0.1515625 0.29375
5 0.0640625 0.83203125 0.128125 0.3359375
1 0.13203125 0.81484375 0.2640625 0.3703125
1 0.29140625 0.81484375 0.2171875 0.3703125
4 0.46015625 0.765625 0.1203125 0.271875
0 0.64375 0.6859375 0.09375 0.1125
1 0.51328125 0.765625 0.2265625 0.271875
1 0.7203125 0.7515625 0.240625 0.24375
1 0.89765625 0.7578125 0.2046875 0.25625