1 0.03046875 0.24609375 0.0609375 0.2953125
1 0.03046875 0.25625 0.0609375 0.3
4 0.02734375 0.265625 0.0546875 0.284375
4 0.03203125 0.2734375 0.0640625 0.28125
2 0.13659356849627385 0.28950356393223037 0.05452491529826116 0.2412431653405452
1 0.18584413475305253 0.2943996019255489 0.10780445140261463 0.26842383068109027
0 0.21936113758172288 0.41511154392109456 0.018913626463433177 0.028343176002545434
1 0.2741662913689108 0.30040360658023124 0.1062237706844554 0.2652806493475449
3 0.744969149878363 0.36066259062700184 0.16590784289316235 0.3190965400222717
3 0.8980714239806641 0.35497456993954823 0.1392908007386847 0.3094124573519991
7 0.97421875 0.36796875 0.0515625 0.3140625
2 0.03515625 0.734375 0.0703125 0.209375
1 0.1328125 0.73125 0.196875 0.203125
10 0.309375 0.72421875 0.16875 0.1890625
0 0.3639105682998821 0.6808729039226854 0.058267017953980905 0.0787977093411815
7 0.65546875 0.92578125 0.1578125 0.1484375
1 0.8 0.95 0.146875 0.1