5 0.109375 0.06015625 0.09375 0.1203125
1 0.19140625 0.046875 0.0859375 0.09375
1 0.27734375 0.04765625 0.0953125 0.0953125
0 0.24186604260822991 0.06460531714054145 0.015897720003181702 0.02352840359079611
1 0.35859375 0.04765625 0.0953125 0.0953125
6 0.684375 0.0796875 0.159375 0.159375
3 0.83828125 0.08125 0.1578125 0.1625
9 0.95078125 0.0796875 0.0984375 0.159375
1 0.0765625 0.87890625 0.153125 0.2421875
1 0.1921875 0.875 0.140625 0.25
1 0.38282684993636656 0.8548081363241863 0.13733855736790748 0.2554692708808471
1 0.5515625 0.825 0.096875 0.253125
3 0.2890625 0.86953125 0.128125 0.2609375
10 0.47743991593732105 0.8472269195998695 0.12336696403563466 0.2631999576491307
7 0.6671875 0.6796875 0.134375 0.5
9 0.68203125 0.66171875 0.1640625 0.4640625
0 0.7576808519255489 0.8064297236582039 0.07972495735199914 0.1379545179539809
1 0.83046875 0.63203125 0.2484375 0.4046875
1 0.93984375 0.628125 0.1203125 0.396875