5 0.4390625 0.04609375 0.09375 0.0921875
1 0.52265625 0.04453125 0.0859375 0.0890625
1 0.5875 0.04765625 0.04375 0.0953125
0 0.5502272443973261 0.03394126716841397 0.016170513867708357 0.02352840359079611
7 0.6625 0.171875 0.10625 0.34375
7 0.6546875 0.1890625 0.090625 0.33125
7 0.7249557938842358 0.2142645714231401 0.17962129692145865 0.33381243949875794
0 0.7601457986338884 0.3472997852205907 0.053271776785486225 0.07373748184962743
10 0.862400589287083 0.25100656820168626 0.18623497283326423 0.34947380093507635
4 0.22613774059760386 0.7868743278660477 0.18427242933027807 0.33227721057599685
6 0.36827003600045105 0.8236435957218328 0.17289851823611144 0.31346357806243946
4 0.4858932938842358 0.839173667832344 0.137650696047778 0.27576359016268787
0 0.519103224545694 0.9565702460911751 0.045532011967847195 0.07681703005422928
4 0.57890625 0.85703125 0.0609375 0.2859375
9 0.6453125 0.60859375 0.071875 0.1578125
3 0.64375 0.6125 0.06875 0.165625
5 0.65625 0.6109375 0.09375 0.1625
0 0.6780963648382982 0.6994208214231401 0.072858231382639 0.10978406615858276
2 0.78984375 0.6515625 0.1265625 0.24375