1 0.028125 0.06875 0.05625 0.1375
1 0.028125 0.07109375 0.05625 0.1421875
4 0.025 0.0734375 0.05 0.146875
4 0.0609375 0.08125 0.103125 0.1625
2 0.1828125 0.08359375 0.05 0.1671875
1 0.234375 0.09140625 0.1 0.1828125
1 0.31953125 0.0953125 0.0984375 0.190625
0 0.2661872508074836 0.16843509690425867 0.01625229139585791 0.03648313702330856
2 0.49296875 0.3 0.0671875 0.375
8 0.5375 0.3015625 0.15625 0.38125
6 0.68359375 0.3265625 0.1859375 0.365625
0 0.759375 0.478125 0.065625 0.0625
1 0.8578125 0.32578125 0.190625 0.3671875
1 0.96328125 0.3375 0.0734375 0.34375
3 0.04921875 0.60703125 0.0984375 0.1953125
4 0.08984375 0.6046875 0.1796875 0.190625
7 0.2390625 0.60625 0.178125 0.19375
0 0.2993815803527884 0.6765055464487718 0.05319891233702041 0.09555060217691817
2 0.409375 0.61953125 0.1 0.2203125
9 0.7 0.85 0.215625 0.3
6 0.54140625 0.82578125 0.1640625 0.3484375
1 0.903125 0.86796875 0.19375 0.2640625