3 0.12833824992045822 0.2574617822007289 0.1665180747135433 0.34909472948277803
2 0.2887035852562308 0.23576535410472185 0.12249535471036169 0.3246389369297223
3 0.3788291459261853 0.2094554676118398 0.12231354137490733 0.3090139369297223
0 0.442436565245095 0.3141962125778467 0.05252611067790873 0.08401263050895835
1 0.4484375 0.18203125 0.040625 0.3078125
9 0.72421875 0.35703125 0.1015625 0.2640625
7 0.85625 0.35625 0.10625 0.265625
1 0.9671875 0.35234375 0.065625 0.2734375
2 0.92578125 0.47109375 0.0234375 0.0359375
5 0.0296875 0.5453125 0.059375 0.1125
10 0.02734375 0.546875 0.0546875 0.115625
0 0.02421875 0.5171875 0.0359375 0.05625
1 0.0703125 0.55078125 0.115625 0.1234375
1 0.16171875 0.54609375 0.1109375 0.1140625
1 0.62109375 0.6828125 0.2078125 0.3875
6 0.76953125 0.65390625 0.1609375 0.3296875
0 0.8528660825907307 0.761469949660069 0.052635198679181275 0.09338763050895835
1 0.921875 0.63125 0.15625 0.284375