3 0.0390625 0.29609375 0.078125 0.3421875
2 0.028125 0.28359375 0.05625 0.3203125
3 0.05703125 0.26171875 0.1140625 0.3046875
0 0.11999408928124211 0.3699877087292851 0.051418224025417736 0.08154089149054791
1 0.18260140908731426 0.24148545882748093 0.14117401947846525 0.30079086123992677
2 0.32387129139256243 0.23285028133077557 0.09698764285525989 0.2755363311856975
3 0.515625 0.14765625 0.165625 0.2953125
4 0.7015625 0.1296875 0.1375 0.259375
6 0.86328125 0.1109375 0.1265625 0.221875
0 0.948654877430689 0.20216842877325156 0.06775233603812651 0.12225679508134384
2 0.0484375 0.89609375 0.09375 0.2078125
2 0.20625 0.8875 0.06875 0.225
3 0.3140625 0.89140625 0.121875 0.2171875
2 0.5078125 0.88359375 0.0875 0.2328125
10 0.62734375 0.87578125 0.1453125 0.2484375
5 0.7625 0.8796875 0.125 0.240625
0 0.8265625 0.98671875 0.0375 0.0265625
1 0.9046875 0.8796875 0.15625 0.240625