1 0.1390625 0.0609375 0.08125 0.121875
2 0.2421875 0.05546875 0.028125 0.1109375
5 0.30625 0.05546875 0.075 0.1109375
10 0.378125 0.05859375 0.071875 0.1171875
8 0.1843238050272002 0.5296875 0.09025189311129082 0.309375
4 0.3273834832404455 0.5328125 0.0870359648980454 0.30625
0 0.39352061177026004 0.6578125 0.02631845909205772 0.0453125
1 0.43125 0.5234375 0.0375 0.3125
4 0.4828125 0.6609375 0.065625 0.23125
9 0.5885733843358022 0.6625 0.08163775956691133 0.228125
1 0.6917893125490476 0.665625 0.08508100831327017 0.2390625
2 0.8229938484424248 0.6640625 0.043592190287439436 0.209375
0 0.6384944794795219 0.7671875 0.01648881802583091 0.0296875