1 0.03203125 0.40390625 0.0640625 0.2703125
1 0.05078125 0.39765625 0.1015625 0.2828125
8 0.13314304805854277 0.3954114521881816 0.11575445870463463 0.28034200585373253
3 0.21273964139081553 0.38713534387512105 0.11746240937299816 0.292851096212812
1 0.30102998205758824 0.38740298858712263 0.11729877737108918 0.27878859621281205
6 0.3790186220559974 0.37522972063314175 0.109395370703362 0.2709306444174141
0 0.4278930214035423 0.4796399646812134 0.02269316000954511 0.07043976502711473
5 0.45625 0.37109375 0.10625 0.2515625
2 0.5390625 0.203125 0.059375 0.334375
8 0.54609375 0.17890625 0.0734375 0.3296875
10 0.55234375 0.17265625 0.0859375 0.3421875
0 0.5945629007399511 0.2931802899149825 0.06197383601209037 0.08941702400410509
5 0.66015625 0.15703125 0.1859375 0.3140625
7 0.13671875 0.6109375 0.1453125 0.14375
7 0.2515625 0.6046875 0.115625 0.13125
0 0.3055634880649061 0.5970456332991242 0.03210452267663584 0.07361930718159222
1 0.34609375 0.609375 0.1171875 0.140625
1 0.43515625 0.60546875 0.1109375 0.1328125
3 0.65546875 0.96328125 0.1515625 0.0734375
8 0.7703125 0.9609375 0.11875 0.078125
4 0.87265625 0.96171875 0.1328125 0.0765625
8 0.95703125 0.953125 0.0859375 0.09375