1 0.034375 0.17578125 0.06875 0.3015625
1 0.0390625 0.16015625 0.078125 0.3078125
8 0.03515625 0.14296875 0.0703125 0.2859375
3 0.06328125 0.1390625 0.1265625 0.278125
1 0.1421875 0.13203125 0.14375 0.2640625
6 0.21875 0.121875 0.134375 0.24375
0 0.27684902259709415 0.20653743731793844 0.02894316000954511 0.07113085391920819
5 0.303125 0.1125 0.14375 0.225
2 0.52421875 0.09921875 0.0703125 0.1984375
2 0.52421875 0.0859375 0.0703125 0.171875
4 0.5796875 0.08203125 0.165625 0.1640625
0 0.6554825525939124 0.11596391310304358 0.05883065467854483 0.08918217194503927
1 0.69140625 0.07421875 0.1671875 0.1484375
1 0.79765625 0.0734375 0.1640625 0.146875
5 0.12890625 0.64296875 0.1703125 0.1671875
9 0.26875 0.6328125 0.16875 0.146875
1 0.40078125 0.6390625 0.1765625 0.159375
0 0.3565183412635487 0.6344638605166188 0.031722714672181594 0.04153428213245362
4 0.575 0.88203125 0.171875 0.2359375
9 0.68984375 0.88515625 0.1765625 0.2296875
9 0.92578125 0.8578125 0.1484375 0.284375
10 0.8125 0.8625 0.184375 0.275
0 0.77109375 0.98671875 0.0671875 0.0265625