2 0.02265625 0.40546875 0.0453125 0.2671875
10 0.11409587889932009 0.39183231582316014 0.11725217427525152 0.2823787017473613
5 0.23192827351312575 0.3711405689572921 0.10930331888905727 0.2587593637914584
6 0.3521771409995685 0.363003373478195 0.10467945140261463 0.2695877610179167
2 0.4859375 0.346875 0.046875 0.253125
0 0.3028498275714601 0.4774646105604171 0.025236349336070062 0.041206881458888844
10 0.5921875 0.44140625 0.165625 0.3671875
6 0.7252742734149299 0.43407632684107683 0.17077715007475475 0.35236519984750014
0 0.805598098550503 0.5453060739912852 0.06641586123992678 0.13746493882958327
1 0.8712771198241338 0.42185169661645894 0.20078281264254141 0.4077436840799308
2 0.9796875 0.3875 0.040625 0.3875
8 0.35625 0.815625 0.215625 0.19375
3 0.45234375 0.8125 0.1140625 0.1875
3 0.59375 0.81171875 0.16875 0.1859375
8 0.7578125 0.809375 0.16875 0.18125
6 0.88984375 0.80078125 0.1546875 0.1640625
0 0.971875 0.7515625 0.05625 0.065625