6 0.16310855698944488 0.29552931940233035 0.124496079406528 0.24894778896022576
7 0.266960908813056 0.3249792658316079 0.12769381458888915 0.25212733603812654
1 0.37183089997934077 0.36457182549141026 0.13230857940652802 0.24908415665497757
1 0.4375 0.39609375 0.0625 0.2484375
0 0.2914543753780561 0.43709743628630315 0.022675087005972296 0.03475682954530477
4 0.7141800945085073 0.3548049078760888 0.17231663677722242 0.29039099512873606
8 0.8256267407850352 0.3747434866106147 0.15044163677722242 0.29000916558343126
0 0.8523366707809032 0.4813519967568844 0.04829333605604162 0.061755706168510116
10 0.925 0.4015625 0.15 0.290625
6 0.140625 0.77265625 0.14375 0.1265625
1 0.2328125 0.7703125 0.1375 0.121875
0 0.2615304860353825 0.7502423185915514 0.04705814437666671 0.07579093262955983
1 0.33203125 0.7703125 0.1390625 0.121875
3 0.41328125 0.77265625 0.1109375 0.1265625
7 0.68515625 0.8546875 0.4328125 0.290625
2 0.93828125 0.8546875 0.1234375 0.290625