6 0.02265625 0.171875 0.0453125 0.24375
7 0.0234375 0.16796875 0.046875 0.2484375
1 0.11197744358614452 0.17431290908619115 0.09918897241989288 0.24384425843752044
1 0.2222018897460786 0.1728099180718658 0.10695600831327016 0.24255457694917482
0 0.05760584382357141 0.26771073422126734 0.018142246239076343 0.03341270072563951
2 0.46484375 0.0703125 0.0296875 0.140625
9 0.50859375 0.06953125 0.0984375 0.1390625
6 0.6171875 0.0625 0.096875 0.125
0 0.673784773290458 0.09853165908619115 0.041381169437756785 0.08105159255827132
1 0.71640625 0.0546875 0.0953125 0.109375
2 0.84140625 0.0546875 0.0765625 0.109375
4 0.025 0.70546875 0.05 0.2734375
5 0.02890625 0.69921875 0.0578125 0.2640625
9 0.13512778708051149 0.6877305683420183 0.12188232633910126 0.27273315027015244
1 0.26052259217421875 0.6700569403043843 0.12317204169936495 0.2634127139724834
0 0.07744097070403325 0.8015773027329216 0.024710494985435004 0.044568455534962935
7 0.5203125 0.6546875 0.140625 0.440625
9 0.673281004948058 0.631430983040141 0.17969012932123735 0.43552581614940156
1 0.8532496497752085 0.6079413754209272 0.1637014164682558 0.422480179126093
0 0.772290469450392 0.7820361290491242 0.04593227711788863 0.07652778366526398