2 0.15625 0.06484375 0.040625 0.1296875
9 0.24921875 0.0671875 0.0953125 0.134375
1 0.3765625 0.0671875 0.096875 0.134375
1 0.50234375 0.06796875 0.0953125 0.1359375
1 0.60546875 0.06328125 0.0671875 0.1265625
0 0.44275903618788226 0.07990306421367518 0.02456489532659738 0.048573855386194256
2 0.68046875 0.084375 0.0828125 0.16875
7 0.6765625 0.08125 0.075 0.1625
6 0.6796875 0.07109375 0.08125 0.1421875
0 0.73515625 0.05390625 0.0671875 0.1078125
0 0.796875 0.075 0.128125 0.15
0 0.92578125 0.0796875 0.1484375 0.159375
3 0.08125 0.59765625 0.1625 0.3921875
4 0.265625 0.5734375 0.1375 0.36875
6 0.428125 0.5546875 0.128125 0.33125
0 0.5133118447928477 0.7006059287732516 0.06846167211208343 0.12225679508134384
1 0.58125 0.5578125 0.115625 0.3375
5 0.6828125 0.73046875 0.0875 0.3765625
5 0.925 0.72578125 0.15 0.3453125
6 0.7721926162600005 0.721105822896078 0.16984755983923633 0.38374880698520053
0 0.8516469929692366 0.8784774404807166 0.050801393426736216 0.10184430113146821