2 0.21796875 0.18203125 0.0953125 0.1546875
9 0.3109375 0.18359375 0.15 0.1515625
1 0.434375 0.2 0.153125 0.11875
8 0.7859375 0.09921875 0.259375 0.1984375
3 0.8984375 0.0953125 0.203125 0.190625
0 0.94609375 0.0390625 0.0890625 0.078125
3 0.15625 0.490625 0.3125 0.4625
4 0.34989207059962035 0.5159166952081662 0.2767757294795219 0.4952069545436572
0 0.38965794959165334 0.7073326278377261 0.09122805674305993 0.12965231818121908
1 0.4703125 0.5546875 0.1375 0.475
6 0.7345769591585648 0.5373302248361965 0.30852583465237143 0.5129399253226639
5 0.90859375 0.56015625 0.1828125 0.4546875
0 0.97109375 0.7625 0.0578125 0.134375