4 0.2390625 0.3984375 0.1125 0.1625
4 0.33515625 0.403125 0.1265625 0.153125
5 0.428125 0.41015625 0.1125 0.1390625
8 0.5203125 0.41875 0.096875 0.121875
3 0.6511961366168204 0.26194765869668046 0.10283628803308939 0.24491360534690845
2 0.7963631859484569 0.2761385227164068 0.052763562698907585 0.23808180267345422
2 0.9126058039465479 0.2915555320655424 0.04956583736472595 0.2317954400063634
0 0.9238694732654575 0.39795098273390594 0.022347714672181596 0.04087953866963616
1 0.9703125 0.303125 0.059375 0.24375
5 0.059444988621911145 0.8130930827100435 0.089627216024817 0.1838306546785448
7 0.12268078528804756 0.8177356767186339 0.08512152936027154 0.19940111067790856
0 0.15075069394495708 0.8899470313892248 0.028670440006363408 0.047202264003817974
1 0.19601828795354762 0.82718394939527 0.08023403469127163 0.18215906667727216
1 0.26310579061904765 0.8365594967377241 0.08148745202099902 0.15561474801081765
1 0.59140625 0.63125 0.0453125 0.23125
1 0.59609375 0.64375 0.0546875 0.228125
3 0.6723438832750027 0.6547544187221338 0.0932249306969986 0.22449201734563573
8 0.7683376359405028 0.6644663207351786 0.07921697469763486 0.22901588534372674
2 0.8736700259389119 0.6774123107494961 0.05091016136218052 0.21306362133990878
10 0.9407666192711848 0.6860066080919502 0.08841016136218052 0.21349997334499946
0 0.9701353985916853 0.7808923940960865 0.015970445337363515 0.02986931333545435