2 0.05071515583029136 0.26640625 0.05312604176169424 0.26875
10 0.14610037870292833 0.27890625 0.09068967427525151 0.2796875
3 0.2430390112164856 0.28984375 0.10632376463433121 0.28125
3 0.3501520744482022 0.30390625 0.096930583916172 0.278125
9 0.4478810473208391 0.31640625 0.09524990924813678 0.2578125
0 0.38605373389273084 0.43203125 0.017423849336070062 0.040625
2 0.53359375 0.2609375 0.0671875 0.521875
9 0.653125 0.26328125 0.2125 0.5265625
1 0.90390625 0.27265625 0.1921875 0.5453125
0 0.7780048845566607 0.46640625 0.08386698165323558 0.18125
5 0.096875 0.71953125 0.16875 0.1796875
2 0.26015625 0.7109375 0.0984375 0.1625
6 0.36953125 0.7171875 0.1359375 0.175
0 0.4390625 0.65 0.046875 0.040625
2 0.528125 0.80546875 0.05625 0.3515625
8 0.5609375 0.796875 0.121875 0.334375
1 0.70625 0.7953125 0.15625 0.33125
0 0.7779907281371943 0.9265625 0.04428633118569749 0.0921875
4 0.89140625 0.796875 0.1671875 0.334375