2 0.02890625 0.06796875 0.0578125 0.1359375
10 0.0390625 0.09140625 0.078125 0.1828125
3 0.09296875 0.11015625 0.1703125 0.2203125
3 0.1953125 0.12890625 0.159375 0.2578125
9 0.28874804342115745 0.14828625683694502 0.15315582223840885 0.27376742116215275
0 0.2037475263750288 0.24470535552642403 0.02573638555165907 0.042769381458888846
7 0.6296875 0.253125 0.178125 0.29375
4 0.75078125 0.275 0.1703125 0.25
10 0.884375 0.290625 0.18125 0.21875
9 0.9546875 0.30625 0.090625 0.1875
0 0.021169031246292748 0.753097124143785 0.033712526785361165 0.052326219414791805
2 0.14811731493151292 0.7334048328250005 0.09219895697928919 0.1817604526972918
2 0.01875 0.63984375 0.0375 0.1640625
7 0.07113207507778263 0.7074040708571532 0.10302736282348768 0.17576502583555573
7 0.021875 0.66015625 0.04375 0.1609375
9 0.02890625 0.6828125 0.0578125 0.18125
5 0.5703125 0.67890625 0.121875 0.3703125
4 0.6489707029188041 0.7181798763279866 0.20481950811437954 0.3702436840799308
0 0.6787281611159092 0.8570975591736463 0.07537392126547413 0.11264677678548622
8 0.8042718575451866 0.7569365178548617 0.21597519642598223 0.38299825721819475
9 0.915625 0.79375 0.16875 0.3875