5 0.325 0.0734375 0.146875 0.146875
3 0.44296875 0.07265625 0.1390625 0.1453125
0 0.5052931860642971 0.04983429001317834 0.050346992478152684 0.06590680113146803
5 0.61015625 0.3890625 0.1328125 0.18125
10 0.75234375 0.37890625 0.1453125 0.2015625
2 0.93046875 0.37265625 0.0828125 0.2140625
7 0.10513406169111779 0.7553222624930319 0.2072695600417651 0.41207379488495216
3 0.26676188347787233 0.7512564103282914 0.18374113182851987 0.4088124394987581
0 0.3525211902209323 0.8789041664766115 0.06871655925034226 0.10663179508134384
1 0.43159126161197553 0.722949082265852 0.2077863855894435 0.37614538524403185
3 0.7582614102000497 0.7984137323406066 0.14933738809672592 0.353934041958086
9 0.909710249933493 0.7936257175098838 0.14584867524374445 0.3414158612399268