7 0.18432149960721653 0.07602482465687532 0.07894313231716561 0.14244337955902786
1 0.23978570442767672 0.07653462414378512 0.0601749515990063 0.13888196846486114
1 0.29371013514583594 0.08091430603951429 0.05541472872636941 0.1262728656913195
1 0.33359375 0.08515625 0.0328125 0.1390625
0 0.2658805718159236 0.13104093939826428 0.020557939695149584 0.042660278685347205
5 0.72890625 0.11484375 0.1328125 0.2296875
3 0.85859375 0.1015625 0.1421875 0.203125
0 0.9338816589535494 0.16681805128986166 0.06308178298109546 0.10145470364722228
1 0.959375 0.103125 0.08125 0.20625
8 0.17754075536275318 0.692211562689028 0.11722490319801278 0.2776912017473613
8 0.28836008069471813 0.6744811616628476 0.10607832493918146 0.24149912860909736
0 0.33515625 0.77265625 0.0296875 0.0640625
4 0.7866248638722053 0.6880734958190282 0.11576239714788841 0.29484233415618066
4 0.95546875 0.67890625 0.0890625 0.2859375
10 0.8771953217177277 0.6808078161075005 0.1141998971478884 0.29480596656500013