7 0.0328125 0.26328125 0.065625 0.1765625
1 0.08565842604231619 0.2615598299252307 0.07856244668999893 0.17276588534372675
1 0.15365444804263442 0.2631126919160039 0.07214881468808994 0.158630660009545
1 0.22008797004295264 0.26468373524032246 0.07858062802354446 0.17432838534372674
0 0.12002488271799763 0.32757518125400364 0.027180665340545217 0.05343408267027261
6 0.7222060954009969 0.2975171532861385 0.23779418539145195 0.43083401869827115
4 0.8850055400620427 0.2542109539306395 0.16028625604708874 0.34869313335454455
0 0.9568361814130872 0.38386154392109456 0.06066587468172653 0.11162839067472703
1 0.9703125 0.24375 0.059375 0.378125
7 0.1765625 0.7796875 0.146875 0.259375
1 0.4 0.7765625 0.11875 0.253125
1 0.296875 0.7796875 0.128125 0.259375
0 0.3597702774108601 0.8704712059198219 0.047656797342454024 0.0677329400063634
6 0.54453125 0.73125 0.1703125 0.1625
9 0.6859375 0.74296875 0.165625 0.1859375
6 0.83828125 0.73125 0.1484375 0.1625