7 0.24972572658507008 0.31875 0.1327589996072165 0.259375
4 0.3467189012531051 0.2984375 0.12649081888905728 0.25625
1 0.4366581000234412 0.28203125 0.1248828670936593 0.2484375
0 0.5056348381195844 0.37734375 0.012636355386194254 0.0234375
3 0.5258296843323965 0.26328125 0.12646354781181834 0.2515625
3 0.84453125 0.3671875 0.0890625 0.3375
1 0.84765625 0.31796875 0.0953125 0.3484375
9 0.8484375 0.27734375 0.096875 0.3515625
0 0.81015625 0.378125 0.0203125 0.05625
1 0.84609375 0.22890625 0.0921875 0.3421875
1 0.89140625 0.1796875 0.1828125 0.334375
3 0.17265625 0.90390625 0.1640625 0.1921875
2 0.34921875 0.884375 0.1046875 0.23125
2 0.49140625 0.8703125 0.0984375 0.259375
0 0.5515625 0.98828125 0.034375 0.0234375
1 0.6 0.8515625 0.18125 0.296875
1 0.72578125 0.825 0.1484375 0.328125