7 0.20737088872531548 0.2503268770269472 0.11079423870145293 0.2581318741875734
4 0.29609375 0.240625 0.0859375 0.25625
7 0.42734375 0.36640625 0.1546875 0.2453125
7 0.55390625 0.35390625 0.1859375 0.2703125
0 0.63359375 0.46875 0.0390625 0.040625
6 0.68515625 0.3453125 0.1578125 0.2875
5 0.8171875 0.3484375 0.1625 0.28125
7 0.26723514270368015 0.6239064732113435 0.06522610534690845 0.10111821509696402
2 0.3141283240372255 0.6262871793798537 0.04018974267981754 0.09755683847375848
1 0.3328125 0.6234375 0.0125 0.096875
0 0.33011695070813446 0.6578099147693571 0.012699994668999893 0.017405688311602673
2 0.61796875 0.634375 0.0765625 0.290625
10 0.7390625 0.63671875 0.1625 0.2953125
7 0.89140625 0.6171875 0.1515625 0.25625
0 0.9822441667329516 0.722265701293951 0.022329533338636055 0.03944432954530477