7 0.4096552384889268 0.33576630817521724 0.13589308996629618 0.26562997840045355
7 0.5011887535160414 0.31069933158886215 0.12650899960721648 0.26374009618646843
10 0.58515625 0.29453125 0.1296875 0.2671875
9 0.6265625 0.275 0.046875 0.259375
2 0.01015625 0.3578125 0.0203125 0.121875
9 0.03515625 0.3546875 0.0703125 0.153125
2 0.69453125 0.14140625 0.0890625 0.2828125
8 0.70546875 0.11796875 0.1109375 0.2359375
6 0.71328125 0.10546875 0.1265625 0.2109375
0 0.7818064526791609 0.12011897160739568 0.07394656010845857 0.09006449400955034
1 0.82578125 0.10234375 0.2359375 0.2046875
1 0.9359375 0.10859375 0.128125 0.2171875
4 0.09453125 0.8890625 0.1890625 0.221875
6 0.215625 0.871875 0.19375 0.25625
0 0.3046875 0.9734375 0.071875 0.053125
1 0.34609375 0.85234375 0.1921875 0.2953125
2 0.48056263612779465 0.8078198351322413 0.16274648145684373 0.3165575613400781
7 0.87265625 0.875 0.2546875 0.25
10 0.753125 0.90234375 0.20625 0.1953125