7 0.5 0.06484375 0.1 0.1296875
2 0.11796875 0.0296875 0.0359375 0.059375
9 0.159375 0.0375 0.075 0.075
1 0.9015625 0.18984375 0.196875 0.3796875
9 0.73046875 0.18984375 0.2578125 0.3796875
7 0.61640625 0.18125 0.1328125 0.3625
0 0.79453125 0.33828125 0.0796875 0.0828125
0 0.3089470349689405 0.8003181633752774 0.08094377461060631 0.09869337955902786
1 0.4246365679593239 0.6655047926499649 0.230297883082161 0.40196646276527803
1 0.51015625 0.69140625 0.0796875 0.4609375
9 0.2447073755603136 0.6345126318401386 0.24954798825501054 0.41959037385944453
3 0.096875 0.6015625 0.19375 0.421875
3 0.6109375 0.55859375 0.121875 0.3578125
1 0.73515625 0.55859375 0.1921875 0.3578125
9 0.8957757820659467 0.5737368263693051 0.1913430316702353 0.3510936405769446
0 0.9515209798752332 0.7162866958603468 0.07211434389007856 0.11722517401194459
1 0.975 0.60703125 0.05 0.3609375