3 0.03984375 0.30625 0.0796875 0.2875
2 0.05703125 0.31953125 0.1140625 0.2609375
7 0.15703125 0.33046875 0.1390625 0.2390625
8 0.27578125 0.3453125 0.1109375 0.209375
9 0.38046875 0.36796875 0.1578125 0.1640625
3 0.5171875 0.065625 0.115625 0.13125
4 0.59921875 0.06796875 0.1296875 0.1359375
2 0.71328125 0.071875 0.0921875 0.14375
0 0.73203125 0.01875 0.0390625 0.0375
1 0.80390625 0.0734375 0.1296875 0.146875
1 0.90390625 0.07109375 0.1109375 0.1421875
5 0.03046875 0.8515625 0.0609375 0.246875
6 0.046875 0.86015625 0.09375 0.2484375
0 0.07578125 0.97109375 0.0421875 0.0578125
1 0.1390625 0.865625 0.125 0.26875
2 0.2546875 0.88203125 0.0875 0.2359375
3 0.7380468396882792 0.7450473169441497 0.15150359334172717 0.35553290339440446
4 0.8827962779998819 0.7567064587292851 0.1672376874975285 0.36187380698520055
0 0.9316622463432568 0.8704962479568966 0.06909664772652384 0.10976588544042372
1 0.96796875 0.74921875 0.0640625 0.3703125