3 0.24731789852156716 0.13757942258748912 0.09972251834239998 0.15489088584218216
8 0.29932066772189714 0.12768855661557268 0.07247805674305993 0.1305258029025577
0 0.3278464844940868 0.16926842140636272 0.019841138558944316 0.03815476442797028
1 0.343715525402029 0.12455612213200214 0.07877352084968266 0.1323065577118811
1 0.3925250984424249 0.11221237875542407 0.06738137978345585 0.11629961179556503
1 0.69140625 0.34296875 0.0828125 0.3140625
1 0.70390625 0.34453125 0.1078125 0.3109375
1 0.89140625 0.3109375 0.2171875 0.378125
2 0.696875 0.34921875 0.09375 0.3015625
4 0.70703125 0.33046875 0.1140625 0.3390625
7 0.71171875 0.303125 0.1234375 0.39375
5 0.72890625 0.3203125 0.1578125 0.359375
5 0.796875 0.328125 0.225 0.34375
1 0.12380149366528684 0.761299631665831 0.1602916084715548 0.305292679126093
1 0.21900869358614455 0.7341865493591786 0.17118364436493208 0.3041121250424091
8 0.31759094609342703 0.7157763444571879 0.15831993151195062 0.29117561542376225
7 0.4060396806540208 0.6977927254900467 0.158547252045064 0.29898811542376225
7 0.496073647267926 0.6806449202252364 0.1600188238318186 0.295917679126093
7 0.578125 0.65703125 0.14375 0.2890625
0 0.6453125 0.76171875 0.009375 0.0578125
7 0.7523403676427548 0.8166468744942549 0.20173496239076308 0.33483633538669527
3 0.8811413175636126 0.7907069117877159 0.18445653417751764 0.3311111346610559
0 0.9585509152146147 0.876138469499597 0.07523934389007839 0.1181349303072194
1 0.94921875 0.74375 0.1015625 0.3125