3 0.34765625 0.0375 0.0515625 0.075
8 0.39140625 0.034375 0.0328125 0.06875
0 0.40390625 0.056855243276593546 0.009375 0.028234088001272716
1 0.4265625 0.03671875 0.040625 0.0734375
5 0.48515625 0.25078125 0.0515625 0.2828125
8 0.60859375 0.2521501092855022 0.0859375 0.28849997334499944
0 0.65703125 0.39768023794559343 0.021875 0.031504538669636165
7 0.7359375 0.25301208060154845 0.1078125 0.29187951201463563
1 0.89375 0.25664451591345855 0.128125 0.2952408693507264
5 0.33984375 0.68671875 0.1015625 0.1359375
10 0.434375 0.69375 0.05 0.15
1 0.4765625 0.75234375 0.034375 0.2265625
1 0.47578125 0.75390625 0.0328125 0.2234375
3 0.47734375 0.7546875 0.0359375 0.21875
8 0.51015625 0.7543473139322303 0.05625 0.22565452800763594
2 0.61640625 0.7554547332511401 0.0296875 0.21128294533736353
10 0.68359375 0.7570166859086861 0.0671875 0.20859429734245402
0 0.72265625 0.8479684025700498 0.0125 0.028270450668363624
6 0.77265625 0.7551990998965957 0.0609375 0.21320907200827222