3 0.30642115417997134 0.25601929710964144 0.16251922247985345 0.27655780298213617
1 0.4085376452029809 0.29805969609342703 0.16419989714788857 0.29691576708875883
1 0.57578125 0.35078125 0.0671875 0.2578125
8 0.5232768560735653 0.31937005793019413 0.17198512607064967 0.29245558762187224
0 0.5351587116561513 0.4259837707831755 0.056786331185697494 0.09382420783841657
3 0.815625 0.1046875 0.165625 0.209375
4 0.93203125 0.12578125 0.1359375 0.2515625
6 0.1495580758229443 0.7576703768139549 0.14997377068445542 0.26838159012915475
9 0.2602819523845733 0.7976170783841653 0.15480671642972937 0.2935179824490227
0 0.28143881401728343 0.9216910758768828 0.029923849336070063 0.04148881802583091
1 0.37880469340758277 0.8401348504874889 0.17050443930236625 0.3064726235152495
2 0.5140625 0.87109375 0.134375 0.2578125
5 0.66484375 0.87421875 0.1109375 0.2515625
2 0.72421875 0.90234375 0.1578125 0.1953125
1 0.8390625 0.91328125 0.20625 0.1734375
1 0.9390625 0.94375 0.121875 0.1125