3 0.05703125 0.06640625 0.1140625 0.1328125
1 0.1515625 0.071875 0.14375 0.14375
1 0.37890625 0.0671875 0.1609375 0.134375
1 0.475 0.075 0.128125 0.15
8 0.2640625 0.07109375 0.153125 0.1421875
0 0.31953125 0.02265625 0.0515625 0.0453125
4 0.7083439232575035 0.21243025966436146 0.10706925469445316 0.20529655405833439
10 0.7821359592616396 0.18153426278761947 0.11359197469763486 0.22877041549465282
0 0.8336524585853219 0.2523234857584523 0.03339430267345413 0.050190897540672096
1 0.8667200445974123 0.16307463339732015 0.10690562269254418 0.19123405405833438
1 0.9472524292648213 0.15713772990471978 0.10250902402927142 0.21620678298109547
5 0.07890625 0.7296875 0.1578125 0.540625
3 0.07734375 0.71015625 0.1546875 0.5796875
7 0.14834330927754805 0.707392259958949 0.26581119207508747 0.5546339996072167
0 0.26980813458786723 0.8762053715916593 0.0909169960216353 0.1598931504675381
1 0.3565376172820024 0.67337074220136 0.265665741406724 0.5421339996072166
6 0.7600978746021847 0.8164046873574586 0.18495899204327076 0.3198044816532356
2 0.897788778604412 0.7991984857584523 0.1538180800445435 0.32899767447164335
0 0.9567086979233217 0.9050985069338869 0.04778406667727229 0.07839771077238851
1 0.959375 0.78125 0.08125 0.375