6 0.05625 0.11640625 0.1125 0.2328125
5 0.1421875 0.10078125 0.175 0.2015625
0 0.21126382812146777 0.1635651346548567 0.04083560015828454 0.061164758976990544
1 0.2515625 0.08828125 0.16875 0.1765625
1 0.38046875 0.06953125 0.1421875 0.1390625
7 0.6228211052393565 0.12358450838781528 0.11643865690134447 0.18970791549465282
10 0.6966450501456493 0.11073050526455734 0.09911476458147632 0.184920421544777
0 0.7387810743605441 0.16645378531878663 0.027835494985435007 0.04390453610435365
1 0.7634150129986308 0.09861684552544103 0.09254651583511767 0.17394656010845858
1 0.8333327079049235 0.08574011650448403 0.10142141066226813 0.15681360226293622
6 0.284375 0.5765625 0.121875 0.175
10 0.365625 0.56796875 0.128125 0.1578125
0 0.4225590292959668 0.5878838786047325 0.026454851411925873 0.05014544574527378
1 0.434375 0.5484375 0.06875 0.11875
3 0.59921875 0.67265625 0.2609375 0.3671875
1 0.7640625 0.64453125 0.253125 0.3109375
10 0.90234375 0.61953125 0.1953125 0.2609375
0 0.97890625 0.678125 0.0421875 0.125