2 0.00625 0.0375 0.0125 0.075
9 0.01875 0.04140625 0.0375 0.0828125
2 0.00703125 0.2609375 0.0140625 0.115625
5 0.225 0.10703125 0.125 0.2140625
5 0.3015625 0.1125 0.075 0.225
1 0.39609375 0.0875 0.1140625 0.175
4 0.496875 0.09609375 0.128125 0.1921875
7 0.60703125 0.1078125 0.1328125 0.215625
7 0.721875 0.1140625 0.128125 0.228125
3 0.8296875 0.1265625 0.121875 0.253125
1 0.93828125 0.13515625 0.1234375 0.2703125
0 0.8657430764721152 0.249196404081769 0.019341033386094962 0.020530676002545434
5 0.1662528564929977 0.6968959180458161 0.20828649076229294 0.39447834802672616
8 0.2953125 0.71015625 0.0875 0.3546875
7 0.39296875 0.715625 0.1078125 0.5
3 0.5249829988128657 0.7356595207272244 0.21492894734706827 0.4617203920273624
0 0.5854107187919831 0.9419009774029059 0.052136813011265916 0.07401930267345413
1 0.7330311795333936 0.7568367287555413 0.22371291396097348 0.44151698002863515
1 0.9078125 0.77734375 0.184375 0.4453125