2 0.0015625 0.1296875 0.003125 0.15
9 0.01796875 0.13046875 0.0359375 0.1703125
2 0.00703125 0.44921875 0.0140625 0.1203125
5 0.08641547394177537 0.1687597981557296 0.12507491470399829 0.2778366721120834
5 0.1849529712762754 0.1624572064001047 0.11560900803627092 0.26980596656500017
2 0.30450240260982075 0.16367682712541728 0.07167719470081657 0.2531626740119444
5 0.37728592194463884 0.1544304201153132 0.11070333203372584 0.25094686379145836
0 0.4110422092616396 0.2755611909168757 0.020821577339272323 0.04422277868534721
8 0.47275296327977523 0.1433675931773271 0.10007491470399828 0.2772547906531946
3 0.61015625 0.146875 0.0828125 0.29375
2 0.60703125 0.1453125 0.0765625 0.290625
9 0.60625 0.13125 0.075 0.2625
0 0.6006126919160039 0.1967412874221533 0.05254429201145392 0.08557513050895835
1 0.65625 0.1265625 0.175 0.253125
1 0.7765625 0.1015625 0.15625 0.203125
3 0.1546875 0.64140625 0.128125 0.2453125
10 0.26484375 0.62890625 0.1234375 0.2203125
0 0.31480246125082195 0.6977219059632643 0.04453179734245403 0.06820579255305556
1 0.35625 0.62265625 0.11875 0.2078125
1 0.465625 0.61484375 0.13125 0.1921875
2 0.63671875 0.940625 0.0703125 0.11875
1 0.7421875 0.93671875 0.1375 0.1265625
1 0.878125 0.9234375 0.134375 0.153125