4 0.0953125 0.0578125 0.075 0.115625
9 0.2015625 0.05703125 0.0875 0.1140625
1 0.30390625 0.06015625 0.0890625 0.1203125
0 0.25 0.00703125 0.015625 0.0140625
10 0.46796875 0.16640625 0.1359375 0.3328125
2 0.4609375 0.1453125 0.121875 0.290625
2 0.8953125 0.1421875 0.13125 0.284375
1 0.653125 0.14453125 0.23125 0.2890625
0 0.52917418946253 0.23583099107484157 0.0650843413771451 0.11981366801906326
0 0.32734375 0.52109375 0.0953125 0.3234375
7 0.6585689904661711 0.4724542836885154 0.09188494355406326 0.1718125446422687
1 0.72834577712666 0.47827186120522525 0.06839287985173251 0.16984094155801355
1 0.7958879411918106 0.48725534903036055 0.06315974282842376 0.15413412094116258
1 0.8618948871081266 0.49704736039444636 0.0668303798517325 0.16981366801906325
0 0.7557738618803831 0.5473667345820198 0.023675602176918175 0.05194432954530477