4 0.15234375 0.059375 0.1171875 0.11875
9 0.25625 0.059375 0.128125 0.11875
1 0.35625 0.0625 0.134375 0.125
0 0.2796875 0.0078125 0.021875 0.015625
7 0.525 0.0921875 0.1125 0.184375
4 0.62265625 0.08359375 0.1828125 0.1671875
0 0.661772486196987 0.11779110124923112 0.04319662094116268 0.058303396005727134
1 0.7640625 0.08984375 0.175 0.1796875
1 0.8890625 0.1015625 0.190625 0.203125
2 0.02734375 0.73828125 0.0546875 0.2890625
4 0.05859375 0.76015625 0.1171875 0.2984375
6 0.18022643140844857 0.7844064365850038 0.15674447240056466 0.29863858935390813
0 0.21978558359919925 0.9019388345799131 0.02562729139585791 0.03622840133672707
1 0.30916963757695887 0.8297905672342771 0.18045470779006792 0.3145363093570898
1 0.41015625 0.84140625 0.1171875 0.3015625
3 0.590625 0.5046875 0.2 0.23125
3 0.74296875 0.50625 0.1703125 0.234375
7 0.87109375 0.521875 0.1921875 0.265625
0 0.9265207788106608 0.6200348539147311 0.07394778896022594 0.11958634134309047
1 0.9640625 0.5375 0.071875 0.296875