3 0.02890625 0.14140625 0.0578125 0.2421875
1 0.07457602271640677 0.15775262987291164 0.12165901336727121 0.25207278896022584
4 0.18797545138445218 0.16593154829901197 0.09960220003181668 0.2360659594149211
1 0.28658567405313395 0.17905706534514057 0.11524538136536222 0.23790119480442443
1 0.39685101205440654 0.1865092808491416 0.11052151869827113 0.23469437418757338
0 0.2172640567313607 0.26544062459790585 0.02231135200509051 0.037881829545304765
5 0.8591146547183157 0.35750716802235855 0.14714990937299816 0.29469666558343127
5 0.9515625 0.378125 0.096875 0.278125
0 0.990625 0.47578125 0.01875 0.0890625
3 0.0515625 0.83515625 0.103125 0.3296875
4 0.16484375 0.8375 0.1796875 0.325
6 0.328125 0.8515625 0.165625 0.296875
1 0.47578125 0.846875 0.1484375 0.30625
4 0.77578125 0.95390625 0.1453125 0.0921875
1 0.8828125 0.9609375 0.1625 0.078125