1 0.36640625 0.47109375 0.1140625 0.0953125
2 0.28203125 0.4828125 0.0484375 0.071875
5 0.4984375 0.1390625 0.096875 0.278125
10 0.58828125 0.14375 0.1203125 0.2875
7 0.6921875 0.146875 0.1375 0.29375
0 0.736594089377121 0.2580939545502477 0.03311248184962743 0.05213524431795715
2 0.803125 0.13515625 0.1 0.2703125
3 0.03828125 0.84765625 0.0765625 0.3046875
2 0.028125 0.8453125 0.05625 0.309375
6 0.08515625 0.83203125 0.1234375 0.3359375
0 0.159375 0.96171875 0.05625 0.0765625
1 0.21953125 0.83984375 0.1609375 0.3203125
1 0.34609375 0.85546875 0.1578125 0.2890625
5 0.625 0.625 0.171875 0.2125
4 0.803125 0.609375 0.1375 0.18125
0 0.886611749214433 0.6567087325534249 0.05522383118569749 0.09314207386326193
1 0.93671875 0.61796875 0.1265625 0.1984375