1 0.02578125 0.08359375 0.0515625 0.1671875
1 0.05234375 0.0828125 0.1046875 0.165625
5 0.13984375 0.078125 0.1046875 0.15625
4 0.22109375 0.0890625 0.1015625 0.178125
1 0.30703125 0.0828125 0.1046875 0.165625
4 0.38984375 0.0875 0.0953125 0.175
7 0.43984375 0.10859375 0.0203125 0.1234375
0 0.42013315447455896 0.14447583023303884 0.022074987899751618 0.0350114974927175
2 0.490625 0.16484375 0.08125 0.3296875
8 0.50859375 0.17109375 0.1171875 0.3421875
9 0.62109375 0.1828125 0.2109375 0.365625
0 0.6953125 0.30234375 0.0875 0.1328125
7 0.81953125 0.184375 0.2140625 0.36875
1 0.953125 0.184375 0.09375 0.36875
2 0.02734375 0.79375 0.0546875 0.328125
9 0.04140625 0.77109375 0.0828125 0.3671875
0 0.04690875703208288 0.9185020151102018 0.056786331185697494 0.09382420783841657
1 0.1389513321676561 0.8064673648727749 0.1707407886384363 0.34709762351524953
2 0.29671383519271827 0.8104692401038841 0.1487203428931622 0.321461126022532
8 0.53359375 0.484375 0.1234375 0.23125
10 0.66875 0.48046875 0.128125 0.2234375
1 0.80234375 0.4953125 0.1359375 0.253125
1 0.93515625 0.49765625 0.1296875 0.2578125
0 0.7130700882177803 0.5722635126029193 0.034647710772388506 0.04787521034569906