1 0.02578125 0.14765625 0.0515625 0.2578125
1 0.03515625 0.13203125 0.0703125 0.2578125
5 0.10390625 0.11875 0.1078125 0.2375
4 0.1859375 0.1234375 0.103125 0.246875
1 0.26953125 0.11171875 0.1078125 0.2234375
4 0.33671875 0.109375 0.0640625 0.21875
3 0.54375 0.3015625 0.19375 0.315625
1 0.753125 0.29296875 0.1875 0.3328125
4 0.93671875 0.2828125 0.1265625 0.353125
8 0.22578125 0.86015625 0.1234375 0.2796875
10 0.3328125 0.86171875 0.071875 0.2765625
7 0.459375 0.60390625 0.18125 0.2890625
4 0.62265625 0.59140625 0.1828125 0.2640625
0 0.6938800998290802 0.6652395747533142 0.06609166442319178 0.12416475334181776
1 0.77421875 0.5875 0.1734375 0.25625
1 0.9171875 0.59375 0.165625 0.26875