2 0.17578125 0.04609375 0.0984375 0.0921875
6 0.2234375 0.05078125 0.1125 0.1015625
1 0.2796875 0.06640625 0.128125 0.1328125
0 0.2965103460168324 0.09275786902941005 0.04124504809323426 0.06363660266556703
5 0.353125 0.0734375 0.109375 0.146875
7 0.40859375 0.07734375 0.1078125 0.1546875
10 0.6907464740544663 0.2888409103330637 0.21805560707105975 0.3887682979675712
10 0.8376834722403679 0.32749057020390904 0.21701889672677338 0.3590807979675713
0 0.86796875 0.4703125 0.0640625 0.078125
1 0.93515625 0.34375 0.1296875 0.33125
9 0.11471470899352391 0.7333494282797524 0.13647324645662096 0.24279055674305994
6 0.20713782197021527 0.7462693139357028 0.14401292794496676 0.23520537727617316
0 0.22771072759784533 0.8276186023363626 0.043933538474587405 0.05122753087881229
1 0.29481887124457595 0.7608880919115213 0.13345737386128267 0.24582462852981452
3 0.3881869253282598 0.7690977455141604 0.1443403101589517 0.24458037727617316
3 0.55625 0.80859375 0.134375 0.3546875
9 0.675 0.8328125 0.184375 0.334375
3 0.81796875 0.85 0.1703125 0.3
0 0.84765625 0.98046875 0.0421875 0.0390625
1 0.93125 0.85546875 0.1375 0.2890625