1 0.15078125 0.3999845942857898 0.1078125 0.273449523356965
9 0.24375 0.3940959586298393 0.1015625 0.2592051669304743
8 0.3359375 0.37421875 0.0875 0.2515625
2 0.42890625 0.21796875 0.0984375 0.3828125
2 0.86015625 0.19858149947127454 0.140625 0.3447167695960413
5 0.6765625 0.20183321694310957 0.1671875 0.3673646594086268
10 0.528125 0.21548287681395487 0.16875 0.3845976235152495
0 0.76171875 0.3394672607540457 0.0671875 0.1003924565847754
2 0.06328125 0.83359375 0.1265625 0.3328125
1 0.32890625 0.81796875 0.1015625 0.3640625
5 0.190625 0.8328125 0.184375 0.334375
2 0.93125 0.89296875 0.115625 0.2140625
1 0.7828125 0.89921875 0.14375 0.2015625
4 0.6484375 0.90859375 0.134375 0.1828125
5 0.5 0.90859375 0.171875 0.1828125