1 0.16669125324970616 0.22191694837755255 0.09057400162155779 0.26612496974937905
9 0.26033215909390484 0.22871236992232954 0.08566831330995513 0.2535976986721401
8 0.3581111400191814 0.2222492673648057 0.07774671915415361 0.247302246876742
5 0.7799764573896215 0.23737884279496652 0.12387742532266391 0.294440867290051
6 0.9328696323085437 0.251550947984769 0.11803652840691896 0.31784200585373235
0 0.9796875 0.38984375 0.040625 0.0859375
2 0.021875 0.71015625 0.04375 0.4296875
8 0.12170603571711025 0.723071423980664 0.15498314934808163 0.37586358411256365
4 0.04140625 0.71875 0.0828125 0.4375
1 0.29313102232442956 0.7498526134794219 0.1850524788933864 0.3979113009350764
0 0.1810832155072964 0.9023412883438487 0.05802278003177221 0.10188975292686635
1 0.7046875 0.57734375 0.175 0.2359375
1 0.8875 0.5828125 0.203125 0.246875
9 0.51328125 0.5765625 0.1921875 0.234375
7 0.45546875 0.56640625 0.0921875 0.2140625
0 0.5939008153451406 0.6506015263417961 0.06287392126547413 0.1112920240041051