1 0.10078125 0.09765625 0.1078125 0.1953125
1 0.18828125 0.10703125 0.1140625 0.2140625
2 0.2913250230826733 0.1194552406110935 0.06570165444465292 0.20539657200827222
4 0.3543335161488191 0.13043764660250295 0.1099608007211808 0.22778064934754472
7 0.43527439162378434 0.14277346725813986 0.1051278303564585 0.22147610534690845
5 0.5184317305296176 0.16055076591345854 0.10661759517409734 0.2183692866804538
4 0.57109375 0.17109375 0.0359375 0.2140625
5 0.8474477365135413 0.3835182879535476 0.24375783852458371 0.40585220003181666
8 0.9578125 0.409375 0.084375 0.359375
4 0.390625 0.89765625 0.1375 0.2046875
8 0.51953125 0.909375 0.1296875 0.18125
2 0.62890625 0.815625 0.0796875 0.36875
2 0.6953125 0.8265625 0.13125 0.346875
3 0.796875 0.84140625 0.184375 0.3171875
0 0.84453125 0.9828125 0.0609375 0.034375
1 0.9296875 0.853125 0.140625 0.29375