2 0.042740395618573325 0.1512123035740177 0.03388691818411545 0.09117047077900686
4 0.07456705713877128 0.14362194602553577 0.04983016693047428 0.10238070616851021
6 0.11654996865896923 0.13585431047387658 0.04656877461060631 0.09763865909060954
1 0.16004991607254446 0.12649690138326708 0.052909702823851566 0.10087275324641087
1 0.20035666732618562 0.11485028937055822 0.06264841567683313 0.11353639448011296
0 0.14328596489804557 0.16821679708119594 0.014835389812585476 0.02680796185055314
6 0.69375 0.109375 0.221875 0.21875
10 0.83828125 0.09140625 0.1953125 0.1828125
0 0.9436306088672662 0.10991732752000516 0.07918269780928675 0.1450591298696164
1 0.94140625 0.0984375 0.1171875 0.196875
6 0.30234375 0.8046875 0.2546875 0.390625
4 0.40703125 0.7703125 0.1453125 0.321875
3 0.59296875 0.728125 0.2265625 0.2375
8 0.75078125 0.7328125 0.2734375 0.246875
6 0.89375 0.73359375 0.2125 0.2484375