1 0.02421875 0.090625 0.0484375 0.18125
4 0.02421875 0.08984375 0.0484375 0.1796875
5 0.03359375 0.084375 0.0671875 0.16875
1 0.1046875 0.090625 0.103125 0.18125
2 0.2046875 0.0890625 0.06875 0.178125
0 0.2404115359245944 0.16246856341499621 0.02400112133990877 0.0487102200031817
7 0.28359375 0.0890625 0.0953125 0.178125
8 0.5838097366327288 0.20955100672340646 0.06301017202418073 0.1788340720082724
1 0.7134154206317744 0.2180913074076784 0.0645544906906352 0.17728975334181776
0 0.6790398732893201 0.2848879087364513 0.019204533338636053 0.039280676002545256
3 0.6462279206317744 0.2173095100652243 0.06128404002227157 0.16475339067472686
3 0.12692174793127592 0.7937521893698165 0.1837055747135433 0.34740335335772626
1 0.2792018632638668 0.8009936193904974 0.13717602005090673 0.3765454133513629
3 0.48711436059836677 0.7013192413669531 0.12856354137490716 0.3077045066836355
3 0.96796875 0.728125 0.0640625 0.296875
8 0.7510314099300033 0.7168918867361331 0.09731354137490715 0.30734088001272664
0 0.7982507605824585 0.822143008076042 0.03997156667727229 0.07857953333863606
1 0.8650393659293669 0.7229066240849507 0.12387604137490715 0.30764996268299927
1 0.6199904952657759 0.6973959047183158 0.13001695337363453 0.29834768801718103