1 0.0890625 0.05703125 0.13125 0.1140625
4 0.18203125 0.0578125 0.1296875 0.115625
5 0.27421875 0.05390625 0.1328125 0.1078125
1 0.36015625 0.0640625 0.1390625 0.128125
2 0.4421875 0.07265625 0.075 0.1453125
0 0.46875 0.13046875 0.021875 0.0515625
6 0.5390625 0.24765625 0.11875 0.4453125
3 0.63125 0.28046875 0.221875 0.4171875
0 0.69453125 0.4734375 0.0421875 0.03125
1 0.84140625 0.303125 0.2390625 0.371875
2 0.034375 0.8859375 0.06875 0.228125
9 0.0890625 0.87265625 0.178125 0.2546875
1 0.21484375 0.90390625 0.2015625 0.1921875
2 0.37109375 0.925 0.1765625 0.15
2 0.78921209902377 0.6563616497219983 0.10082966314779931 0.2299454495445131
3 0.8607149521080253 0.6822817981780522 0.13407853977100465 0.256091287293461
5 0.94453125 0.7 0.1109375 0.23125
0 0.9782354630650737 0.7949132621505356 0.033903441558013545 0.0636458377489479
1 0.9859375 0.7234375 0.028125 0.240625