4 0.01875 0.1234375 0.0375 0.1875
4 0.0234375 0.09921875 0.046875 0.1796875
2 0.0953125 0.1125 0.11875 0.225
7 0.16953125 0.11484375 0.1546875 0.2296875
5 0.26015625 0.10859375 0.1484375 0.2171875
3 0.3484375 0.1 0.146875 0.2
3 0.41015625 0.0828125 0.1171875 0.165625
0 0.4609375 0.12109375 0.015625 0.0609375
2 0.5 0.06484375 0.0625 0.1296875
2 0.553125 0.059375 0.1125 0.11875
1 0.62265625 0.0625 0.1359375 0.125
1 0.728125 0.0625 0.1375 0.125
4 0.83125 0.0609375 0.134375 0.121875
0 0.6890625 0.015625 0.046875 0.03125
5 0.05234375 0.90546875 0.1046875 0.1890625
5 0.117681008931749 0.8956656870970822 0.09850350405718977 0.1844761858759707
0 0.17734375 0.95625 0.0484375 0.0875
1 0.20383669724335168 0.8816656424548132 0.1080148717519414 0.1924523271096728
1 0.2799861400191814 0.8592491258157218 0.12591148376465036 0.23337733603812652
4 0.5234375 0.83828125 0.109375 0.3234375
2 0.51015625 0.8390625 0.0828125 0.321875
10 0.59453125 0.81953125 0.1765625 0.3609375
4 0.7274145190780187 0.8108934464325728 0.17351496103647895 0.36541826866768634
6 0.8504525986233235 0.7868774736249712 0.15772631980277688 0.3557705332781829
0 0.812282622569311 0.9601473782513539 0.032122753246410875 0.05054547077900686