5 0.07104409846390318 0.296647755602674 0.11109130054030487 0.2305252610179168
9 0.17148060808255003 0.28647528143822965 0.12364586424263582 0.23237870174736122
0 0.22519339592416526 0.36044076472072967 0.040719258437520625 0.09306032218833345
1 0.2715178136175128 0.265347123478195 0.109057574586922 0.26170252583555553
1 0.3609375 0.25234375 0.096875 0.2234375
7 0.6015625 0.10625 0.134375 0.2125
3 0.73515625 0.096875 0.1328125 0.19375
0 0.8042112294119439 0.1737765661075005 0.02841766587924912 0.05374324905006951
1 0.88359375 0.09921875 0.1484375 0.1984375
1 0.971875 0.09140625 0.05625 0.1828125
4 0.03125 0.75 0.0625 0.309375
10 0.03515625 0.7359375 0.0703125 0.328125
0 0.0078125 0.84765625 0.015625 0.0546875
10 0.0609375 0.7265625 0.121875 0.309375
6 0.1888987426587879 0.7178201196784728 0.13051591233587007 0.29498780452090295
10 0.73515625 0.59453125 0.1390625 0.1703125
2 0.90859375 0.59140625 0.0640625 0.1640625
0 0.9468550863981855 0.6030289614340978 0.02874504809323426 0.0631182490500695