2 0.03984375 0.36484375 0.0796875 0.3109375
1 0.07734375 0.34140625 0.1546875 0.3328125
1 0.29271897822588067 0.26695815749962104 0.1723369674053279 0.28532948770335975
1 0.4053409986798518 0.24364285646634878 0.17444503668480013 0.3040885780624395
7 0.1837447949980703 0.3082240278147341 0.17582568025830944 0.297847668421519
0 0.2613362490755632 0.39685019057891247 0.05686977711788863 0.07531816256778665
7 0.7670537370013693 0.2963103559753694 0.22919002414838782 0.4137635599120669
8 0.909375 0.246875 0.18125 0.36875
0 0.98671875 0.35703125 0.0265625 0.0671875
10 0.9703125 0.246875 0.059375 0.40625
7 0.21328125 0.8171875 0.1734375 0.134375
3 0.3234375 0.815625 0.178125 0.13125
0 0.38515625 0.76875 0.0578125 0.0375
1 0.4203125 0.81171875 0.15625 0.1234375
1 0.4953125 0.825 0.128125 0.15
2 0.840625 0.95859375 0.096875 0.0828125
4 0.95546875 0.9359375 0.0890625 0.128125
3 0.90234375 0.9484375 0.1078125 0.103125