3 0.02578125 0.078125 0.0515625 0.15625
2 0.021875 0.0796875 0.04375 0.159375
1 0.025 0.08828125 0.05 0.1765625
0 0.00703125 0.14296875 0.0140625 0.0453125
1 0.04765625 0.09921875 0.0953125 0.1984375
1 0.1375 0.10234375 0.090625 0.2046875
8 0.51171875 0.11171875 0.0640625 0.2234375
5 0.5640625 0.1171875 0.121875 0.234375
0 0.6048382099379574 0.2122655896882792 0.05561474801081765 0.08064207386326191
1 0.6703125 0.1296875 0.13125 0.259375
1 0.7890625 0.13125 0.134375 0.2625
6 0.040625 0.56484375 0.08125 0.1703125
1 0.175 0.56171875 0.140625 0.1640625
1 0.32734375 0.57109375 0.1484375 0.1828125
1 0.44296875 0.5671875 0.0734375 0.175
0 0.2347251572645032 0.6282666907439394 0.02699885200509069 0.03796365016215582
5 0.91796875 0.8640625 0.1203125 0.271875
10 0.97578125 0.865625 0.0484375 0.26875
9 0.5748336312858203 0.7600080198855024 0.06722495735199914 0.1386454886359143
2 0.5334819252864567 0.7545977711033183 0.03757382001909004 0.14125229139585782