3 0.140625 0.11015625 0.1125 0.2203125
2 0.28515625 0.1078125 0.0921875 0.215625
1 0.39609375 0.1140625 0.1078125 0.228125
0 0.43850653476618007 0.18790185951813038 0.03248649810013902 0.05421627404661713
1 0.50703125 0.12421875 0.0984375 0.2484375
5 0.5953125 0.21796875 0.053125 0.3203125
9 0.61171875 0.2296875 0.0859375 0.278125
1 0.7403080369503816 0.24126745089527546 0.12871210714194473 0.29800596878180663
1 0.8815142651988885 0.2547992159562179 0.10661890159486127 0.2878670769491748
0 0.6586378500206592 0.35726198392756725 0.024310322188333445 0.038318455534962936
3 0.03046875 0.678125 0.0609375 0.178125
2 0.13125 0.65703125 0.1 0.1359375
2 0.24296875 0.65859375 0.0703125 0.1390625
1 0.3453125 0.65546875 0.109375 0.1328125
1 0.4625 0.6578125 0.0875 0.1375
0 0.2796875 0.6109375 0.0375 0.04375
7 0.64375 0.68125 0.15 0.184375
7 0.81015625 0.6765625 0.1515625 0.175
0 0.8727730852030204 0.6861657447273404 0.05011040919430556 0.07356647477225646
1 0.94140625 0.6734375 0.1171875 0.16875