2 0.009375 0.05234375 0.01875 0.1046875
2 0.00859375 0.053125 0.0171875 0.10625
5 0.0109375 0.0625 0.021875 0.125
0 0.00390625 0.109375 0.0078125 0.03125
1 0.0140625 0.05859375 0.028125 0.1171875
1 0.0125 0.0640625 0.025 0.128125
6 0.640625 0.0578125 0.075 0.115625
10 0.72421875 0.05703125 0.0765625 0.1140625
0 0.7701083407463145 0.06495947796318324 0.01618862133990895 0.048892141066226816
1 0.81796875 0.0484375 0.0734375 0.096875
2 0.9109375 0.0484375 0.0625 0.096875
2 0.03453337273231516 0.6373873735817566 0.04079082137172554 0.2839036385589443
9 0.14240950739972424 0.6397191002247916 0.11929762937617987 0.3189893438900784
7 0.25390625 0.62734375 0.0515625 0.3015625
4 0.5765625 0.87265625 0.16875 0.2546875
10 0.7109375 0.86875 0.1375 0.2625
1 0.8484375 0.865625 0.14375 0.26875
3 0.9546875 0.86015625 0.090625 0.2796875