3 0.021875 0.14140625 0.04375 0.1640625
1 0.0234375 0.1640625 0.046875 0.171875
2 0.028125 0.1953125 0.05625 0.153125
0 0.020532231260452248 0.25344588231191023 0.022093168617910663 0.03800914627652787
1 0.07187201746300156 0.2163647628208686 0.09315107806243947 0.16777068787965294
3 0.539927125874258 0.204510887727153 0.17361125858420703 0.30243793502986127
2 0.7214089300307882 0.24857327830409756 0.11585330073868469 0.31046733415618066
3 0.8238799450579029 0.27283035552642404 0.17680898145684393 0.3150106702122223
0 0.8552077339909268 0.42119577355444493 0.028343168617910662 0.03815461664124999
1 0.93671875 0.3171875 0.1265625 0.3125
7 0.04296875 0.7328125 0.0859375 0.165625
1 0.04765625 0.73671875 0.0953125 0.1734375
0 0.015625 0.69609375 0.03125 0.0609375
1 0.11640625 0.73203125 0.1953125 0.1640625
3 0.24765625 0.7296875 0.1796875 0.159375
7 0.66015625 0.940625 0.1484375 0.11875
3 0.75390625 0.9609375 0.1296875 0.078125