3 0.28984375 0.03203125 0.0671875 0.0640625
1 0.3375 0.040625 0.071875 0.08125
2 0.3890625 0.04765625 0.05625 0.0953125
0 0.3910461390546608 0.08203125 0.015797716822512697 0.0296875
1 0.43125 0.05703125 0.071875 0.1140625
5 0.7453125 0.04609375 0.103125 0.0921875
9 0.82421875 0.046875 0.1140625 0.09375
0 0.85 0.02265625 0.0375 0.0453125
1 0.90625 0.053125 0.10625 0.10625
1 0.965625 0.0453125 0.06875 0.090625
8 0.040625 0.61328125 0.08125 0.2890625
5 0.04140625 0.6265625 0.0828125 0.315625
1 0.1362899404807166 0.65625 0.16441806576579943 0.3296875
1 0.2760155158126816 0.6765625 0.15968511397040128 0.321875
0 0.028608729806523937 0.76796875 0.03779089149054773 0.05
6 0.6296875 0.59296875 0.08125 0.2484375
3 0.64609375 0.6046875 0.1140625 0.271875
1 0.715625 0.61015625 0.153125 0.2828125
10 0.8135024011549092 0.62578125 0.15492489109776422 0.309375
0 0.8198336935057787 0.74609375 0.03000566256778665 0.0546875
4 0.9048450186413518 0.63671875 0.14542262607064985 0.2875