6 0.3770205234234719 0.26825054578409685 0.1282854390337981 0.22314917211208343
6 0.43359375 0.27734375 0.0703125 0.2109375
0 0.4640625 0.359375 0.009375 0.075
3 0.5961676770261112 0.18522245307854135 0.14137647241989287 0.24375261284152785
2 0.7043522500665069 0.19675740549149268 0.11918322367353404 0.23230596656500016
10 0.7749004307870349 0.21385268009277736 0.13954118778015676 0.23434124525034736
0 0.8004794408161647 0.3006980634515273 0.03444920783841639 0.05701371941479181
1 0.8721247717741193 0.22642345564399252 0.1267229390337981 0.22311280452090293
1 0.95 0.228125 0.1 0.24375
7 0.0546875 0.64765625 0.109375 0.3421875
4 0.1373178627612039 0.6609263954235065 0.18468385471063103 0.33688567021222243
0 0.17122619833801203 0.7834910732351731 0.06242109514371954 0.10606946846486114
1 0.28074961401484516 0.6685180770348952 0.2006271034569899 0.34818684612402784
2 0.4078125 0.69140625 0.121875 0.3515625
7 0.55625 0.66875 0.175 0.4375
8 0.6720435184089071 0.6945922273954857 0.22137752414838782 0.41737325721819474
0 0.6759090013201483 0.8568922056439925 0.07184155925034226 0.10785017401194459
1 0.792509131103604 0.7401930552834022 0.222621775402029 0.40647212480937506
1 0.90625 0.7765625 0.1875 0.384375