7 0.34609375 0.10625 0.1078125 0.2125
8 0.44140625 0.09609375 0.0921875 0.1921875
0 0.484928352392292 0.1675036810497322 0.03299564437666671 0.07590928213245363
1 0.52421875 0.09375 0.0953125 0.1875
1 0.60234375 0.1046875 0.0984375 0.209375
7 0.7862921370615629 0.3477498075344827 0.11221297853284735 0.19219952335696497
9 0.8754819236306949 0.3558100116119755 0.09084712480937522 0.21343802586424748
0 0.9191059434823268 0.4187562924907879 0.03899107123840295 0.06515363855894432
1 0.95625 0.34296875 0.0875 0.2078125
2 0.15 0.69921875 0.08125 0.1796875
10 0.27734375 0.69375 0.1390625 0.16875
9 0.42890625 0.68984375 0.1453125 0.1609375
0 0.5051713832618407 0.7313652557394807 0.037246733282499986 0.057295674452321775
1 0.58203125 0.69375 0.1578125 0.16875
4 0.67890625 0.71328125 0.0421875 0.2078125
3 0.74609375 0.84375 0.0921875 0.3125
3 0.73671875 0.821875 0.0734375 0.346875
9 0.73671875 0.83046875 0.0734375 0.3140625
0 0.7519918318750699 0.9347593772096662 0.07997974715020835 0.08196070533113406
1 0.8119461004924309 0.8272029414745734 0.14440984232430587 0.3008758413827959
1 0.9296875 0.80859375 0.140625 0.2453125