7 0.240625 0.05859375 0.121875 0.1171875
8 0.3390625 0.0546875 0.109375 0.109375
0 0.36255591598717307 0.043694108009336395 0.038836403408566686 0.0776536385589445
1 0.41875 0.05078125 0.109375 0.1015625
1 0.4953125 0.059375 0.115625 0.11875
8 0.6203125 0.171875 0.121875 0.34375
6 0.69765625 0.196875 0.2359375 0.39375
0 0.7523781209378673 0.31426502078317553 0.08861030681713337 0.15562552586424747
1 0.865625 0.2109375 0.23125 0.421875
1 0.95859375 0.2203125 0.0828125 0.409375
5 0.215625 0.86875 0.215625 0.2625
10 0.3703125 0.87421875 0.196875 0.2515625
7 0.4890625 0.89609375 0.140625 0.2078125