6 0.34993891650940945 0.3095947312604522 0.16788370991548635 0.29937380698520066
5 0.421875 0.31640625 0.05625 0.2765625
7 0.6297699272429857 0.4024043999765589 0.16508601823611144 0.31341812626704135
9 0.7814408768061455 0.43219695998682167 0.15585648860083356 0.3196135841125637
1 0.9234375 0.45234375 0.153125 0.3046875
0 0.8141598449866662 0.5706872882456528 0.027617160144236052 0.04546703610435347
8 0.08515625 0.82109375 0.1703125 0.2046875
5 0.24453125 0.82109375 0.2015625 0.2046875
1 0.3859375 0.82109375 0.128125 0.2046875
0 0.29246341689065913 0.851932222185266 0.04673083605604163 0.06120112041330898
5 0.59296875 0.8421875 0.1953125 0.246875
6 0.7171875 0.84921875 0.178125 0.2609375
0 0.7571130240326037 0.9214003605525557 0.05697865824437507 0.09875566256778665
1 0.84375 0.859375 0.18125 0.28125
2 0.9609375 0.859375 0.078125 0.28125