6 0.34921875 0.18125 0.1796875 0.309375
5 0.4140625 0.20078125 0.05 0.2828125
3 0.50078125 0.2671875 0.1234375 0.503125
3 0.5765625 0.2921875 0.275 0.453125
1 0.81796875 0.3375 0.3171875 0.3625
4 0.23125 0.62734375 0.20625 0.2171875
2 0.36640625 0.63984375 0.1453125 0.2421875
1 0.40625 0.653125 0.065625 0.26875
2 0.640625 0.62734375 0.14375 0.2171875
8 0.76328125 0.63515625 0.1828125 0.2328125
8 0.915625 0.6546875 0.16875 0.271875
1 0.97109375 0.6703125 0.0578125 0.303125
0 0.933861758076042 0.7660919452354972 0.03506589067472685 0.06037521034569906