6 0.336133984481906 0.2688242855151783 0.11558968032537571 0.26316359621281205
8 0.4625283128389331 0.2406543546006273 0.10931240924813679 0.2584397347764936
1 0.5647857044276767 0.22640602312034233 0.11721581283893308 0.27411018657189173
4 0.6833902586824028 0.20209689041039325 0.11866922852997774 0.25536927693097133
0 0.5216993006404888 0.340213993066113 0.02210225897699054 0.039189765027114645
2 0.7984375 0.215625 0.059375 0.340625
10 0.84453125 0.2421875 0.1515625 0.328125
10 0.9453125 0.215625 0.109375 0.30625
2 0.12050443930236625 0.7783714814568439 0.14261578863843632 0.3430056323171656
10 0.22280728268650787 0.7719356499765588 0.17695442720211788 0.33695562021691716
4 0.36495387607064966 0.765731622652804 0.16148396330647136 0.3634272166261209
0 0.4280811108471433 0.8739077370159889 0.06149201190385671 0.0956670240041051
1 0.48530728268650797 0.7734628303019347 0.18027032474278978 0.3697863009350765
2 0.628057864068597 0.7367945981577197 0.15494307181592362 0.3133908551898026
9 0.86171875 0.85703125 0.1859375 0.2859375
4 0.96640625 0.85703125 0.0671875 0.2859375