3 0.01953125 0.04140625 0.0390625 0.0828125
2 0.0953125 0.0390625 0.03125 0.078125
2 0.17109375 0.0390625 0.0265625 0.078125
1 0.22421875 0.0375 0.0578125 0.075
1 0.29609375 0.03984375 0.0640625 0.0796875
0 0.1859375 0.00625 0.015625 0.0125
5 0.05336171456884111 0.40968260108060994 0.10648464687221448 0.28000001324684387
7 0.16285873502281217 0.43618559209493524 0.11130853919208264 0.28485120435383643
0 0.2174660155059132 0.5483606990811769 0.05746081050398359 0.09722222958158007
1 0.2886938093168493 0.46560525198373454 0.11874060596427238 0.32569445916316
1 0.40422788110360397 0.47276796595621795 0.14788253668479995 0.30798116950744614
3 0.7038521448936575 0.6181498323914705 0.15992789561857332 0.29279267912609297
2 0.8690823397999502 0.6106250529873757 0.09792800079142286 0.30779763103285873
9 0.95546875 0.60625 0.0890625 0.290625