7 0.2359375 0.3046875 0.0875 0.26875
8 0.3662501512531051 0.3058604078631254 0.06552604781181852 0.2530535712384028
1 0.4703125 0.30703125 0.0875 0.2640625
0 0.4062342809379921 0.41696221523381993 0.023646578258831142 0.03648301386770836
3 0.57734375 0.3015625 0.0765625 0.275
4 0.67578125 0.29375 0.1265625 0.290625
6 0.8390625 0.3 0.115625 0.278125
1 0.9703125 0.2875 0.059375 0.303125
7 0.08984375 0.5859375 0.1796875 0.29375
7 0.44375 0.596875 0.175 0.315625
4 0.25859375 0.565625 0.1515625 0.253125
0 0.3308161244203296 0.6584236698309727 0.07255677693097126 0.11886040919430556
7 0.57890625 0.73671875 0.0796875 0.4046875
6 0.5984375 0.74375 0.11875 0.403125
0 0.654035976683266 0.9145814444322575 0.07571813836728972 0.12518314437666672
1 0.7540501331027325 0.7801720364722227 0.17571918012898405 0.3962243026210419
1 0.92109375 0.78828125 0.1578125 0.4234375