1 0.3625 0.28125 0.090625 0.05625
6 0.8578125 0.265625 0.128125 0.0875
3 0.9609375 0.265625 0.078125 0.0875
6 0.0359375 0.58203125 0.071875 0.3890625
10 0.09434279935917864 0.577574848066497 0.1276835782151192 0.34665791868236295
0 0.1693304195922641 0.7346339174092693 0.05167660580511537 0.1380454400063634
1 0.25601690934064514 0.6005412754216778 0.1598065974524129 0.37202154535327187
1 0.4067163137871489 0.5999520241088131 0.13722226932211185 0.35145450668363554
7 0.6651637639646342 0.7874743700270442 0.14245540634542025 0.36713405068427196
5 0.8502381684111379 0.7872851080521794 0.12628476932211186 0.35132723734881743
0 0.940233229751216 0.9492044000636334 0.029871038474587407 0.05032726400381797
1 0.98125 0.79296875 0.0375 0.3703125