5 0.04140625 0.44609375 0.0828125 0.3046875
2 0.04296875 0.4890625 0.0859375 0.290625
1 0.13398881325591266 0.5166945370863122 0.1737305907065437 0.29474084913967824
1 0.2688087085853219 0.5448144710259253 0.17229536004136178 0.3056692587805987
0 0.032216680577685966 0.6024371152469475 0.042842028007635945 0.056495439695149585
6 0.45 0.4578125 0.121875 0.35
5 0.5280740732415952 0.4659325095661656 0.16749877204008906 0.29626698770335996
1 0.6198161305697317 0.5036774283804683 0.1741305800445435 0.32911584913967823
6 0.7172087512333227 0.525765530937992 0.17374877204008907 0.2963033491396782
0 0.7251565165500053 0.6483672387835144 0.028634077339272323 0.04391362646343318
10 0.8086240919000955 0.5244524949318345 0.1738942227084525 0.3088033491396782