5 0.028125 0.06015625 0.05625 0.1203125
2 0.01640625 0.0578125 0.0328125 0.115625
1 0.0296875 0.05859375 0.059375 0.1171875
1 0.0609375 0.06015625 0.11875 0.1203125
0 0.00703125 0.0109375 0.0140625 0.021875
4 0.4734375 0.234375 0.1375 0.15
6 0.5671875 0.23125 0.146875 0.15625
6 0.734375 0.21328125 0.146875 0.1921875
3 0.6515625 0.22578125 0.13125 0.1671875
10 0.8234375 0.21171875 0.1375 0.1953125
6 0.0375 0.47421875 0.075 0.2515625
9 0.03515625 0.47890625 0.0703125 0.2703125
0 0.0109375 0.53359375 0.021875 0.0828125
1 0.03515625 0.4390625 0.0703125 0.24375
1 0.04296875 0.428125 0.0859375 0.2375
2 0.7901490012730937 0.6887150413925626 0.1127203653723619 0.2894091477265238
2 0.39453125 0.69375 0.0296875 0.153125
9 0.4046875 0.70078125 0.05 0.1796875
10 0.8596166166056847 0.6953974638758527 0.1301078600413618 0.30689665665497756
6 0.9421875 0.68359375 0.115625 0.2859375
8 0.9859375 0.6578125 0.028125 0.284375