2 0.1969170817493775 0.37265625 0.0568196159934022 0.234375
7 0.3819142073761981 0.3671875 0.09762647241989289 0.240625
1 0.28124661764275477 0.37109375 0.08485368778015676 0.23125
1 0.5000648138026887 0.3734375 0.10093332884638358 0.246875
1 0.6079000458560001 0.37421875 0.10745611348611987 0.25625
0 0.4380171063599837 0.46953125 0.0273641335443795 0.08125
9 0.75234375 0.2234375 0.0671875 0.25625
10 0.746875 0.22890625 0.05625 0.2796875
1 0.74765625 0.2234375 0.0578125 0.25625
1 0.7453125 0.2296875 0.053125 0.253125
0 0.73046875 0.334375 0.0234375 0.0625
5 0.3140625 0.71875 0.11875 0.178125
4 0.4578125 0.70859375 0.09375 0.1578125
0 0.5171446652146147 0.775 0.03959134890464337 0.071875
1 0.584375 0.71875 0.11875 0.178125
2 0.6859375 0.72421875 0.065625 0.1890625