2 0.0296875 0.075 0.059375 0.15
7 0.0734375 0.0796875 0.146875 0.159375
1 0.0375 0.07578125 0.075 0.1515625
1 0.20859375 0.08125 0.1734375 0.1625
1 0.340625 0.08515625 0.1875 0.1703125
0 0.15234375 0.05234375 0.0515625 0.1046875
3 0.51484375 0.21171875 0.0703125 0.3140625
3 0.55546875 0.19453125 0.1515625 0.3046875
0 0.6410719902374427 0.30294691111590916 0.033067030054229285 0.04432274431795715
1 0.7050976079202771 0.1634537629823482 0.1736930718159236 0.3155000892845374
1 0.84921875 0.1484375 0.1796875 0.296875
1 0.05234375 0.684375 0.1046875 0.296875
1 0.1419941408031767 0.6674189196406211 0.1437964935570923 0.279044392044481
1 0.3316288125443455 0.6347951546230874 0.14055331888905725 0.25867734496658024
1 0.46484375 0.60703125 0.0296875 0.2546875
3 0.23879641793053974 0.6566098790555421 0.13129649355709247 0.27882620373287814
3 0.1962418001495095 0.8613149699649327 0.09151585518980258 0.15470686525911964
10 0.42109375 0.62734375 0.1171875 0.2640625
5 0.6618793939264347 0.6073814464259824 0.15809534289316246 0.31991485389503393
8 0.76328125 0.55703125 0.1203125 0.2546875
0 0.8403952793668583 0.677678129866321 0.03973518657189175 0.11630683847375849
1 0.8734375 0.56484375 0.153125 0.2703125
1 0.95546875 0.55390625 0.0890625 0.2484375