3 0.12421875 0.0546875 0.1171875 0.109375
2 0.221875 0.04921875 0.08125 0.0984375
2 0.29375 0.053125 0.06875 0.10625
0 0.30625 0.015625 0.025 0.03125
1 0.3625 0.0484375 0.096875 0.096875
3 0.42578125 0.05078125 0.0671875 0.1015625
8 0.64375 0.33515625 0.121875 0.1484375
4 0.72890625 0.346875 0.0984375 0.125
1 0.81875 0.34765625 0.11875 0.1234375
2 0.925 0.35234375 0.090625 0.1140625
7 0.028125 0.47421875 0.05625 0.1296875
1 0.02734375 0.475 0.0546875 0.13125
0 0.01328125 0.50703125 0.0265625 0.0640625
1 0.07734375 0.47890625 0.1171875 0.1390625
2 0.19296875 0.48359375 0.1046875 0.1484375
1 0.49453125 0.5359375 0.0703125 0.253125
1 0.49296875 0.5375 0.0671875 0.25625
1 0.575 0.55234375 0.128125 0.2859375
6 0.68203125 0.55859375 0.1234375 0.2984375
5 0.7901677296125358 0.5799673327884204 0.11733121865896905 0.27534664772652384
3 0.8904034103330638 0.6004764760507173 0.11470632383181859 0.2924796006486231
9 0.96640625 0.615625 0.0671875 0.2875
0 0.9190786766303998 0.7432367203686744 0.011573997492717503 0.022065914772652385