5 0.028125 0.1484375 0.05625 0.24375
4 0.04921875 0.1375 0.0984375 0.24375
1 0.14453125 0.1171875 0.1109375 0.234375
2 0.26640625 0.09765625 0.0734375 0.1953125
0 0.103125 0.21625310227677144 0.0234375 0.039471603084255236
5 0.5703125 0.1546875 0.121875 0.309375
3 0.56640625 0.1546875 0.1140625 0.309375
6 0.61015625 0.15390625 0.1953125 0.3078125
0 0.70625 0.2164712905883742 0.059375 0.09634889448011297
1 0.75859375 0.13046875 0.2171875 0.2609375
2 0.92421875 0.1 0.1515625 0.2
2 0.0296875 0.72734375 0.059375 0.3078125
9 0.0859375 0.71328125 0.171875 0.3515625
1 0.2265625 0.6659003206201464 0.175 0.32180463636243817
1 0.38125 0.6444502402640626 0.1546875 0.33082508035608366
1 0.47421875 0.61328125 0.0703125 0.3515625
0 0.3296875 0.8078502670494239 0.0625 0.11202844155801372
4 0.61484375 0.5555861578760888 0.1234375 0.2771546095770768
5 0.73203125 0.5371343924548133 0.1171875 0.26767051542127546
9 0.8546875 0.5115559196472116 0.14375 0.27907166558343127
1 0.95234375 0.48046875 0.0953125 0.2703125
0 0.8078125 0.6311241258157219 0.028125 0.04580342370110611