2 0.21015625 0.096875 0.0796875 0.19375
9 0.28828125 0.12109375 0.1421875 0.2421875
4 0.38515625 0.14765625 0.1078125 0.2453125
0 0.4168355818750699 0.2534816075274936 0.03059668977951393 0.0392352168225127
6 0.8176135658231601 0.15766861689726747 0.18467116641250025 0.28228630093507656
3 0.93046875 0.16328125 0.1390625 0.2359375
1 0.98203125 0.18046875 0.0359375 0.2515625
0 0.9698865402719449 0.2561975413689108 0.0549070119678472 0.07687157220870695
2 0.0859375 0.7375 0.171875 0.196875
8 0.20859375 0.73046875 0.1984375 0.1828125
6 0.34921875 0.72421875 0.1796875 0.1703125
0 0.3816806382958339 0.7410406948615111 0.06998780452090295 0.12070338544042354
6 0.5203125 0.8828125 0.1625 0.234375
1 0.625 0.903125 0.171875 0.19375
1 0.73984375 0.925 0.1796875 0.15
1 0.8375 0.940625 0.159375 0.11875