2 0.2492963401956617 0.311331367977422 0.056972728688099036 0.18623748184962743
9 0.3112053068095668 0.3312802536142373 0.10457515439406198 0.21151019262201592
4 0.3971284349436699 0.35811948868531857 0.09318301332783499 0.19582156010845858
1 0.47709707977082044 0.3748388351927182 0.10104097743445788 0.1974295119038567
2 0.576392386118169 0.39847580221162265 0.06134197994174038 0.17532725292686635
0 0.41346883729266787 0.4408229043763631 0.02430131802583091 0.029823855386194253
5 0.8203125 0.07890625 0.1875 0.1578125
6 0.934375 0.0796875 0.13125 0.159375
0 0.98046875 0.08046875 0.0390625 0.0859375
7 0.121875 0.65078125 0.20625 0.2015625
3 0.30859375 0.64375 0.2015625 0.1875
0 0.3421875 0.56484375 0.046875 0.0296875
1 0.471875 0.6390625 0.20625 0.178125
1 0.61953125 0.640625 0.1953125 0.18125
5 0.9328125 0.81796875 0.134375 0.2734375
1 0.9796875 0.8453125 0.040625 0.296875