6 0.37421875 0.06875 0.0921875 0.1375
8 0.4359375 0.0640625 0.028125 0.128125
8 0.50390625 0.16953125 0.1078125 0.2609375
7 0.61484375 0.16015625 0.2109375 0.2796875
1 0.865625 0.15 0.25625 0.3
0 0.18510871468121337 0.7657657387412239 0.04101588544042371 0.0676602146721816
1 0.3466689042781672 0.6606071660964046 0.14375104176169415 0.2704045013526354
1 0.2348501603282914 0.6764947007479053 0.1250374031980126 0.27643632535009016
7 0.12081947658507008 0.6696987133990879 0.11399990924813697 0.2591215560152721
3 0.040625 0.67265625 0.08125 0.2890625
3 0.028125 0.678125 0.05625 0.26875
1 0.66171875 0.55625 0.2421875 0.5125
1 0.878125 0.53984375 0.24375 0.4796875
10 0.5046875 0.56015625 0.109375 0.5171875
4 0.50625 0.578125 0.1125 0.55625
0 0.5613803231906657 0.7553180400620426 0.080496541958086 0.13998974801081765