9 0.140625 0.071875 0.159375 0.14375
7 0.2703125 0.084375 0.153125 0.16875
0 0.30520826952953434 0.17012358282500042 0.030960494985435006 0.04444098423243048
9 0.4 0.11015625 0.1625 0.2203125
4 0.49375 0.125 0.071875 0.25
0 0.8859375 0.47265625 0.078125 0.0921875
1 0.946875 0.359375 0.10625 0.31875
3 0.8497896806540208 0.333113238885174 0.2049054264973858 0.3342334488975697
6 0.722908931907662 0.31922996399954895 0.2015363855894435 0.37943684612402784
2 0.0890625 0.67109375 0.178125 0.3046875
1 0.48515625 0.71796875 0.0890625 0.3984375
1 0.3875 0.7 0.221875 0.3625
5 0.2125 0.68203125 0.234375 0.3265625
0 0.43487303747622297 0.8375091449453477 0.08943823620994636 0.12231271751493064
5 0.9265625 0.7984375 0.146875 0.359375