9 0.34296875 0.071875 0.1578125 0.14375
4 0.49921875 0.34296875 0.0984375 0.2515625
7 0.596875 0.3140625 0.19375 0.309375
0 0.71640625 0.4515625 0.0671875 0.034375
1 0.765625 0.2890625 0.196875 0.359375
1 0.9125 0.2390625 0.175 0.371875
6 0.4171875 0.63984375 0.065625 0.2515625
5 0.3637155037124332 0.6726679925446597 0.14367831888905727 0.26038723370266403
3 0.5171875 0.7625 0.134375 0.475
3 0.5703125 0.68203125 0.240625 0.4265625
0 0.6876701124182771 0.78396187905854 0.07561814441741391 0.10843227711788864
1 0.75546875 0.65 0.3046875 0.3625
1 0.5234375 0.709375 0.146875 0.48125