0 0.8775763859619914 0.32578125 0.021185253246410872 0.05
6 0.762411081984232 0.2546875 0.09077282467404083 0.1875
8 0.98203125 0.25078125 0.0359375 0.1953125
8 0.8444696055231823 0.253125 0.06401940990138844 0.1765625
9 0.9225400584452818 0.25625 0.0861398717519414 0.190625
2 0.1582417792242885 0.70625 0.08065353084255093 0.234375
8 0.23869689245481335 0.70703125 0.09660581330995513 0.253125
7 0.31907018506848706 0.7125 0.09636035145940199 0.2390625
0 0.36921446104306943 0.79375 0.03234094155801355 0.0625
1 0.4138468969190402 0.6984375 0.09304443668674978 0.228125
1 0.4984375 0.70234375 0.08125 0.2328125
9 0.56796875 0.48203125 0.0578125 0.2453125
7 0.60234375 0.47734375 0.1109375 0.2359375
0 0.6702548096630977 0.58671875 0.025709112012708958 0.040625
9 0.7359375 0.4828125 0.115625 0.246875
4 0.87578125 0.475 0.1140625 0.23125