0 0.46953125 0.2203125 0.0390625 0.046875
10 0.42313312925686714 0.16634732725973062 0.09117153469127164 0.18228633601209038
6 0.4640625 0.13671875 0.05 0.1953125
3 0.2766666619191855 0.2000785319462297 0.12094994135899881 0.1904442813494537
1 0.35801665925368553 0.1905393526018666 0.10210903469127146 0.18241360534690845
6 0.52734375 0.290625 0.0765625 0.31875
6 0.525 0.2734375 0.071875 0.28125
7 0.54140625 0.253125 0.1046875 0.309375
4 0.6207893792568672 0.23318029125559453 0.13893742003499837 0.2593942760184536
5 0.7131223299252307 0.21960759257641324 0.1326328760343621 0.254634050684272
0 0.6820621392425497 0.33792178791377675 0.03344884667409058 0.05506930800445424
3 0.03984375 0.628125 0.0796875 0.15625
3 0.03984375 0.63046875 0.0796875 0.1609375
1 0.0921875 0.62734375 0.165625 0.1546875
0 0.1796875 0.584375 0.05625 0.06875
2 0.259375 0.62421875 0.109375 0.1484375
4 0.7359375 0.64609375 0.159375 0.1921875
0 0.9007597846117298 0.6822899532543218 0.05252611067790873 0.08341248400699967
1 0.8375 0.64140625 0.146875 0.1828125
1 0.93046875 0.6390625 0.1390625 0.178125