2 0.2782815438347851 0.12124113182851977 0.02814436525911974 0.09139788981258565
7 0.31015625 0.1171875 0.0390625 0.103125
8 0.5991628340128269 0.20670961889639602 0.16767406412073402 0.3906203029821361
3 0.7402651209444578 0.18345763849243735 0.17170699918592583 0.35325669530200426
0 0.8137826672115797 0.31535014766363734 0.05772277110331832 0.08601170783841638
1 0.9 0.1640625 0.19375 0.328125
1 0.97421875 0.1625 0.0515625 0.325
2 0.1734375 0.67421875 0.153125 0.3109375
10 0.27265625 0.67421875 0.1140625 0.3109375
2 0.6765625 0.89453125 0.08125 0.2109375
2 0.8633656558474939 0.8754525733696003 0.08547739853730274 0.2445516335443795
7 0.75234375 0.884375 0.1171875 0.23125
0 0.91171875 0.96015625 0.0390625 0.0796875
1 0.946875 0.865625 0.10625 0.240625