2 0.025669704034893215 0.14217230181883922 0.01770565046753809 0.08916249394987581
7 0.062388454034893306 0.14195867838046822 0.034947692622015934 0.09863748789975162
2 0.12026913172799034 0.15334108509452235 0.019349963699254857 0.10323408430895534
0 0.13141116480728182 0.18843370258096498 0.011046584308955332 0.018813632513557367
1 0.15543447208707004 0.154699052015231 0.035047686571891744 0.11582498789975162
2 0.21088049618937096 0.15047009426790456 0.019377234776493602 0.10792158430895533
2 0.8386100655694075 0.3861434529737485 0.09227035499341092 0.2833397408266178
0 0.6330554780389983 0.506874630372258 0.03319429508134384 0.0658158975406721
9 0.45040153844204456 0.40090240720503345 0.1280896803253757 0.2632363190854489
1 0.6980168818261863 0.39243033529091403 0.12033172247985355 0.27256586729005094
1 0.5761555173648057 0.3954831332991242 0.10470672247985355 0.27247496369925484
1 0.03203125 0.67578125 0.0640625 0.1921875
3 0.12734375 0.67578125 0.0828125 0.1921875
10 0.23125 0.67578125 0.0875 0.1921875
4 0.30546875 0.67265625 0.0265625 0.1859375
1 0.534375 0.7421875 0.15 0.325
1 0.8067560775714601 0.7310610432346322 0.1282533067888089 0.2913613190854491
5 0.67265625 0.7359375 0.1265625 0.3125
5 0.3828125 0.74140625 0.128125 0.3234375
0 0.721513990041051 0.8510922629840112 0.03810905405833438 0.10490566861791066
2 0.95859375 0.74296875 0.0828125 0.3265625