9 0.0453125 0.17734375 0.090625 0.3546875
7 0.08359375 0.175 0.1609375 0.35
0 0.17924643606776963 0.31814013658979123 0.035102253341817755 0.0633000870059723
6 0.25234375 0.1734375 0.1484375 0.346875
3 0.4109375 0.16953125 0.171875 0.3390625
5 0.62109375 0.40390625 0.1234375 0.2703125
1 0.6328125 0.3875 0.146875 0.303125
1 0.7703125 0.37734375 0.225 0.3234375
1 0.91875 0.36015625 0.1625 0.3578125
1 0.046875 0.87265625 0.09375 0.2546875
1 0.04765625 0.86484375 0.0953125 0.2703125
1 0.28984375 0.85 0.1890625 0.3
8 0.17578125 0.8453125 0.1828125 0.309375
9 0.07578125 0.84921875 0.1515625 0.3015625
2 0.425 0.84453125 0.14375 0.3109375
4 0.51484375 0.96484375 0.0890625 0.0703125
6 0.8549453227243611 0.7892014382609025 0.14934875604708875 0.3502571859797918
9 0.96875 0.75703125 0.0625 0.3078125