7 0.3390625 0.053125 0.071875 0.10625
7 0.42421875 0.0546875 0.0734375 0.109375
0 0.4734375 0.08721048458201981 0.01875 0.03001478246740419
1 0.5125 0.04921875 0.078125 0.0984375
1 0.58203125 0.053125 0.0546875 0.10625
1 0.81875 0.37269756574888235 0.0921875 0.22035913879807004
1 0.90546875 0.3633713843371385 0.084375 0.2108477711033184
3 0.97578125 0.353125 0.0484375 0.2125
6 0.1234375 0.89375 0.090625 0.2125
10 0.20703125 0.89921875 0.0796875 0.2015625
1 0.284375 0.89609375 0.0875 0.2078125
2 0.3921875 0.89453125 0.04375 0.2109375
0 0.409375 0.9875 0.0125 0.025
2 0.465625 0.8894882305248301 0.0359375 0.20375229139585788
2 0.0046875 0.8671875 0.009375 0.109375
9 0.0140625 0.8765625 0.028125 0.1375
5 0.65703125 0.865625 0.0953125 0.26875
2 0.63828125 0.85625 0.0578125 0.2875
6 0.6671875 0.85234375 0.115625 0.2953125
0 0.728125 0.98203125 0.053125 0.0359375
1 0.8078125 0.85078125 0.1625 0.2984375
1 0.9390625 0.8375 0.121875 0.325