5 0.16171875 0.10390625 0.1265625 0.2078125
8 0.05078125 0.0921875 0.1015625 0.184375
4 0.03203125 0.09140625 0.0640625 0.1828125
7 0.2828125 0.12265625 0.14375 0.2453125
0 0.084375 0.17135036357761776 0.0578125 0.08002384328594588
9 0.5609375 0.3609375 0.125 0.178125
7 0.69375 0.37265625 0.11875 0.1546875
9 0.825 0.38125 0.125 0.1375
4 0.95078125 0.390625 0.0984375 0.11875
8 0.028125 0.71328125 0.05625 0.2578125
1 0.02890625 0.753125 0.0578125 0.278125
0 0.0109375 0.8421875 0.021875 0.05625
1 0.071875 0.756788414709086 0.13125 0.27420109016268784
2 0.21640625 0.7779417729239506 0.1125 0.2553420058537325
6 0.71015625 0.571875 0.0984375 0.24375
6 0.8234375 0.5887105804001306 0.0953125 0.2396170119038567
1 0.92734375 0.6127525892789251 0.103125 0.24434996369925485
0 0.853125 0.6920082972226433 0.025 0.05170794574527378