5 0.0390625 0.11640625 0.078125 0.2203125
8 0.12624248603536586 0.13431786769145643 0.1078026094333124 0.22518300649282175
1 0.2140053808632228 0.15070257264215065 0.12331848202865067 0.222330741882325
3 0.31970974383991424 0.16818217329077373 0.12030260943331239 0.22540119480442442
0 0.1449255094490109 0.2261059472367611 0.019895837748947896 0.03313978246740419
0 0.8774379090861911 0.3180031209378673 0.04544147477225664 0.049201159090609535
10 0.8549205575422452 0.24647299431466188 0.09700895317271012 0.18439436525911965
6 0.9260143075422451 0.24771394033690228 0.10525796279135698 0.19703073295387127
3 0.7090277041842004 0.2157842816533299 0.12853177168436442 0.19275233603812653
1 0.7863342486492376 0.2405854586008469 0.10794645317271012 0.18458528003177205
1 0.97109375 0.26953125 0.0578125 0.1765625
0 0.196875 0.57578125 0.04375 0.0328125
1 0.265625 0.6109375 0.128125 0.103125
1 0.34140625 0.61640625 0.1296875 0.1140625
9 0.17734375 0.61796875 0.1265625 0.1171875
6 0.090625 0.61640625 0.125 0.1140625
1 0.9076685900263826 0.7746798149315129 0.10336808057737183 0.18762845941492118
7 0.9609375 0.790625 0.078125 0.203125
8 0.8450421044543528 0.7548252366040241 0.1153422909216582 0.21750687418757336