2 0.1812257114597596 0.18703571304961839 0.036746541958086 0.1398989545971528
8 0.2351546873574586 0.18438414494534766 0.0461033612399266 0.13699216014423604
5 0.2913865066392994 0.18881837822784764 0.044513590162687855 0.13226829255305556
0 0.32465754889197296 0.2450690314382296 0.014207945745273953 0.02532730832062491
1 0.35861491325515776 0.18335093464861157 0.049255632317165524 0.1417523953265974
2 0.4297132084346975 0.18422441004732698 0.036682909444528636 0.12896145459715277
4 0.53671875 0.34453125 0.1140625 0.2890625
7 0.52109375 0.35078125 0.0828125 0.2765625
10 0.67578125 0.33203125 0.1453125 0.3140625
0 0.60078125 0.4765625 0.0515625 0.025
8 0.82421875 0.321875 0.1328125 0.334375
0 0.08125 0.94921875 0.065625 0.1015625
1 0.1640625 0.78125 0.178125 0.4375
1 0.3312029855620605 0.769582641429966 0.18522144515609879 0.41831750816812524
7 0.0515625 0.78671875 0.103125 0.4265625
2 0.03671875 0.79296875 0.0734375 0.4140625
10 0.04609375 0.79453125 0.0921875 0.4109375
6 0.53984375 0.56484375 0.1203125 0.1515625
5 0.65546875 0.55859375 0.1078125 0.1390625
0 0.7125 0.5203125 0.040625 0.0625
1 0.765625 0.55703125 0.121875 0.1359375
1 0.875 0.55 0.11875 0.121875