3 0.02890625 0.3171875 0.0578125 0.284375
3 0.04765625 0.32109375 0.0953125 0.3015625
4 0.16715724638576274 0.3327051322242312 0.10635103571156997 0.2889835951437195
0 0.19843958352338847 0.4734354323033735 0.02214771077238851 0.047511497492717505
1 0.2796799722834617 0.33988479790106424 0.11732489714788841 0.2955518438900784
2 0.4305248547970191 0.3552095841901529 0.07516466822512732 0.2990118130112661
0 0.9248162520431034 0.344386778305023 0.05053633118569749 0.09364235141192587
7 0.9671875 0.25703125 0.065625 0.2953125
4 0.8827509510098313 0.2299007294795219 0.14555898145684393 0.3151201978092866
5 0.7646867522394951 0.21006193942950943 0.15165444535249045 0.28873955423577746
1 0.49453125 0.928125 0.1296875 0.14375
3 0.36484375 0.91796875 0.1671875 0.1640625
6 0.2375 0.90546875 0.159375 0.1890625
6 0.82734375 0.871875 0.1296875 0.25625
9 0.9390625 0.8796875 0.115625 0.240625
0 0.9765625 0.98203125 0.0375 0.0359375