3 0.26015625 0.29375 0.1515625 0.23125
3 0.38046875 0.26640625 0.1671875 0.2859375
4 0.5113695170428333 0.23427708957351268 0.14095583116686256 0.28829086123992675
0 0.5875 0.353125 0.025 0.046875
1 0.56953125 0.19765625 0.0609375 0.2984375
1 0.63515625 0.13046875 0.0703125 0.2609375
9 0.6453125 0.11796875 0.090625 0.2359375
8 0.715625 0.09921875 0.128125 0.1984375
3 0.80546875 0.0953125 0.1453125 0.190625
5 0.9015625 0.07734375 0.13125 0.1546875
4 0.9609375 0.075 0.078125 0.15
0 0.9744889001588606 0.1400463423039872 0.019240923701106284 0.028234084308955333
6 0.06796875 0.66640625 0.1359375 0.4390625
3 0.17827241923358397 0.6423117824901162 0.2590354496723931 0.42958854781181854
5 0.3421875 0.61015625 0.2625 0.4015625
0 0.45230598295057617 0.7228043001495095 0.07542846834337488 0.11448974687674199
10 0.49140625 0.58828125 0.2171875 0.3578125
8 0.63671875 0.5125 0.0734375 0.20625
7 0.64296875 0.51015625 0.0859375 0.2015625
1 0.7375 0.50078125 0.16875 0.1828125
1 0.871875 0.490625 0.16875 0.1625
0 0.6953741444768176 0.5607395956236368 0.033685253246410876 0.050190897540672096