2 0.015625 0.1921875 0.03125 0.14375
2 0.0359375 0.18473534261618418 0.046875 0.1208579400063634
6 0.0796875 0.17719501527691167 0.0640625 0.1491829346753633
0 0.12265625 0.23060127860441196 0.01875 0.028343176002545257
1 0.14140625 0.1702268526018666 0.0671875 0.13828179734245422
1 0.196875 0.16176891526100334 0.0625 0.14135225334181775
5 0.73125 0.1433654552832751 0.1109375 0.24660337468172672
3 0.83515625 0.121875 0.1109375 0.24375
0 0.9015625 0.21950868992682154 0.05 0.07401930267345413
1 0.9421875 0.1140625 0.115625 0.228125
5 0.315625 0.6875 0.225 0.175
2 0.5484375 0.865625 0.078125 0.26875
8 0.646875 0.842220031269912 0.109375 0.2622101933481812
6 0.7515625 0.8152206319223673 0.10625 0.24342383068109025
0 0.81953125 0.9183359939131404 0.025 0.047165901336727246
1 0.859375 0.8006848699077315 0.1171875 0.24198860001590833
1 0.9515625 0.77578125 0.096875 0.2484375