2 0.01484375 0.0359375 0.0296875 0.071875
2 0.0109375 0.0296875 0.021875 0.059375
6 0.015625 0.0375 0.03125 0.075
0 0.017941421259062108 0.015335214173129686 0.017842116641249996 0.02862510517284953
1 0.0546875 0.034375 0.065625 0.06875
1 0.10859375 0.03515625 0.0609375 0.0703125
5 0.55859375 0.040625 0.0765625 0.08125
7 0.63125 0.0453125 0.084375 0.090625
5 0.71484375 0.03984375 0.0734375 0.0796875
6 0.7875 0.0421875 0.075 0.084375
0 0.65859375 0.00859375 0.0203125 0.0171875
5 0.115625 0.6203125 0.23125 0.421875
1 0.28203125 0.615625 0.2140625 0.4125
0 0.3484375 0.771875 0.08125 0.109375
0 0.7135981069545135 0.5104167304704657 0.05152743882958326 0.06707985141192588
1 0.79765625 0.4859375 0.1671875 0.153125
3 0.92421875 0.484375 0.1515625 0.15
7 0.66640625 0.48515625 0.1546875 0.1515625
9 0.55 0.48984375 0.153125 0.1609375
2 0.4640625 0.49140625 0.11875 0.1640625