0 0.16792800859327608 0.4572588513454187 0.044549978675999566 0.070022994985435
8 0.0328125 0.3328125 0.065625 0.340625
1 0.09591774327659355 0.3324657883341528 0.12383967870781624 0.3066257362099464
1 0.21870126261141162 0.32509722070403324 0.1361942280394528 0.2944894490629279
1 0.3321188726130025 0.31667461843417766 0.10950445870463454 0.28277905925034225
4 0.4484375 0.38125 0.078125 0.365625
8 0.44609375 0.3578125 0.0734375 0.325
7 0.5475160586012302 0.3480346155311837 0.1319067173774524 0.32872805674305994
1 0.6890768499363665 0.3388678671805364 0.15688853604390704 0.3278929824490227
2 0.8470257099379573 0.33174099194942724 0.09869422803945298 0.2933983105039836
0 0.6140393925843675 0.47423105416927036 0.04949201734563573 0.09203438730530315
3 0.04921875 0.853125 0.0984375 0.228125
1 0.0421875 0.8515625 0.084375 0.225
9 0.07890625 0.83984375 0.1484375 0.2015625
0 0.16015625 0.76953125 0.0734375 0.0609375
1 0.271875 0.85078125 0.19375 0.2234375
8 0.51640625 0.93125 0.2140625 0.1375
8 0.7359375 0.94140625 0.209375 0.1171875