1 0.13203125 0.05859375 0.1234375 0.1171875
2 0.23203125 0.059375 0.0921875 0.11875
6 0.04375 0.05859375 0.0875 0.1171875
9 0.02890625 0.0640625 0.0578125 0.128125
0 0.0939740844405211 0.08151282859363729 0.045168336056041626 0.06246528366526398
5 0.76640625 0.08984375 0.1609375 0.1796875
3 0.91640625 0.08515625 0.1578125 0.1703125
0 0.9859375 0.08125 0.028125 0.103125
10 0.1120389791015283 0.7004067054501448 0.17195426728618077 0.34479168874473987
5 0.25989459764263934 0.6702231537287135 0.1575280913743752 0.3286756154237622
0 0.34249150493708386 0.7924404049098399 0.0633377610179167 0.1052529843909035
1 0.38984375 0.66875 0.1578125 0.3375
2 0.51875 0.65234375 0.1 0.3046875
9 0.5765625 0.64765625 0.215625 0.2953125
1 0.8 0.6484375 0.275 0.296875
1 0.93984375 0.6484375 0.1203125 0.296875
0 0.7012300720914242 0.6860292030030741 0.10440047853284735 0.19255457694917483