1 0.35234375 0.06015625 0.1421875 0.1203125
2 0.4515625 0.06015625 0.1125 0.1203125
6 0.25234375 0.05859375 0.1296875 0.1171875
9 0.15625 0.06328125 0.1375 0.1265625
0 0.3171875 0.02578125 0.05 0.0515625
6 0.8515625 0.1046875 0.165625 0.209375
3 0.9515625 0.08671875 0.096875 0.1734375
2 0.04296875 0.88515625 0.0859375 0.2296875
8 0.059375 0.86171875 0.11875 0.2765625
6 0.17109375 0.853125 0.2234375 0.29375
0 0.28203125 0.990625 0.0734375 0.01875
1 0.3359375 0.82421875 0.23125 0.3515625
1 0.51328125 0.80703125 0.2546875 0.3859375
7 0.83984375 0.8046875 0.2078125 0.390625
4 0.9703125 0.77421875 0.059375 0.3890625