2 0.24296875 0.13671875 0.0984375 0.2734375
10 0.309375 0.140625 0.059375 0.28125
1 0.7484375 0.146875 0.215625 0.29375
2 0.95 0.140625 0.1 0.28125
5 0.55078125 0.14609375 0.1953125 0.2921875
7 0.4140625 0.1515625 0.15 0.303125
0 0.6404308394042388 0.2507444268930971 0.06760870031656907 0.12373902837152997
6 0.13125 0.70078125 0.228125 0.3015625
5 0.30078125 0.696875 0.0765625 0.29375
2 0.38125 0.87265625 0.078125 0.2546875
9 0.509375 0.8765625 0.15 0.246875
7 0.678125 0.8765625 0.13125 0.246875
1 0.8390625 0.884375 0.1625 0.23125
1 0.96328125 0.878125 0.0734375 0.24375