2 0.17669448126195783 0.3489198509497074 0.125184002705271 0.2879212003165691
10 0.27603140993000325 0.3416505717202476 0.15501695337363444 0.30128501834239996
6 0.38248140459900315 0.32755463097058996 0.15332718403881634 0.29030205423577743
0 0.46094166458468555 0.4353420504083466 0.05412497334499946 0.0874832796251713
1 0.46640625 0.325 0.0859375 0.303125
5 0.74296875 0.146875 0.2203125 0.29375
4 0.89140625 0.1359375 0.1796875 0.271875
0 0.96796875 0.20546875 0.0640625 0.1109375
1 0.04375 0.87109375 0.0875 0.2421875
1 0.13372682594686608 0.8569536598043384 0.10732379336408951 0.22960859514371953
3 0.2322279606142752 0.8543491485215672 0.10737833736472595 0.23429609514371957
10 0.32612341128263866 0.844576994918928 0.10577947469763486 0.231125631037097
3 0.4137506806174568 0.8361854848897983 0.10111015603118041 0.23255173871722884
5 0.478125 0.8234375 0.0625 0.215625
2 0.575 0.7109375 0.13125 0.321875
4 0.6765625 0.71953125 0.2125 0.3390625
6 0.82734375 0.70234375 0.1953125 0.3046875
0 0.9128950632559126 0.7939070566765529 0.06985906134627218 0.09731292069139794
1 0.93671875 0.69609375 0.1265625 0.2921875