0 0.512731645408951 0.23414356874599634 0.07763519867918127 0.09307838534372674
1 0.5546875 0.128125 0.1875 0.25625
1 0.6328125 0.115625 0.1125 0.23125
3 0.41796875 0.14453125 0.2046875 0.2890625
6 0.30078125 0.16953125 0.2015625 0.3390625
4 0.7390625 0.23046875 0.1 0.2171875
6 0.7375 0.21640625 0.096875 0.2453125
0 0.70625 0.31875 0.034375 0.040625
1 0.7375 0.2 0.096875 0.278125
2 0.7982498800524975 0.16770259810626786 0.1645555853755436 0.31281017735518085
0 0.3967606527291335 0.5835526754057694 0.033321577339272504 0.044131808004454244
1 0.41248510272117933 0.5251498294079966 0.08128745735199913 0.13842724801081766
1 0.470143061386043 0.512541288749178 0.0956772213558171 0.16671588001272664
4 0.35727998205758826 0.5471606420671333 0.08928177068745366 0.15414315467854484
0 0.70234375 0.84375 0.0265625 0.075
8 0.73671875 0.7609375 0.0953125 0.35
1 0.7328125 0.7359375 0.0875 0.315625
1 0.7453125 0.703125 0.1125 0.30625
1 0.8174993193825433 0.6717077507558595 0.1596317280394528 0.2924431333545445