1 0.17421875 0.05625 0.0609375 0.1125
7 0.0484375 0.040625 0.059375 0.08125
2 0.11640625 0.04765625 0.0390625 0.0953125
2 0.25 0.05 0.05 0.1
0 0.1413978643601393 0.07879974107484156 0.016643292553055567 0.04402273538950343
5 0.528125 0.1640625 0.05625 0.171875
1 0.56328125 0.16328125 0.1078125 0.1734375
1 0.68984375 0.15703125 0.1109375 0.1859375
1 0.8125 0.159375 0.121875 0.18125
3 0.0359375 0.43671875 0.071875 0.3140625
2 0.02734375 0.43359375 0.0546875 0.3390625
6 0.06015625 0.44296875 0.1203125 0.3265625
0 0.1225394147969796 0.5606070742735942 0.054797909194305564 0.07280230032431163
8 0.21368913202756978 0.4472519119365739 0.1283133700597226 0.3458500624991762
1 0.8972108000555906 0.5475888770335378 0.16839416261277798 0.3902819009729347
6 0.7110187269173267 0.5398969281686282 0.181476044071667 0.4155000892845374
3 0.56015625 0.5328125 0.1203125 0.41875
0 0.7918719494662505 0.6893281379905865 0.05588893692972228 0.11967730032431163