3 0.471875 0.27109375 0.134375 0.4765625
3 0.29609375 0.26171875 0.2765625 0.4953125
7 0.8453125 0.38359375 0.221875 0.2515625
10 0.6625 0.378125 0.234375 0.2625
2 0.575 0.3578125 0.071875 0.303125
6 0.05703125 0.834375 0.1140625 0.33125
10 0.209375 0.840625 0.1375 0.31875
0 0.26484375 0.98203125 0.0546875 0.0359375
1 0.3640625 0.846875 0.1625 0.30625
1 0.496875 0.85078125 0.084375 0.2984375
7 0.57578125 0.7125 0.0734375 0.334375
9 0.58828125 0.725 0.0984375 0.328125
0 0.6347533655311837 0.8724821152558244 0.04813127461060631 0.09766593262956
1 0.7297439536152744 0.7289014849791711 0.16032035220334856 0.3573057597392326
1 0.8718177933487177 0.727477127023652 0.1502179264973858 0.33214211850553055