1 0.5375 0.1015625 0.184375 0.203125
3 0.37734375 0.10859375 0.2203125 0.2171875
3 0.1953125 0.11171875 0.25 0.2234375
7 0.6578125 0.3390625 0.05625 0.2
7 0.65703125 0.3296875 0.0546875 0.225
0 0.64296875 0.40625 0.0265625 0.053125
1 0.68671875 0.321875 0.1140625 0.2125
5 0.775458023423472 0.30905035147736937 0.11077969028743925 0.20998405405833437
1 0.390625 0.54453125 0.146875 0.1296875
1 0.496875 0.5421875 0.14375 0.125
3 0.275 0.54765625 0.13125 0.1359375
2 0.1828125 0.5625 0.128125 0.165625
2 0.07421875 0.57734375 0.1203125 0.1953125
2 0.8299576553184987 0.6420441377781146 0.06857546991261039 0.2628545240041051
7 0.8881338681714801 0.6298804810640604 0.13515521615168674 0.2960488190854491
5 0.96796875 0.61875 0.0640625 0.265625