3 0.15805659294128063 0.14685093731097193 0.08248876623205437 0.25181837955902786
4 0.28693556940233034 0.14541311103857604 0.06691831330995512 0.25457970364722227
9 0.38615431940233036 0.14310376899861071 0.07629331330995512 0.25479790919430556
0 0.44134460552318233 0.24724510192052032 0.01935001785690744 0.03481141109416672
1 0.48671875 0.14609375 0.0453125 0.2453125
6 0.940625 0.309375 0.11875 0.346875
5 0.8017929561718056 0.3007922484813886 0.13741381980277687 0.35617987765916687
10 0.1171875 0.75234375 0.13125 0.3265625
5 0.2671875 0.74453125 0.11875 0.3109375
0 0.3294195296313255 0.8749174666619093 0.05169095941492117 0.09803876291777769
1 0.4234375 0.7546875 0.1625 0.33125
2 0.51796875 0.7671875 0.0171875 0.275
8 0.605775298299012 0.7556232592149649 0.07160581330995512 0.2546888064207639
6 0.7137105292242885 0.7460826454235064 0.07127853084255094 0.23593880642076392
0 0.7601570608809137 0.8590177500969093 0.017978432629560004 0.04571254350298624
1 0.8214275718379623 0.7490420316320481 0.08216148376465035 0.23306837955902787
1 0.9293218924548133 0.7418451678405896 0.08539557792045152 0.23939111474138902