2 0.20234375 0.08828125 0.1015625 0.1765625
3 0.0578125 0.09296875 0.115625 0.1859375
5 0.2984375 0.08515625 0.128125 0.1703125
1 0.39453125 0.08359375 0.0703125 0.1671875
0 0.3625 0.1397052899835054 0.046875 0.07948892319868044
4 0.48203125 0.31171875 0.1046875 0.4765625
7 0.5109375 0.3125 0.1625 0.475
0 0.6046875 0.5015625 0.06875 0.096875
1 0.70234375 0.3048900207831755 0.2109375 0.488950154394062
1 0.90625 0.28203125 0.1875 0.4515625
5 0.23984375 0.93984375 0.1703125 0.1203125
8 0.36484375 0.93203125 0.1296875 0.1359375
2 0.571875 0.8296875 0.1125 0.340625
8 0.72265625 0.82265625 0.1421875 0.3546875
4 0.9046875 0.81953125 0.159375 0.3609375
0 0.978125 0.98359375 0.04375 0.0328125