2 0.15234375 0.23515625 0.1421875 0.2890625
3 0.05 0.2453125 0.1 0.26875
5 0.24733055971567505 0.22323050526455726 0.16740671037960517 0.3072135780624395
1 0.3265625 0.19921875 0.084375 0.3078125
0 0.32686404449216877 0.331502068398078 0.05672269867214012 0.08157725292686635
0 0.5421875 0.2953125 0.1875 0.16875
1 0.68203125 0.275 0.1953125 0.209375
1 0.8265625 0.259375 0.20625 0.240625
3 0.44140625 0.31015625 0.1453125 0.1390625
3 0.06875 0.609375 0.1375 0.365625
6 0.19013620413308913 0.5774907583878153 0.17543737899751582 0.34475902985783763
6 0.31328125 0.5484375 0.1109375 0.3375
1 0.58359375 0.515625 0.1390625 0.271875
9 0.675 0.503125 0.13125 0.246875
8 0.7671875 0.484375 0.125 0.209375
3 0.85703125 0.48046875 0.1421875 0.2015625
5 0.94453125 0.4625 0.1109375 0.165625