0 0.4559231102539215 0.38785191959986953 0.051909492478152686 0.06591589149054791
1 0.5075802016367174 0.2500746636479411 0.1634620725781774 0.3024624455488822
3 0.62578125 0.23984375 0.1265625 0.2953125
7 0.37656588235724514 0.2695837086310892 0.15243364436493217 0.29927381303532485
9 0.2589464733443297 0.2851092355620605 0.15146217775102694 0.3195772226762452
2 0.1741168322781029 0.3012251149523599 0.11570653417751764 0.3256181444174141
3 0.71796875 0.0625 0.0578125 0.125
10 0.71640625 0.06484375 0.0546875 0.1296875
0 0.6984375 0.0078125 0.015625 0.015625
1 0.746875 0.0640625 0.115625 0.128125
5 0.865625 0.07265625 0.125 0.1453125
1 0.0328125 0.60703125 0.065625 0.2765625
4 0.0296875 0.603125 0.059375 0.26875
6 0.040625 0.590625 0.08125 0.24375
6 0.12421875 0.584375 0.1203125 0.23125
7 0.21875 0.58046875 0.121875 0.2234375
8 0.3203125 0.57265625 0.109375 0.2078125
0 0.2828683919906636 0.6684797508837628 0.013318353919208192 0.028197722872636888
1 0.88671875 0.6046875 0.2265625 0.271875
5 0.74921875 0.6140625 0.1203125 0.290625
7 0.759375 0.63046875 0.140625 0.3234375
0 0.7989791252976162 0.705739377249 0.0770746285298145 0.12542724687674198