2 0.025 0.49921875 0.05 0.2203125
2 0.046875 0.453125 0.09375 0.246875
7 0.03359375 0.484375 0.0671875 0.25
0 0.0983354225267357 0.5334389805149442 0.04578519867214013 0.08204093262956
1 0.1286001603282914 0.4347384277550006 0.1373555960164204 0.24612279788867966
1 0.22412173858712264 0.4004646136309713 0.12797150565734067 0.24439665665497756
0 0.900765530937992 0.2182622195578956 0.04727497579950324 0.06956820616851012
1 0.93203125 0.1328125 0.1359375 0.265625
7 0.82578125 0.13046875 0.1390625 0.2609375
3 0.72421875 0.14453125 0.1578125 0.2890625
3 0.6159228983262389 0.15937854869945847 0.14065331283893306 0.27586484496658026
6 0.0734375 0.8046875 0.146875 0.390625
1 0.2171875 0.8046875 0.265625 0.390625
0 0.33046875 0.96015625 0.0390625 0.0796875
7 0.42734375 0.86875 0.1546875 0.2625
7 0.465625 0.8484375 0.23125 0.303125
1 0.66484375 0.834375 0.2578125 0.33125
2 0.875 0.8109375 0.2125 0.378125