2 0.11015625 0.5006052432765935 0.0515625 0.24278748400699968
2 0.29921875 0.47418655191759473 0.05625 0.23815452800763595
7 0.18828125 0.48797742659932125 0.0875 0.241643154678545
0 0.33984375 0.5627763372454131 0.0296875 0.07847044533736351
1 0.38984375 0.4707882845719589 0.090625 0.23074201734563574
1 0.47421875 0.45390625 0.0515625 0.2328125
2 0.8734375 0.36759910256209577 0.090625 0.28386701734563574
0 0.6671875 0.48953028859009445 0.0328125 0.06600680800445424
9 0.53125 0.38359375 0.0625 0.2640625
1 0.7328125 0.3747041725811858 0.11875 0.2732567813494537
1 0.6109375 0.3784660665977304 0.103125 0.27307496801399933
0 0.203125 0.7582791939051863 0.040625 0.08172271467218159
5 0.03828125 0.7296875 0.0765625 0.18125
1 0.115625 0.72890625 0.1375 0.1796875
1 0.2921875 0.7359375 0.13125 0.19375
1 0.43359375 0.734375 0.1328125 0.190625
5 0.7953125 0.7546875 0.1375 0.23125
6 0.93359375 0.7578125 0.1109375 0.2375
0 0.98671875 0.825 0.0265625 0.10625