3 0.03125 0.06015625 0.0625 0.1203125
2 0.1078125 0.05234375 0.0625 0.1046875
9 0.16796875 0.05625 0.0921875 0.1125
0 0.2233728257247484 0.09080133991091319 0.012636355386194254 0.023582950668363533
1 0.24765625 0.0515625 0.0859375 0.103125
2 0.8796875 0.07265625 0.134375 0.1453125
1 0.7328125 0.09375 0.165625 0.1875
4 0.6 0.1171875 0.15625 0.234375
5 0.45234375 0.12265625 0.1921875 0.2453125
0 0.02265625 0.70625 0.0453125 0.1
1 0.0921875 0.6796875 0.184375 0.2
1 0.21328125 0.69375 0.1921875 0.228125
9 0.0609375 0.68359375 0.121875 0.2078125
3 0.06015625 0.696875 0.1203125 0.234375
8 0.37265625 0.90703125 0.1265625 0.1859375
1 0.46015625 0.90390625 0.1609375 0.1921875
1 0.58046875 0.89296875 0.1734375 0.2140625
1 0.69140625 0.88125 0.1453125 0.2375