3 0.06953125 0.04453125 0.0890625 0.0890625
2 0.1625 0.04375 0.05625 0.0875
9 0.21796875 0.0453125 0.0859375 0.090625
0 0.25050415503012446 0.040625 0.011346603084255235 0.0234375
1 0.29609375 0.04296875 0.0796875 0.0859375
1 0.37265625 0.04609375 0.0921875 0.0921875
3 0.4765625 0.26171875 0.115625 0.4296875
10 0.5911172926103785 0.30390625 0.2105706761334428 0.4265625
8 0.7509695795420095 0.33125 0.1633683936660386 0.4078125
0 0.7971878348170153 0.47265625 0.06591710064862308 0.10625
1 0.90390625 0.3453125 0.1921875 0.39375
8 0.05234375 0.81953125 0.1046875 0.3609375
8 0.109375 0.82109375 0.190625 0.3578125
8 0.2703125 0.84375 0.1875 0.3125
7 0.36796875 0.86953125 0.1015625 0.2609375
0 0.15 0.97734375 0.084375 0.0453125
0 0.66015625 0.64921875 0.0296875 0.0203125
1 0.696875 0.67265625 0.06875 0.0671875
1 0.75390625 0.6796875 0.0828125 0.08125
4 0.63671875 0.6765625 0.0765625 0.075