6 0.23671875 0.378125 0.1328125 0.259375
9 0.3484375 0.36171875 0.11875 0.2625
0 0.409375 0.4484375 0.0375 0.0546875
1 0.41484375 0.3515625 0.0296875 0.271875
3 0.48515625 0.22890625 0.1109375 0.4578125
3 0.72890625 0.1875 0.2171875 0.375
0 0.84453125 0.28828125 0.0671875 0.103125
1 0.9 0.16796875 0.2 0.3359375
1 0.55 0.20234375 0.240625 0.4046875
5 0.0828125 0.70078125 0.165625 0.1640625
9 0.22109375 0.70078125 0.1640625 0.1640625
6 0.3359375 0.70078125 0.14375 0.1640625
0 0.4109375 0.646875 0.0375 0.05625
7 0.8359375 0.69296875 0.0875 0.1484375
7 0.91015625 0.7015625 0.0828125 0.165625
7 0.9734375 0.69375 0.053125 0.15
0 0.95859375 0.74921875 0.040625 0.0734375