6 0.10559218793763928 0.29402541396097337 0.11073969470081657 0.254699523356965
9 0.21814673193827563 0.29261132963780645 0.09516923870145284 0.2589323822907382
0 0.26863653325909437 0.38629914515635494 0.03341248400699968 0.052517246239076346
1 0.3345257099379574 0.29834215558119614 0.1046351453691802 0.2670176669304743
2 0.46796875 0.29375 0.0828125 0.246875
6 0.596875 0.38671875 0.175 0.4703125
5 0.8040473219287305 0.39213865353613214 0.17238736139399718 0.4517396594086268
0 0.9087968145687771 0.5913466948397857 0.07334768801718106 0.12865384890464338
1 0.965625 0.41953125 0.06875 0.4921875
2 0.38984375 0.90859375 0.1484375 0.1828125
1 0.1546875 0.9125 0.1875 0.175