7 0.1381163947606435 0.426551846998379 0.10258675705962901 0.2505545119038567
1 0.24877274993349302 0.443098476683266 0.09744461599340219 0.2349022408266178
1 0.36420753331958783 0.46274283529091403 0.10557536473976085 0.24588519262201594
0 0.29742686177026006 0.557678606269957 0.01818771034569906 0.03447499394987581
0 0.8043551602000496 0.29371155504029306 0.026182066772189573 0.040770445745273776
1 0.8356673446815013 0.24195815749962107 0.060068984956305194 0.13157725292686617
1 0.8943974870013692 0.24630476903413542 0.07177937476889085 0.15820338544042353
4 0.7764514690546805 0.24777234114464655 0.06677362602253219 0.1472386143631846
4 0.11796875 0.68828125 0.0734375 0.1390625
9 0.21328125 0.69921875 0.0984375 0.1609375
0 0.2603012833195878 0.7754200972929666 0.018369566772189573 0.04072499394987581
1 0.325 0.7109375 0.103125 0.184375
1 0.41796875 0.70625 0.0640625 0.175
2 0.484375 0.79921875 0.06875 0.3609375
10 0.5859375 0.809375 0.18125 0.38125
4 0.765625 0.809375 0.165625 0.38125
9 0.92109375 0.809375 0.1578125 0.38125
0 0.83515625 0.95546875 0.0796875 0.0890625