7 0.02421875 0.0703125 0.0484375 0.140625
1 0.040625 0.08125 0.08125 0.1625
1 0.12109375 0.096875 0.1015625 0.19375
2 0.23121207592114015 0.11672934941913242 0.07302947560311139 0.19927384134309048
0 0.05750186514875164 0.16158622139558804 0.015797716822512697 0.029869313335454527
3 0.61640625 0.13828125 0.1328125 0.2765625
1 0.73515625 0.140625 0.1484375 0.28125
9 0.8633933168459539 0.155562940722452 0.146930583916172 0.2798158640197264
0 0.9041314254536019 0.27088849606140625 0.05522383118569749 0.09282384667409058
1 0.9546875 0.18671875 0.090625 0.2890625
6 0.0359375 0.809375 0.071875 0.259375
6 0.03515625 0.809375 0.0703125 0.259375
7 0.0703125 0.82421875 0.125 0.2890625
4 0.16378316052468317 0.8305640354073602 0.13431240924813698 0.2593579133513629
5 0.2542854406771083 0.852712302752996 0.12803513817089823 0.2545976880171811
0 0.18339115769601283 0.9518941427434509 0.031568162567786474 0.055051126670908876