1 0.02265625 0.20390625 0.0453125 0.2203125
2 0.09528659537032205 0.20254338393339671 0.07226828652459397 0.2027625357138149
0 0.0078125 0.28828125 0.015625 0.0703125
4 0.0203125 0.20703125 0.040625 0.2484375
5 0.5880428855483639 0.44763729018133713 0.0853683043815014 0.23735572402541774
7 0.6958144752399383 0.44341166599376364 0.08698535145940198 0.24050799756436803
0 0.7585793023496111 0.5470354979747004 0.035793224025417736 0.08185001785690744
7 0.8105627678536121 0.4359383108809137 0.11379331330995512 0.25503414772652383
2 0.95703125 0.434375 0.0859375 0.26875
0 0.33125 0.790625 0.084375 0.24375
1 0.90546875 0.834375 0.1890625 0.33125
3 0.69765625 0.834375 0.2171875 0.33125
3 0.48828125 0.834375 0.2171875 0.33125