6 0.409375 0.09140625 0.1125 0.1828125
3 0.259601044071667 0.090625 0.11043227298576408 0.1796875
0 0.46212728523795177 0.13203125 0.04040810087368065 0.0578125
1 0.33046875 0.08515625 0.1265625 0.1703125
1 0.484375 0.075 0.10625 0.15
1 0.5640625 0.06640625 0.11875 0.1328125
3 0.7890625 0.48671875 0.24375 0.3265625
4 0.91796875 0.47109375 0.1640625 0.3578125
2 0.14921875 0.9265625 0.0984375 0.146875
5 0.24453125 0.915625 0.1578125 0.16875
3 0.37421875 0.8984375 0.1546875 0.203125
1 0.50390625 0.87109375 0.1546875 0.2578125
7 0.59375 0.85859375 0.071875 0.2828125
5 0.7 0.80625 0.140625 0.3125
1 0.69609375 0.77109375 0.1328125 0.2421875
1 0.73046875 0.77265625 0.2015625 0.2453125
1 0.86953125 0.76640625 0.2609375 0.2328125
0 0.65859375 0.80859375 0.0578125 0.1109375