3 0.21285714123699734 0.27972736485416405 0.05568871266133195 0.14718407220870694
1 0.26922987216227384 0.2723688619272978 0.056814836038126516 0.12219316256778665
6 0.33570430600964973 0.268076271666414 0.050783024349729276 0.13465680113146822
0 0.3622434866106147 0.3140109403825207 0.017651150162155814 0.02666249394987581
7 0.39126851339597585 0.2622848139190876 0.05708757142762977 0.13781816256778665
9 0.45298726339597584 0.26192574473544267 0.057169392044480814 0.14250566256778646
1 0.61875 0.40625 0.11875 0.146875
2 0.7359375 0.42109375 0.10625 0.1171875
2 0.82890625 0.4171875 0.0890625 0.125
10 0.91484375 0.40078125 0.1296875 0.1578125
1 0.02890625 0.7125 0.0578125 0.28125
1 0.0296875 0.703125 0.059375 0.271875
1 0.03671875 0.69453125 0.0734375 0.2859375
1 0.2701611266265007 0.6718638261175318 0.09328989853730274 0.2427056504675381
0 0.3097673230557783 0.774747931601922 0.02592730032431163 0.05327044574527377
8 0.35395942816862824 0.6596587419067724 0.09800467207625303 0.24429542154477701
5 0.18804805600964974 0.6770285699692119 0.1072433043815014 0.23653746369925485
4 0.10974577800647252 0.6876393379231927 0.10321036931630942 0.2740101926220159
6 0.6140625 0.78203125 0.109375 0.3421875
3 0.8228400673737355 0.7982854255517978 0.1309729050301245 0.3429147287263694
2 0.951251439532714 0.7811337661072691 0.0940535576279121 0.2864556504675383
2 0.7441383689158629 0.7870257386853184 0.08158083116686257 0.2879454275949012