1 0.48203125 0.11796875 0.0546875 0.2359375
2 0.35078125 0.1140625 0.0953125 0.228125
2 0.23927221381211766 0.13061069232742833 0.12166202013597242 0.26004768657189176
4 0.42578125 0.1171875 0.1140625 0.234375
0 0.4798231722089927 0.20233219798476904 0.048366071238402954 0.0643352107723885
2 0.546875 0.41953125 0.075 0.3390625
4 0.60390625 0.41015625 0.1890625 0.3578125
6 0.746875 0.4078125 0.1875 0.3625
0 0.8265625 0.5421875 0.06875 0.09375
1 0.8907619786297566 0.39989806527481997 0.1837645894745142 0.37758062021691713
1 0.96953125 0.3828125 0.0609375 0.359375
5 0.0515625 0.67421875 0.103125 0.1703125
4 0.1265625 0.67109375 0.175 0.1640625
0 0.18125642600871475 0.6419083032727675 0.0472399823325695 0.08307612041330899
1 0.25546875 0.66953125 0.1828125 0.1609375
2 0.41328125 0.6625 0.1546875 0.146875
1 0.93984375 0.746875 0.1203125 0.315625
10 0.79296875 0.75390625 0.2453125 0.3296875
4 0.60625 0.77734375 0.19375 0.3765625
0 0.9189200801690273 0.8495566559284873 0.08608558320625015 0.14110678903121965