0 0.419003037378279 0.29618082527054834 0.098120074586922 0.2604113360120904
3 0.4625 0.31484375 0.034375 0.2640625
1 0.5698983600662846 0.22828698997454663 0.1710169159640671 0.3799613146880899
1 0.6870139381965857 0.24724498062541098 0.14443456859647236 0.3343579133513629
1 0.8035838793035783 0.25057797127627535 0.14136413229880312 0.33588405068427196
6 0.9091890385594054 0.25325698126195784 0.1343502404661711 0.31393632535009014
4 0.97421875 0.26875 0.0515625 0.30625
4 0.07734375 0.5171875 0.1046875 0.134375
2 0.27734375 0.5203125 0.0546875 0.140625
0 0.3571925181409853 0.5888922998886414 0.01671627404661713 0.03143181333545435
2 0.00625 0.48203125 0.0125 0.0640625
9 0.01328125 0.484375 0.0265625 0.06875
2 0.021875 0.5109375 0.04375 0.121875
6 0.16171875 0.51796875 0.0984375 0.1359375
1 0.32421875 0.52734375 0.0953125 0.1546875
1 0.4109375 0.5234375 0.0875 0.146875
1 0.9125 0.6203125 0.175 0.340625
2 0.78125 0.6109375 0.121875 0.321875
0 0.821552662420688 0.7371319945894581 0.04211806733052796 0.08795453333863605
5 0.6140625 0.6125 0.18125 0.325