0 0.22536063182618626 0.40703787870292824 0.028370439695149584 0.04235112646343318
1 0.24846633371978025 0.3501429840891225 0.06640677088084708 0.13475679508134383
1 0.30702826746300155 0.3450151225546083 0.07749880698520055 0.1613829275949012
4 0.1907492824901162 0.3662128908031767 0.07274767447164336 0.15041815651766247
0 0.681761143631847 0.369024794295777 0.042451120413308986 0.04555793969514958
10 0.6353265051663615 0.31016287870292825 0.07760789129415606 0.1801329275949012
6 0.7023776497801671 0.2871162641433519 0.08549311416679295 0.19267837939029936
3 0.5765625 0.3296875 0.053125 0.184375
1 0.58125 0.3265625 0.0625 0.178125
1 0.7781361738824681 0.28365089655871334 0.09317834913967822 0.1708488311856975
5 0.06015625 0.77578125 0.1203125 0.2328125
5 0.3125 0.75234375 0.15 0.1859375
7 0.16875 0.7640625 0.175 0.209375
1 0.45078125 0.740625 0.1578125 0.1625
0 0.3885924057320954 0.7894781948615112 0.0631363251355733 0.1097386143631848
6 0.6890625 0.94140625 0.175 0.1171875
4 0.8859375 0.92578125 0.159375 0.1484375