4 0.1765625 0.11640625 0.1125 0.2328125
4 0.28515625 0.11015625 0.1078125 0.2203125
0 0.3449060304882991 0.17090755792491255 0.04687630642076392 0.06771475867281787
1 0.40546875 0.09140625 0.1203125 0.1828125
3 0.6480628256068058 0.2245694546069573 0.10109494699770849 0.24954656134627218
10 0.7662315973582989 0.23179051392427624 0.09342791736243079 0.2557056546785449
0 0.8214120194703824 0.35305643925050384 0.014789851823611144 0.031413632001908984
1 0.8702287663362502 0.23448770524350415 0.09964154977125013 0.25421588001272666
5 0.96875 0.24140625 0.0625 0.2890625
7 0.17109375 0.62734375 0.1234375 0.1953125
7 0.2796875 0.63359375 0.1125 0.2078125
0 0.33814688421177125 0.6998496232495494 0.03586607123840295 0.06446248933799978
1 0.39375 0.62890625 0.125 0.1984375
5 0.46953125 0.6234375 0.0390625 0.1875
2 0.5078125 0.89765625 0.0375 0.2046875
5 0.59375 0.8921875 0.13125 0.215625
4 0.73515625 0.88359375 0.1140625 0.2328125
1 0.865625 0.87734375 0.125 0.2453125
2 0.98515625 0.86953125 0.0296875 0.2609375