8 0.09921875 0.09296875 0.1578125 0.1859375
10 0.22265625 0.0984375 0.1671875 0.196875
0 0.30625 0.1210539890305908 0.053125 0.10029266587924912
1 0.36328125 0.08359375 0.1515625 0.1671875
3 0.65859375 0.39765625 0.2046875 0.2421875
9 0.82421875 0.390625 0.2046875 0.25625
8 0.94765625 0.38203125 0.1046875 0.2734375
3 0.1140625 0.57734375 0.10625 0.1171875
10 0.21640625 0.57421875 0.1015625 0.1109375
1 0.30859375 0.5796875 0.0953125 0.121875
1 0.39453125 0.575 0.0890625 0.1125
0 0.27578125 0.5828917901190499 0.0234375 0.03988095553496294
2 0.93828125 0.68515625 0.1234375 0.2984375
0 0.75859375 0.8431745256910796 0.0421875 0.07178571996293322
9 0.56171875 0.7727058021847675 0.165625 0.2854712524470706
1 0.80546875 0.718881364621154 0.1609375 0.2931200613400781
1 0.68515625 0.7441765197006298 0.1453125 0.28944942431676957