1 0.290625 0.0671875 0.1 0.134375
1 0.39765625 0.065625 0.1078125 0.13125
10 0.18359375 0.0671875 0.1046875 0.134375
7 0.06015625 0.0703125 0.1140625 0.140625
0 0.23671875 0.01953125 0.0421875 0.0390625
3 0.63828125 0.22890625 0.0859375 0.1015625
8 0.7609375 0.21171875 0.084375 0.1359375
7 0.8625 0.196875 0.075 0.165625
1 0.9640625 0.18828125 0.071875 0.1828125
5 0.1387100595192834 0.5640625 0.13622943325224207 0.31875
9 0.27775892398066393 0.56171875 0.13466693325224205 0.31875
6 0.394115177005726 0.553125 0.11438170432948098 0.3234375
1 0.475 0.55 0.028125 0.31875
0 0.46277933947531685 0.67265625 0.03953519867214013 0.08125
3 0.53671875 0.49765625 0.0953125 0.3765625
2 0.6503060896717086 0.47734375 0.1114566922292326 0.3578125
0 0.7003429719888741 0.61796875 0.03786361436318479 0.0625
1 0.7753379059284873 0.4828125 0.14420555971567522 0.346875
2 0.940068026439992 0.46328125 0.11763396935659536 0.3453125