1 0.24587817201154624 0.36421387757429774 0.15970057508545993 0.28498017912609297
1 0.3482075501456493 0.39515883192813417 0.16425168276559193 0.2804563702330857
10 0.14106865155757511 0.337874577666965 0.16287103919208262 0.2866518065307547
7 0.053125 0.31484375 0.10625 0.3015625
0 0.15788041534762867 0.4588964057972661 0.05875052586424747 0.08790179328391083
10 0.7242866653476285 0.5068055938242157 0.21165553167023524 0.3539137176006804
5 0.8703125 0.53046875 0.196875 0.3171875
0 0.8953125 0.6609375 0.075 0.05625
1 0.94765625 0.540625 0.1046875 0.296875
3 0.0375 0.88671875 0.075 0.2265625
1 0.125 0.89375 0.153125 0.2125
3 0.24921875 0.9078125 0.1359375 0.184375
1 0.36171875 0.92265625 0.1296875 0.1546875
1 0.47578125 0.92890625 0.1453125 0.1421875
3 0.6484375 0.81953125 0.1375 0.2609375
2 0.796875 0.8296875 0.23125 0.28125
8 0.91015625 0.84453125 0.1796875 0.3109375
0 0.95859375 0.9578125 0.0765625 0.084375