2 0.028125 0.06484375 0.05625 0.1296875
8 0.09609375 0.06640625 0.1046875 0.1328125
6 0.20390625 0.07578125 0.0953125 0.1515625
0 0.24222139978016716 0.11387435108272141 0.03941702400410509 0.06207410266556703
1 0.31015625 0.0953125 0.1234375 0.190625
1 0.41953125 0.08671875 0.1265625 0.1734375
3 0.64453125 0.0984375 0.1671875 0.196875
5 0.80546875 0.09609375 0.1703125 0.1921875
0 0.87109375 0.04609375 0.0453125 0.0921875
1 0.94765625 0.096875 0.1046875 0.19375
5 0.44453125 0.73359375 0.1109375 0.3234375
7 0.32364359572183277 0.7260741373718101 0.14245216217500314 0.3181542695960413
3 0.1955231409013726 0.73058344411487 0.1330498910977643 0.3131939849563052
0 0.49140625 0.8453125 0.0171875 0.084375
5 0.8699555143397436 0.7488524078257812 0.15979419827935662 0.34521687476889085
9 0.96875 0.73203125 0.0625 0.2984375