8 0.18015309337114555 0.25871450446531224 0.14466441546256972 0.311012848023889
7 0.3000648966577774 0.30667726614881907 0.16519512100965308 0.3208606267092362
1 0.428125 0.33671875 0.165625 0.2859375
1 0.55546875 0.35703125 0.1640625 0.2453125
0 0.3296770486338884 0.44341354673402733 0.032377395326597204 0.04916485182361115
3 0.7015625 0.1 0.125 0.2
4 0.80234375 0.096875 0.2265625 0.19375
7 0.9203125 0.09453125 0.159375 0.1890625
0 0.9765625 0.14921875 0.046875 0.0984375
5 0.13359375 0.6328125 0.1734375 0.30625
6 0.2875 0.64609375 0.175 0.3328125
0 0.31116147834541613 0.8033873055677427 0.06311955547083344 0.09516833605604162
1 0.4367998708222219 0.6724074496600689 0.19888044319798653 0.3591243461240278
1 0.5625 0.7171875 0.153125 0.365625
0 0.8587995445498258 0.7262422708984717 0.06915134992375016 0.08593880642076393
5 0.71875 0.61953125 0.159375 0.2796875
1 0.8234375 0.62109375 0.18125 0.2828125
1 0.925 0.64765625 0.15 0.3359375