8 0.10425849109914331 0.16936542862827447 0.14356154935917864 0.30935791335136287
7 0.23531751814098537 0.16236944661045713 0.16420143157316378 0.3189692706874537
1 0.37109375 0.15234375 0.1640625 0.3046875
1 0.50546875 0.14375 0.1640625 0.2875
0 0.3266915410064762 0.27228879193191224 0.03294147477225664 0.04880112667090888
4 0.9265625 0.1609375 0.146875 0.321875
4 0.09140625 0.56171875 0.1828125 0.3265625
6 0.209375 0.53125 0.19375 0.303125
0 0.2996850969042587 0.6265393925843675 0.07046132213985139 0.09453179734245402
1 0.3390625 0.51953125 0.19375 0.2796875
2 0.4734375 0.4921875 0.1625 0.225
0 0.8377852976298981 0.7051178312380953 0.081889895460829 0.1087215666772721
8 0.89921875 0.5515625 0.2015625 0.34375
1 0.76015625 0.565625 0.1828125 0.371875
10 0.73203125 0.5953125 0.1265625 0.428125
6 0.73046875 0.62578125 0.1234375 0.4328125