3 0.04765625 0.33828125 0.0953125 0.2265625
8 0.1457033985576385 0.2890625 0.13379834422416687 0.24375
7 0.24050805870187464 0.24375 0.12929268218006965 0.2515625
0 0.3173777235957635 0.33125 0.024237587005972117 0.034375
1 0.34530531468579834 0.20546875 0.1418654173624308 0.2546875
1 0.4407093868741317 0.16796875 0.12587674145062522 0.2390625
8 0.70625 0.12578125 0.16875 0.2515625
5 0.80234375 0.121875 0.1734375 0.24375
5 0.95546875 0.1015625 0.0890625 0.203125
10 0.9 0.115625 0.175 0.23125
3 0.0953125 0.75234375 0.190625 0.4953125
3 0.42421875 0.66953125 0.2734375 0.4203125
0 0.55078125 0.775 0.0765625 0.10625
1 0.52734375 0.63984375 0.1234375 0.3609375
1 0.24296875 0.69375 0.3046875 0.46875
6 0.71171875 0.771875 0.2453125 0.45625
1 0.875 0.7484375 0.25 0.503125