3 0.0328125 0.1828125 0.065625 0.228125
8 0.08276035926367635 0.19283622139558804 0.13345737386128267 0.2436420066836355
7 0.1873660137101801 0.19639812074313284 0.12753475607526782 0.2529442813494537
0 0.21387889529119306 0.31003390674726905 0.024637901451278844 0.034647720003181705
1 0.29708575409153326 0.2101799047580867 0.14170638347992953 0.2562329133513629
1 0.3921875 0.21953125 0.115625 0.2390625
1 0.8692310834029607 0.2801207821053134 0.2191815974524129 0.3727124360279987
2 0.96015625 0.32421875 0.0796875 0.3796875
8 0.7237474578123976 0.23856798675204152 0.21827386188038317 0.3914442546944533
2 0.608132381496195 0.21455722740290586 0.16734627894075854 0.364299952020999
0 0.7478967420258156 0.39750718208940494 0.07832838584218216 0.09618520401018138
4 0.18984375 0.71953125 0.2859375 0.2609375
7 0.359375 0.71015625 0.18125 0.2421875
0 0.42109375 0.7171875 0.0578125 0.11875
5 0.57578125 0.68125 0.2234375 0.184375
6 0.70625 0.7 0.196875 0.221875
0 0.7382737161651001 0.7638123400699968 0.07267858656782167 0.11329997867599957
1 0.84140625 0.71015625 0.1984375 0.2421875
1 0.93515625 0.7296875 0.1296875 0.28125