7 0.0296875 0.29609375 0.059375 0.1265625
7 0.06171875 0.2890625 0.1109375 0.140625
1 0.17578125 0.2921875 0.1234375 0.134375
5 0.2921875 0.290625 0.115625 0.1375
0 0.790625 0.040625 0.065625 0.08125
8 0.8984375 0.09609375 0.15625 0.1921875
1 0.71484375 0.09296875 0.1828125 0.1859375
10 0.559375 0.10234375 0.1875 0.2046875
6 0.49453125 0.10390625 0.0890625 0.2078125
1 0.08671875 0.79375 0.1734375 0.4125
1 0.26640625 0.7828125 0.2109375 0.434375
9 0.04921875 0.7859375 0.0984375 0.428125
7 0.0484375 0.7921875 0.096875 0.415625
0 0.015625 0.95625 0.03125 0.0875
2 0.47890625 0.58125 0.0578125 0.44375
9 0.50078125 0.559375 0.1015625 0.4
2 0.6078125 0.54609375 0.071875 0.3734375
0 0.6523076047124035 0.7099196598980931 0.05330800649282175 0.10090002678536117
1 0.77421875 0.55546875 0.2328125 0.3921875
1 0.9390625 0.50234375 0.121875 0.2859375