7 0.309375 0.3203125 0.13125 0.21875
7 0.4125 0.31953125 0.1125 0.2203125
6 0.52578125 0.128125 0.1140625 0.25625
1 0.575 0.14609375 0.2125 0.2921875
1 0.77890625 0.16328125 0.2296875 0.3265625
1 0.928125 0.17109375 0.14375 0.3421875
0 0.6519014131030436 0.25318337539781516 0.07813702335696497 0.10868520401018138
5 0.1078125 0.66875 0.215625 0.478125
1 0.28667591521461466 0.6659100947246792 0.21175848324044555 0.4601215293602715
1 0.41875 0.69609375 0.1 0.4828125
0 0.36782192979609096 0.8511668894016331 0.08733016693047428 0.10254429201145392
0 0.969452625956025 0.7394117767345423 0.023329851411925874 0.05025453866963616
6 0.8637589039318435 0.649930558720543 0.09612615690134448 0.19011701734563574
8 0.9445459026782024 0.6618043973981333 0.06924540815498563 0.1788704346753633
9 0.9875 0.6765625 0.025 0.19375