4 0.0546875 0.12421875 0.109375 0.2484375
4 0.12890625 0.11640625 0.1203125 0.2328125
5 0.565625 0.115625 0.09375 0.23125
5 0.57734375 0.09765625 0.1171875 0.1953125
7 0.5625 0.10625 0.0875 0.2125
1 0.6984375 0.0828125 0.159375 0.165625
1 0.82890625 0.0828125 0.1640625 0.165625
0 0.6364395670574311 0.14110030542291163 0.063483231382639 0.11114810015828454
0 0.43203125 0.97578125 0.0421875 0.0484375
1 0.46640625 0.87890625 0.1046875 0.2421875
7 0.3640625 0.87890625 0.11875 0.2421875
3 0.2609375 0.871875 0.134375 0.25625
3 0.1515625 0.87890625 0.11875 0.2421875
2 0.5328125 0.54453125 0.028125 0.0703125
2 0.52890625 0.5390625 0.0203125 0.059375
6 0.5328125 0.546875 0.028125 0.075
0 0.5296875 0.51640625 0.01875 0.0140625
1 0.55078125 0.54375 0.0609375 0.06875
1 0.60625 0.54375 0.05625 0.06875