3 0.42421875 0.134375 0.1515625 0.26875
3 0.0953125 0.1140625 0.190625 0.228125
3 0.29453125 0.11953125 0.1609375 0.2390625
0 0.47734375 0.221875 0.0453125 0.115625
2 0.5912719781371942 0.13000446304961838 0.0779987767345796 0.24865701196784737
2 0.7810884570599553 0.12973562537805608 0.08265900565734086 0.244078614741389
7 0.6701555022394953 0.1279347764042365 0.1139453670936593 0.2510559665650002
0 0.8128793334251926 0.22343172720166712 0.0379636083130606 0.08056032218833345
1 0.8717543636758137 0.13887619566652837 0.11544423458010193 0.24015483415618064
1 0.959375 0.13671875 0.08125 0.2390625
4 0.2390625 0.54453125 0.10625 0.1296875
2 0.43828125 0.53828125 0.0546875 0.1171875
2 0.00625 0.51171875 0.0125 0.0640625
9 0.01328125 0.51484375 0.0265625 0.0703125
2 0.18203125 0.540625 0.0484375 0.121875
6 0.3234375 0.54296875 0.1 0.1265625
1 0.4671875 0.53984375 0.065625 0.1203125
6 0.63984375 0.621875 0.1296875 0.284375
3 0.7796875 0.625 0.13125 0.290625
1 0.9246339239806639 0.6430545493900006 0.13302262002052528 0.3077423776591667
0 0.8329873003459012 0.7338776115103477 0.04258747579950324 0.06973192496187508