5 0.30616757275701423 0.2611047492441404 0.25807491166284746 0.41695333203372587
10 0.4015625 0.33046875 0.115625 0.4171875
3 0.13125 0.21484375 0.25 0.4296875
3 0.07109375 0.15859375 0.1421875 0.3171875
3 0.05625 0.19140625 0.1125 0.3828125
0 0.16912412727791715 0.3830444785964577 0.10439917211208342 0.1230567866804538
0 0.8871305512898615 0.16090475457514053 0.05984908510611113 0.08817270934118149
5 0.69375 0.096875 0.24375 0.19375
1 0.83671875 0.0953125 0.2296875 0.190625
1 0.946875 0.115625 0.10625 0.23125
5 0.0625 0.6359375 0.125 0.19375
2 0.04296875 0.6234375 0.0859375 0.16875
6 0.08515625 0.63203125 0.1703125 0.1859375
0 0.10237369158246583 0.6437905272517765 0.06613545269729179 0.0898079346753633
1 0.21796875 0.62890625 0.2171875 0.1796875
1 0.3578125 0.64765625 0.203125 0.2171875
2 0.5421875 0.7265625 0.165625 0.375
1 0.9421875 0.79765625 0.115625 0.4046875
1 0.8330028296908685 0.7614154739417753 0.22518967648048652 0.4134465240292714
5 0.659375 0.73671875 0.2375 0.3953125
0 0.8766288091736463 0.9234518499363666 0.09030030452090294 0.12133065467854501