2 0.2422172327333902 0.30968681938254317 0.03752831283893308 0.27385567067154515
8 0.3430666604264873 0.2991407653962244 0.07334763817089804 0.25396134134309045
6 0.450933702580965 0.29102027741086 0.07324764422102223 0.23677384134309049
0 0.5010559015476928 0.404892420751087 0.019013620413308986 0.045530676002545255
1 0.558723476683266 0.29618103942549573 0.08416696350286301 0.23377611067790854
2 0.66328125 0.32734375 0.0671875 0.5484375
9 0.6828125 0.3171875 0.10625 0.571875
1 0.7919677687395478 0.3286111840785873 0.20645207142313993 0.5742385733609078
1 0.95390625 0.31171875 0.0921875 0.5703125
0 0.66640625 0.53828125 0.0734375 0.1828125
1 0.51953125 0.859375 0.1265625 0.28125
1 0.609375 0.8640625 0.040625 0.271875
5 0.3859375 0.865625 0.11875 0.26875
7 0.25234375 0.86640625 0.1265625 0.2671875
3 0.12421875 0.87265625 0.1171875 0.2546875
0 0.4453125 0.97890625 0.04375 0.0421875
1 0.72578125 0.82265625 0.1921875 0.2859375
1 0.92109375 0.81796875 0.1578125 0.2765625
1 0.68828125 0.834375 0.1171875 0.309375
0 0.646875 0.92265625 0.034375 0.1421875
7 0.69296875 0.83984375 0.1265625 0.3203125