2 0.19636663474587382 0.2520659875300947 0.0970486479078998 0.2759834899708702
8 0.29833836251335527 0.26082957059962036 0.12786213828925294 0.2643927721033238
6 0.40591524953666386 0.27334027929596677 0.12257443756361344 0.24706887978345565
0 0.4335814364673052 0.3937520676966265 0.02825397477225664 0.04921038981258565
1 0.48125 0.296875 0.075 0.246875
4 0.59140625 0.240625 0.1453125 0.48125
8 0.58203125 0.2484375 0.1265625 0.465625
0 0.54140625 0.43515625 0.0453125 0.1234375
1 0.6453125 0.2734375 0.253125 0.496875
1 0.8344370644201209 0.29641876346084917 0.28868062031790365 0.48916075455234653
4 0.56796875 0.85 0.0984375 0.3
6 0.58984375 0.86015625 0.1421875 0.2796875
0 0.60703125 0.97734375 0.0703125 0.0453125
1 0.6953125 0.871875 0.19375 0.25625
2 0.840625 0.87578125 0.1625 0.2484375