4 0.10994333326704853 0.4845445330537503 0.1333055853755436 0.31395601006798624
4 0.22718537726768478 0.482584602392292 0.12089649204327077 0.32147756933854177
0 0.29627972792014 0.5889086439954171 0.040044292011453916 0.08528418977951394
3 0.35078650926959387 0.471395142095556 0.11915217870781625 0.3058162017473613
5 0.47351548460377557 0.4679999980032298 0.14871240937299818 0.2955696859797918
0 0.9209802832590943 0.4939968407087852 0.03982611600890866 0.06653418977951393
1 0.9578125 0.40625 0.084375 0.275
7 0.8603978666056846 0.39490407085715323 0.10766923870145284 0.25868662860909736
3 0.7572637759389119 0.39328505983923645 0.122059002705271 0.28713893692972225
3 0.659375 0.39375 0.08125 0.26875
9 0.7515625 0.9515625 0.125 0.096875
1 0.896875 0.953125 0.146875 0.09375