4 0.05 0.31796875 0.1 0.3171875
4 0.13712118745565452 0.33984375 0.1456317043294808 0.3234375
0 0.18175191052468315 0.45703125 0.04582156010845857 0.0875
3 0.26047687422393795 0.35390625 0.1424248910977642 0.309375
5 0.3814479043763631 0.375 0.17049534894328672 0.3
1 0.91875 0.42578125 0.146875 0.2078125
1 0.97421875 0.4328125 0.0515625 0.19375
8 0.79609375 0.4203125 0.1203125 0.21875
6 0.67109375 0.415625 0.1453125 0.228125
0 0.82421875 0.51953125 0.0484375 0.0203125
2 0.02578125 0.8515625 0.0515625 0.296875
5 0.040625 0.85703125 0.08125 0.2859375
4 0.1453125 0.86484375 0.1375 0.2703125
0 0.18671875 0.9890625 0.0671875 0.021875
1 0.27265625 0.871875 0.1484375 0.25625
2 0.428125 0.88203125 0.125 0.2359375
0 0.96015625 0.96953125 0.0546875 0.0609375
0 0.91640625 0.83515625 0.1609375 0.3296875
3 0.7820342325369984 0.82109375 0.17858055971567505 0.346875
3 0.63359375 0.8046875 0.1890625 0.34375