6 0.0328125 0.46328125 0.065625 0.2515625
4 0.05234375 0.46640625 0.1046875 0.2453125
5 0.16796875 0.45546875 0.1453125 0.2671875
10 0.29921875 0.45 0.1421875 0.278125
0 0.10859375 0.56796875 0.0578125 0.0421875
7 0.56875 0.22421875 0.11875 0.4484375
7 0.62890625 0.22109375 0.2140625 0.4421875
7 0.85078125 0.21171875 0.2109375 0.4234375
0 0.7462982381290619 0.3828890567313607 0.08281511284152784 0.13530224801081764
5 0.04921875 0.71953125 0.0984375 0.2609375
2 0.24453125 0.71171875 0.0671875 0.2453125
7 0.38046875 0.70703125 0.1546875 0.2359375
0 0.47415309403673567 0.8205350547421784 0.05548889342673622 0.10218066534054522
5 0.5421875 0.65078125 0.065625 0.1234375
1 0.5484375 0.65 0.078125 0.121875
1 0.6515625 0.653125 0.128125 0.128125
1 0.7734375 0.65234375 0.1375 0.1265625
0 0.5921875 0.61484375 0.0625 0.0515625