6 0.171875 0.2450120054767833 0.11875 0.2300177721033238
4 0.2625 0.26268758729266783 0.1078125 0.22188702335696497
5 0.3609375 0.26841709857543894 0.1296875 0.23346102084968248
10 0.4625 0.28968068164496463 0.128125 0.25216555674305996
0 0.29375 0.3625595551602142 0.0515625 0.07650031551854859
6 0.6421875 0.0703125 0.10625 0.140625
9 0.75625 0.06171875 0.115625 0.1234375
0 0.7890625 0.0328125 0.040625 0.065625
1 0.8796875 0.06953125 0.146875 0.1390625
3 0.03984375 0.64609375 0.0796875 0.1734375
10 0.09453125 0.64609375 0.1671875 0.1734375
8 0.221875 0.64140625 0.13125 0.1640625
0 0.25390625 0.58046875 0.0515625 0.0421875
1 0.34765625 0.6390625 0.1609375 0.159375
2 0.48671875 0.63046875 0.1328125 0.1421875
1 0.6203125 0.66640625 0.0625 0.2140625
1 0.6203125 0.6734375 0.0625 0.228125
1 0.63671875 0.6828125 0.0953125 0.246875
3 0.72578125 0.6934602141731296 0.1109375 0.2594779515702104
7 0.81796875 0.7110903318823916 0.1078125 0.25626202335696496
4 0.91328125 0.7317545213784079 0.09375 0.24335284639736088
1 0.971875 0.74765625 0.05625 0.2390625
0 0.93046875 0.8359419162055584 0.015625 0.03639214106622681