5 0.2551707089256768 0.2596504567154524 0.15644193930236625 0.30336245202099904
4 0.39065875703208286 0.20419189206713328 0.1297703549934109 0.2843033693507264
0 0.4546875 0.31171875 0.009375 0.0390625
4 0.51171875 0.36796875 0.1046875 0.1640625
1 0.51796875 0.36328125 0.1171875 0.1734375
1 0.66875 0.34140625 0.24375 0.2171875
1 0.8375 0.3265625 0.2125 0.246875
7 0.07109375 0.6625 0.1421875 0.425
7 0.08671875 0.64609375 0.1734375 0.3921875
7 0.2578125 0.62265625 0.259375 0.3453125
3 0.40234375 0.60546875 0.1140625 0.3109375
0 0.18422694985049048 0.758952117401315 0.09457722267624522 0.1432783800127268
5 0.53359375 0.6703125 0.1484375 0.33125
10 0.6426217537124332 0.6456612293920883 0.1629010175611974 0.33937267735518084
0 0.7372115701656036 0.7709890407383604 0.07560905405833437 0.10556020401018137
1 0.7880706090986275 0.6239145934118145 0.18161465612487895 0.3333408533577263