2 0.0640625 0.0609375 0.05625 0.121875
9 0.15234375 0.06875 0.1203125 0.1375
8 0.2875 0.08359375 0.096875 0.1671875
0 0.31585031820168624 0.1567450605904126 0.02054884933607006 0.040861357336090795
1 0.3484375 0.09453125 0.040625 0.1890625
4 0.4171875 0.225 0.096875 0.45
10 0.4984375 0.2328125 0.2 0.434375
0 0.57421875 0.43125 0.0703125 0.0375
1 0.725 0.2453125 0.221875 0.409375
2 0.96328125 0.26796875 0.0734375 0.3640625
6 0.1501742794650541 0.7783500772995016 0.22279416802873567 0.4291260680299077
3 0.296875 0.80390625 0.14375 0.3921875
5 0.465625 0.5546875 0.15 0.209375
6 0.60390625 0.56484375 0.1296875 0.2296875
0 0.6501838907049808 0.6390217585932761 0.07401019262201594 0.09929202267663584
1 0.7390625 0.58359375 0.15 0.2671875
1 0.86328125 0.5875 0.1578125 0.275