2 0.2832775689502678 0.3831850523562018 0.08673443652651561 0.24357845048646745
9 0.3712322100164946 0.3660327341749827 0.1516607545523465 0.27438416558343126
8 0.48828125 0.34921875 0.0828125 0.2671875
7 0.71640625 0.48046875 0.1078125 0.0765625
7 0.79140625 0.478125 0.1046875 0.08125
7 0.86875 0.47109375 0.10625 0.0953125
8 0.94609375 0.4625 0.1078125 0.1125
5 0.07421875 0.7296875 0.1484375 0.421875
1 0.10234375 0.7171875 0.2046875 0.396875
1 0.23828125 0.67265625 0.2734375 0.3078125
1 0.40390625 0.67734375 0.2515625 0.3171875
0 0.17372306103270896 0.8024457467568844 0.08672241316955062 0.13582049756436804
8 0.5859375 0.796875 0.1125 0.40625
2 0.596875 0.740625 0.134375 0.415625
0 0.6758765944188039 0.9056798409126857 0.055625525864247474 0.08686480032431163
1 0.7390625 0.7171875 0.234375 0.396875
2 0.946875 0.67890625 0.10625 0.3203125