1 0.47578125 0.06484375 0.1015625 0.1296875
8 0.3921875 0.059375 0.10625 0.11875
6 0.315625 0.0515625 0.1125 0.103125
0 0.4174200259389119 0.0899637027573446 0.036464758672817864 0.04635817445232178
8 0.74296875 0.0828125 0.1390625 0.165625
3 0.83203125 0.07734375 0.1359375 0.1546875
3 0.9734375 0.071875 0.053125 0.14375
6 0.92578125 0.08515625 0.1328125 0.1703125
3 0.0265625 0.59921875 0.053125 0.2265625
8 0.02890625 0.5984375 0.0578125 0.24375
7 0.1075728586091845 0.5958727219576745 0.10289083203372584 0.2513472028238516
0 0.14690698392745788 0.7079922887298642 0.020712489337999785 0.03496603338609496
1 0.2184739959420936 0.6022256735278848 0.11542719470081657 0.2548359156768331
1 0.3200274052753208 0.6059620904583591 0.10118288136536221 0.23880173871722904
1 0.6359375 0.72890625 0.2125 0.5421875
1 0.8296875 0.75859375 0.271875 0.4828125
10 0.5890625 0.69765625 0.11875 0.5234375
4 0.596875 0.659375 0.134375 0.559375
0 0.55078125 0.91640625 0.0421875 0.1421875