2 0.021875 0.32890625 0.04375 0.2640625
8 0.04609375 0.30859375 0.0921875 0.2953125
8 0.14533721589940996 0.27421875 0.12039046086541702 0.271875
1 0.2545485617390975 0.2671875 0.1393586664125003 0.28125
3 0.3792387840036808 0.2203125 0.14539046086541701 0.271875
0 0.21824999866881978 0.3859375 0.027471689779513753 0.0390625
8 0.5984375 0.27890625 0.11875 0.4140625
8 0.609375 0.2578125 0.140625 0.434375
8 0.7325495412218753 0.2375 0.2159601468452088 0.4171875
7 0.884375 0.21875 0.23125 0.390625
0 0.6660374545002437 0.40078125 0.09389808320625015 0.140625
2 0.10078125 0.93515625 0.2015625 0.1296875
8 0.24453125 0.93359375 0.1890625 0.1328125
1 0.4 0.91875 0.21875 0.1625
1 0.4875 0.9046875 0.103125 0.190625
2 0.64921875 0.74375 0.1734375 0.2875
10 0.76953125 0.72421875 0.2390625 0.2484375
9 0.89921875 0.70859375 0.2015625 0.2171875