3 0.1359375 0.0640625 0.146875 0.128125
10 0.24375 0.08203125 0.14375 0.1640625
0 0.2543503935236454 0.1644189647794093 0.021076219414791632 0.03293067466803503
1 0.303125 0.09921875 0.071875 0.1984375
3 0.5767007850505206 0.3427177233636163 0.15818140159486135 0.285256764830723
3 0.703125 0.35859375 0.175 0.3015625
4 0.8375 0.375 0.146875 0.26875
1 0.93359375 0.38203125 0.1328125 0.2546875
0 0.04588393009277736 0.5549944886853184 0.050001306420763926 0.06746930113146803
2 0.03203125 0.57265625 0.0640625 0.1265625
3 0.046875 0.5859375 0.09375 0.153125
6 0.05390625 0.5734375 0.1078125 0.128125
1 0.134375 0.57265625 0.153125 0.1265625
1 0.21875 0.56640625 0.1375 0.1140625
8 0.62734375 0.6078125 0.2234375 0.196875
3 0.7671875 0.59921875 0.221875 0.1796875
0 0.788887741263194 0.6530092869881162 0.06929682028847246 0.09101588544042372
1 0.903125 0.609375 0.19375 0.2