3 0.025 0.2640625 0.05 0.25
10 0.0328125 0.27421875 0.065625 0.2296875
1 0.12109375 0.284375 0.1015625 0.209375
5 0.2375 0.2875 0.10625 0.203125
1 0.53125 0.26796875 0.1625 0.2421875
2 0.4578125 0.2625 0.05625 0.253125
2 0.70234375 0.29296875 0.1046875 0.1921875
1 0.8140625 0.29765625 0.146875 0.1828125
9 0.940625 0.30859375 0.11875 0.1609375
2 0.1890625 0.55234375 0.1375 0.3265625
8 0.33125 0.54921875 0.16875 0.3203125
2 0.5591717212762755 0.7109489569792891 0.10459987738699753 0.39705800649282175
8 0.7114336552753209 0.7206393770269472 0.1342146520528157 0.39132620373287813
4 0.8883592346037755 0.7596724236978109 0.1501850973901792 0.42128643912238156
0 0.945007581914413 0.9278826814084485 0.0650079293443632 0.08236821509696383