1 0.5008186347315137 0.23253529915470547 0.16085389812585582 0.2700804824490227
1 0.5984375 0.25625 0.140625 0.26875
6 0.39529004875899404 0.20058295401098586 0.1450015775927424 0.2618133413827959
8 0.31197744358614454 0.1809858563599837 0.14720057508545992 0.2837338054894186
0 0.4246856952354972 0.3255518617702601 0.057142561757624756 0.08596624373179385
2 0.71328125 0.13515625 0.0890625 0.2703125
10 0.72734375 0.15703125 0.1171875 0.3140625
7 0.72578125 0.175 0.1140625 0.35
0 0.68515625 0.3265625 0.0328125 0.09375
0 0.7640625 0.21796875 0.190625 0.3859375
7 0.26328125 0.7265625 0.2046875 0.234375
5 0.38359375 0.74296875 0.1734375 0.2671875
1 0.50546875 0.7515625 0.1765625 0.284375
2 0.61953125 0.7671875 0.0984375 0.315625
0 0.4190457975053528 0.8308327436652869 0.067063131037097 0.10498902837152997
3 0.70703125 0.70078125 0.0765625 0.1828125
1 0.70859375 0.72265625 0.0796875 0.2265625
7 0.7328125 0.73515625 0.128125 0.2515625
0 0.7540920504083467 0.8502730654520414 0.026136602665567034 0.03978992570596276
1 0.85 0.75859375 0.16875 0.2984375
2 0.98203125 0.81484375 0.0359375 0.2953125