1 0.41523827428140175 0.4742570522116226 0.1404504699126104 0.26327268052176755
1 0.5219058114284204 0.4861343626146688 0.13728000580598768 0.26169199980360813
6 0.30875259356087403 0.45612974180857646 0.12459814937949698 0.2553692769309713
8 0.2246731102539214 0.44646437119887583 0.1252801109788372 0.2788067769309713
0 0.3411666252976162 0.5770144135497453 0.05084709765100204 0.0830943011314682
7 0.7609375 0.2203125 0.1625 0.36875
8 0.9124913590002801 0.2418314133533535 0.1602294239901033 0.35243517447164335
0 0.946720291832379 0.4345683591968233 0.08672241316955062 0.13485678903121984
2 0.1796875 0.74765625 0.071875 0.2359375
9 0.26640625 0.7625 0.1359375 0.265625
8 0.4007605856433152 0.8008109827333902 0.1108084340192331 0.26466246369925484
0 0.41913484943336876 0.9209962177062755 0.02305706677218975 0.04075226502711473
1 0.4992746419906636 0.8244524949318344 0.13277436223247854 0.2679147287263694
1 0.61328125 0.85859375 0.1328125 0.2671875
4 0.7234375 0.72421875 0.0875 0.1890625
7 0.74296875 0.72265625 0.1265625 0.1859375
0 0.7739109291376822 0.6797763200674077 0.0633016335443795 0.08160452400410509
1 0.89453125 0.71875 0.1765625 0.178125